61
9e-06 0 0
0 0 1
9061.8 2.2639e+11 16783
1.5e-05 0 0
0 0 1
9061 1.38749e+11 0
2.4e-05 0 0
0 0 1
9061 6.56177e+10 0
4e-05 0 0
0 0 1
9061 1.82484e+10 0
6.5e-05 0 0
0 0 1
9061 1.9887e+09 0
0.000107 0 0
0 0 1
9061 8.51432e+08 0
0.000176 0 0
0 0 1
9061 6.79136e+08 0
0.000289 0 0
0 0 1
9061 6.91069e+06 0
0.000475 0 0
0 0 1
9061 -7.2467e+08 0
0.00078 0 0
0 0 1
9061 -2.05882e+08 0
1.2e-05 0 0
0 0 1
9065.27 1.75598e+11 11842
1.9e-05 0 0
0 0 1
9061 9.93865e+10 0
3.1e-05 0 0
0 0 1
9061 3.86417e+10 0
5.1e-05 0 0
0 0 1
9061 6.21107e+09 0
8.4e-05 0 0
0 0 1
9061 -2.81758e+07 0
0.000138 0 0
0 0 1
9061 1.11689e+08 0
0.000226 0 0
0 0 1
9061 -1.39727e+09 0
0.000371 0 0
0 0 1
9061 6.63064e+08 0
0.000609 0 0
0 0 1
9061 3.13987e+08 0
0.001 0 0
0 0 1
9061 -7.12845e+08 0
-1 0 0
