613
1 0 0
0 0 1
1 4.30707e+08 0
2 0 0
0 0 1
1 4.28213e+08 0
3 0 0
0 0 1
1 4.26957e+08 0
4 0 0
0 0 1
1 4.26395e+08 0
5 0 0
0 0 1
1 4.25507e+08 0
6 0 0
0 0 1
1 4.24332e+08 0
7 0 0
0 0 1
1 4.23361e+08 0
8 0 0
0 0 1
1 4.22235e+08 0
9 0 0
0 0 1
1 4.20138e+08 0
10 0 0
0 0 1
1 4.17015e+08 0
11 0 0
0 0 1
1 4.13344e+08 0
12 0 0
0 0 1
1 4.0904e+08 0
13 0 0
0 0 1
1 4.0386e+08 0
14 0 0
0 0 1
1 3.98948e+08 0
15 0 0
0 0 1
1 3.965e+08 0
16 0 0
0 0 1
1 3.97078e+08 0
17 0 0
0 0 1
1 3.98168e+08 0
18 0 0
0 0 1
1 3.96526e+08 0
19 0 0
0 0 1
1 3.91674e+08 0
20 0 0
0 0 1
1 3.86155e+08 0
21 0 0
0 0 1
1 3.82459e+08 0
22 0 0
0 0 1
1 3.80612e+08 0
23 0 0
0 0 1
1 3.78953e+08 0
24 0 0
0 0 1
1 3.7639e+08 0
25 0 0
0 0 1
1 3.73212e+08 0
26 0 0
0 0 1
1 3.70143e+08 0
27 0 0
0 0 1
1 3.67333e+08 0
28 0 0
0 0 1
1 3.64412e+08 0
29 0 0
0 0 1
1 3.61075e+08 0
30 0 0
0 0 1
1 3.57383e+08 0
31 0 0
0 0 1
1 3.53608e+08 0
32 0 0
0 0 1
1 3.4998e+08 0
33 0 0
0 0 1
1 3.46611e+08 0
34 0 0
0 0 1
1 3.43614e+08 0
35 0 0
0 0 1
1 3.41182e+08 0
36 0 0
0 0 1
1 3.3945e+08 0
37 0 0
0 0 1
1 3.38211e+08 0
38 0 0
0 0 1
1 3.36862e+08 0
39 0 0
0 0 1
1 3.34714e+08 0
40 0 0
0 0 1
1 3.31401e+08 0
41 0 0
0 0 1
1 3.27097e+08 0
42 0 0
0 0 1
1 3.22433e+08 0
43 0 0
0 0 1
1 3.18177e+08 0
44 0 0
0 0 1
1 3.14764e+08 0
45 0 0
0 0 1
1 3.1205e+08 0
46 0 0
0 0 1
1 3.09622e+08 0
47 0 0
0 0 1
1 3.07363e+08 0
48 0 0
0 0 1
1 3.05457e+08 0
49 0 0
0 0 1
1 3.03789e+08 0
50 0 0
0 0 1
1 3.01679e+08 0
51 0 0
0 0 1
1 2.98622e+08 0
52 0 0
0 0 1
1 2.95085e+08 0
53 0 0
0 0 1
1 2.92134e+08 0
54 0 0
0 0 1
1 2.90238e+08 0
55 0 0
0 0 1
1 2.88865e+08 0
56 0 0
0 0 1
1 2.87342e+08 0
57 0 0
0 0 1
1 2.85661e+08 0
58 0 0
0 0 1
1 2.84159e+08 0
59 0 0
0 0 1
1 2.82838e+08 0
60 0 0
0 0 1
1 2.81464e+08 0
61 0 0
0 0 1
1 2.80107e+08 0
62 0 0
0 0 1
1 2.79021e+08 0
63 0 0
0 0 1
1 2.78027e+08 0
64 0 0
0 0 1
1 2.76519e+08 0
65 0 0
0 0 1
1 2.74227e+08 0
66 0 0
0 0 1
1 2.71496e+08 0
67 0 0
0 0 1
1 2.68602e+08 0
68 0 0
0 0 1
1 2.65281e+08 0
69 0 0
0 0 1
1 2.6138e+08 0
70 0 0
0 0 1
1 2.57697e+08 0
71 0 0
0 0 1
1 2.55507e+08 0
72 0 0
0 0 1
1 2.55136e+08 0
73 0 0
0 0 1
1 2.55339e+08 0
74 0 0
0 0 1
1 2.54277e+08 0
75 0 0
0 0 1
1 2.50974e+08 0
76 0 0
0 0 1
1 2.4593e+08 0
77 0 0
0 0 1
1 2.40758e+08 0
78 0 0
0 0 1
1 2.37302e+08 0
79 0 0
0 0 1
1 2.36556e+08 0
80 0 0
0 0 1
1 2.37808e+08 0
81 0 0
0 0 1
1 2.38939e+08 0
82 0 0
0 0 1
1 2.38075e+08 0
83 0 0
0 0 1
1 2.35169e+08 0
84 0 0
0 0 1
1 2.31801e+08 0
85 0 0
0 0 1
1 2.294e+08 0
86 0 0
0 0 1
1 2.27928e+08 0
87 0 0
0 0 1
1 2.26342e+08 0
88 0 0
0 0 1
1 2.23973e+08 0
89 0 0
0 0 1
1 2.21168e+08 0
90 0 0
0 0 1
1 2.18784e+08 0
91 0 0
0 0 1
1 2.17391e+08 0
92 0 0
0 0 1
1 2.16892e+08 0
93 0 0
0 0 1
1 2.16607e+08 0
94 0 0
0 0 1
1 2.15676e+08 0
95 0 0
0 0 1
1 2.13621e+08 0
96 0 0
0 0 1
1 2.10627e+08 0
97 0 0
0 0 1
1 2.07168e+08 0
98 0 0
0 0 1
1 2.03502e+08 0
99 0 0
0 0 1
1 1.99805e+08 0
100 0 0
0 0 1
1 1.96723e+08 0
101 0 0
0 0 1
1 1.95176e+08 0
102 0 0
0 0 1
1 1.95283e+08 0
103 0 0
0 0 1
1 1.95898e+08 0
104 0 0
0 0 1
1 1.95719e+08 0
105 0 0
0 0 1
1 1.94563e+08 0
106 0 0
0 0 1
1 1.93008e+08 0
107 0 0
0 0 1
1 1.91043e+08 0
108 0 0
0 0 1
1 1.8807e+08 0
109 0 0
0 0 1
1 1.84441e+08 0
110 0 0
0 0 1
1 1.81936e+08 0
111 0 0
0 0 1
1 1.81787e+08 0
112 0 0
0 0 1
1 1.82769e+08 0
113 0 0
0 0 1
1 1.82318e+08 0
114 0 0
0 0 1
1 1.7949e+08 0
115 0 0
0 0 1
1 1.75846e+08 0
116 0 0
0 0 1
1 1.73194e+08 0
117 0 0
0 0 1
1 1.7147e+08 0
118 0 0
0 0 1
1 1.69477e+08 0
119 0 0
0 0 1
1 1.66957e+08 0
120 0 0
0 0 1
1 1.64906e+08 0
121 0 0
0 0 1
1 1.64075e+08 0
122 0 0
0 0 1
1 1.64042e+08 0
123 0 0
0 0 1
1 1.63851e+08 0
124 0 0
0 0 1
1 1.6289e+08 0
125 0 0
0 0 1
1 1.61023e+08 0
126 0 0
0 0 1
1 1.58502e+08 0
127 0 0
0 0 1
1 1.55989e+08 0
128 0 0
0 0 1
1 1.54082e+08 0
129 0 0
0 0 1
1 1.52538e+08 0
130 0 0
0 0 1
1 1.50567e+08 0
131 0 0
0 0 1
1 1.48268e+08 0
132 0 0
0 0 1
1 1.47028e+08 0
133 0 0
0 0 1
1 1.47779e+08 0
134 0 0
0 0 1
1 1.49378e+08 0
135 0 0
0 0 1
1 1.49705e+08 0
136 0 0
0 0 1
1 1.48161e+08 0
137 0 0
0 0 1
1 1.46049e+08 0
138 0 0
0 0 1
1 1.44443e+08 0
139 0 0
0 0 1
1 1.42914e+08 0
140 0 0
0 0 1
1 1.40883e+08 0
141 0 0
0 0 1
1 1.39114e+08 0
142 0 0
0 0 1
1 1.38785e+08 0
143 0 0
0 0 1
1 1.39645e+08 0
144 0 0
0 0 1
1 1.40286e+08 0
145 0 0
0 0 1
1 1.40053e+08 0
146 0 0
0 0 1
1 1.39576e+08 0
147 0 0
0 0 1
1 1.39236e+08 0
148 0 0
0 0 1
1 1.3825e+08 0
149 0 0
0 0 1
1 1.35822e+08 0
150 0 0
0 0 1
1 1.32413e+08 0
151 0 0
0 0 1
1 1.29101e+08 0
152 0 0
0 0 1
1 1.26232e+08 0
153 0 0
0 0 1
1 1.2355e+08 0
154 0 0
0 0 1
1 1.21358e+08 0
155 0 0
0 0 1
1 1.20546e+08 0
156 0 0
0 0 1
1 1.21265e+08 0
157 0 0
0 0 1
1 1.22302e+08 0
158 0 0
0 0 1
1 1.22242e+08 0
159 0 0
0 0 1
1 1.20942e+08 0
160 0 0
0 0 1
1 1.19527e+08 0
161 0 0
0 0 1
1 1.19113e+08 0
162 0 0
0 0 1
1 1.19737e+08 0
163 0 0
0 0 1
1 1.20431e+08 0
164 0 0
0 0 1
1 1.20243e+08 0
165 0 0
0 0 1
1 1.19274e+08 0
166 0 0
0 0 1
1 1.1869e+08 0
167 0 0
0 0 1
1 1.19403e+08 0
168 0 0
0 0 1
1 1.20745e+08 0
169 0 0
0 0 1
1 1.2086e+08 0
170 0 0
0 0 1
1 1.18627e+08 0
171 0 0
0 0 1
1 1.14769e+08 0
172 0 0
0 0 1
1 1.10804e+08 0
173 0 0
0 0 1
1 1.07464e+08 0
174 0 0
0 0 1
1 1.04746e+08 0
175 0 0
0 0 1
1 1.03083e+08 0
176 0 0
0 0 1
1 1.03333e+08 0
177 0 0
0 0 1
1 1.05397e+08 0
178 0 0
0 0 1
1 1.07712e+08 0
179 0 0
0 0 1
1 1.08699e+08 0
180 0 0
0 0 1
1 1.08177e+08 0
181 0 0
0 0 1
1 1.06803e+08 0
182 0 0
0 0 1
1 1.04643e+08 0
183 0 0
0 0 1
1 1.01193e+08 0
184 0 0
0 0 1
1 9.67704e+07 0
185 0 0
0 0 1
1 9.29446e+07 0
186 0 0
0 0 1
1 9.11524e+07 0
187 0 0
0 0 1
1 9.13414e+07 0
188 0 0
0 0 1
1 9.23654e+07 0
189 0 0
0 0 1
1 9.33497e+07 0
190 0 0
0 0 1
1 9.41716e+07 0
191 0 0
0 0 1
1 9.48104e+07 0
192 0 0
0 0 1
1 9.48912e+07 0
193 0 0
0 0 1
1 9.41325e+07 0
194 0 0
0 0 1
1 9.28769e+07 0
195 0 0
0 0 1
1 9.17789e+07 0
196 0 0
0 0 1
1 9.10063e+07 0
197 0 0
0 0 1
1 9.00944e+07 0
198 0 0
0 0 1
1 8.8757e+07 0
199 0 0
0 0 1
1 8.75805e+07 0
200 0 0
0 0 1
1 8.746e+07 0
201 0 0
0 0 1
1 8.82532e+07 0
202 0 0
0 0 1
1 8.84933e+07 0
203 0 0
0 0 1
1 8.69935e+07 0
204 0 0
0 0 1
1 8.45832e+07 0
-1 0 0
