82
1e-05 0 0
0 0 1
8841 -1.71361e+11 0
1.6e-05 0 0
0 0 1
8841 -1.66798e+11 0
2.6e-05 0 0
0 0 1
8841 -1.60516e+11 0
4.3e-05 0 0
0 0 1
8841 -1.50185e+11 0
7e-05 0 0
0 0 1
8841 -1.35467e+11 0
0.000113 0 0
0 0 1
8841 -1.14388e+11 0
0.000183 0 0
0 0 1
8841 -8.61382e+10 0
0.000298 0 0
0 0 1
8841 -4.74074e+10 0
0.000483 0 0
0 0 1
8841 1.26501e+08 0
0.000785 0 0
0 0 1
8841 5.35971e+10 0
1.3e-05 0 0
0 0 1
8842.23 -1.67875e+11 9801
2.1e-05 0 0
0 0 1
8841 -1.62859e+11 0
3.4e-05 0 0
0 0 1
8841 -1.55017e+11 0
5.5e-05 0 0
0 0 1
8841 -1.42923e+11 0
8.9e-05 0 0
0 0 1
8841 -1.25852e+11 0
0.000144 0 0
0 0 1
8841 -1.01333e+11 0
0.000234 0 0
0 0 1
8841 -6.78452e+10 0
0.000379 0 0
0 0 1
8841 -2.49422e+10 0
0.000616 0 0
0 0 1
8841 2.67294e+10 0
0.001 0 0
0 0 1
8841 8.10197e+10 0
0.002 0 0
0 0 1
8841 1.52417e+11 0
0.004 0 0
0 0 1
8841 2.01699e+11 0
0.008 0 0
0 0 1
8841 2.26168e+11 0
0.016 0 0
0 0 1
8841 2.33548e+11 0
0.032 0 0
0 0 1
8841 2.35244e+11 0
0.064 0 0
0 0 1
8841 2.34474e+11 0
0.128 0 0
0 0 1
8841 2.35167e+11 0
-1 0 0
