82
1e-05 0 0
0 0 1
8841 0 0
1.6e-05 0 0
0 0 1
8841 0 0
2.6e-05 0 0
0 0 1
8841 0 0
4.3e-05 0 0
0 0 1
8841 0 0
7e-05 0 0
0 0 1
8841 0 0
0.000113 0 0
0 0 1
8841 0 0
0.000183 0 0
0 0 1
8841 0 0
0.000298 0 0
0 0 1
8841 0 0
0.000483 0 0
0 0 1
8841 0 0
0.000785 0 0
0 0 1
8841 0 0
1.3e-05 0 0
0 0 1
8842.23 -2.25978e+08 9801
2.1e-05 0 0
0 0 1
8841 0 0
3.4e-05 0 0
0 0 1
8841 0 0
5.5e-05 0 0
0 0 1
8841 0 0
8.9e-05 0 0
0 0 1
8841 0 0
0.000144 0 0
0 0 1
8841 0 0
0.000234 0 0
0 0 1
8841 0 0
0.000379 0 0
0 0 1
8841 0 0
0.000616 0 0
0 0 1
8841 0 0
0.001 0 0
0 0 1
8841 0 0
0.002 0 0
0 0 1
8841 0 0
0.004 0 0
0 0 1
8841 0 0
0.008 0 0
0 0 1
8841 0 0
0.016 0 0
0 0 1
8841 0 0
0.032 0 0
0 0 1
8841 0 0
0.064 0 0
0 0 1
8841 0 0
0.128 0 0
0 0 1
8841 0 0
-1 0 0
