SIMFIT RESULTS
==============

Dataset : /opt/topspin3.5pl6/data/e3b/joachim/87Rb-CRN/3/pdata/992/ct1t2.txt

INTENSITY fit : Exponential decay (T2 or T1rho) : I[t]=I[0]*exp(-t/T)

1362 points for Peak 1

Converged after 10000 iterations!

Results     Comp. 1       Comp. 2    

I[0]  =    4.668e-01     1.054e+00  
T     =      31.459m      810.331s  

RSS   =    4.129e-01
SD    =    1.741e-02

Point       Tau          Expt          Calc       Difference

    1       1.000s     1.000e+00     1.053e+00    5.259e-02
    2       2.000s     9.992e-01     1.051e+00    5.210e-02
    3       3.000s     9.984e-01     1.050e+00    5.161e-02
    4       4.000s     9.976e-01     1.049e+00    5.112e-02
    5       5.000s     9.968e-01     1.047e+00    5.064e-02
    6       6.000s     9.960e-01     1.046e+00    5.016e-02
    7       7.000s     9.951e-01     1.045e+00    4.969e-02
    8       8.000s     9.943e-01     1.044e+00    4.921e-02
    9       9.000s     9.935e-01     1.042e+00    4.875e-02
   10      10.000s     9.927e-01     1.041e+00    4.828e-02
   11      11.000s     9.919e-01     1.040e+00    4.782e-02
   12      12.000s     9.910e-01     1.038e+00    4.736e-02
   13      13.000s     9.902e-01     1.037e+00    4.690e-02
   14      14.000s     9.894e-01     1.036e+00    4.644e-02
   15      15.000s     9.886e-01     1.035e+00    4.599e-02
   16      16.000s     9.877e-01     1.033e+00    4.554e-02
   17      17.000s     9.869e-01     1.032e+00    4.509e-02
   18      18.000s     9.861e-01     1.031e+00    4.465e-02
   19      19.000s     9.853e-01     1.029e+00    4.421e-02
   20      20.000s     9.844e-01     1.028e+00    4.376e-02
   21      21.000s     9.836e-01     1.027e+00    4.332e-02
   22      22.000s     9.828e-01     1.026e+00    4.289e-02
   23      23.000s     9.819e-01     1.024e+00    4.245e-02
   24      24.000s     9.811e-01     1.023e+00    4.202e-02
   25      25.000s     9.803e-01     1.022e+00    4.159e-02
   26      26.000s     9.795e-01     1.021e+00    4.116e-02
   27      27.000s     9.786e-01     1.019e+00    4.073e-02
   28      28.000s     9.778e-01     1.018e+00    4.030e-02
   29      29.000s     9.770e-01     1.017e+00    3.988e-02
   30      30.000s     9.761e-01     1.016e+00    3.946e-02
   31      31.000s     9.753e-01     1.014e+00    3.903e-02
   32      32.000s     9.745e-01     1.013e+00    3.862e-02
   33      33.000s     9.736e-01     1.012e+00    3.820e-02
   34      34.000s     9.728e-01     1.011e+00    3.779e-02
   35      35.000s     9.720e-01     1.009e+00    3.737e-02
   36      36.000s     9.711e-01     1.008e+00    3.696e-02
   37      37.000s     9.703e-01     1.007e+00    3.655e-02
   38      38.000s     9.695e-01     1.006e+00    3.615e-02
   39      39.000s     9.686e-01     1.004e+00    3.574e-02
   40      40.000s     9.678e-01     1.003e+00    3.534e-02
   41      41.000s     9.670e-01     1.002e+00    3.494e-02
   42      42.000s     9.661e-01     1.001e+00    3.454e-02
   43      43.000s     9.653e-01     9.994e-01    3.414e-02
   44      44.000s     9.645e-01     9.982e-01    3.374e-02
   45      45.000s     9.636e-01     9.970e-01    3.335e-02
   46      46.000s     9.628e-01     9.957e-01    3.295e-02
   47      47.000s     9.619e-01     9.945e-01    3.256e-02
   48      48.000s     9.611e-01     9.933e-01    3.216e-02
   49      49.000s     9.603e-01     9.921e-01    3.177e-02
   50      50.000s     9.594e-01     9.908e-01    3.138e-02
   51      51.000s     9.586e-01     9.896e-01    3.099e-02
   52      52.000s     9.578e-01     9.884e-01    3.060e-02
   53      53.000s     9.570e-01     9.872e-01    3.022e-02
   54      54.000s     9.561e-01     9.859e-01    2.983e-02
   55      55.000s     9.553e-01     9.847e-01    2.945e-02
   56      56.000s     9.545e-01     9.835e-01    2.906e-02
   57      57.000s     9.536e-01     9.823e-01    2.868e-02
   58      58.000s     9.528e-01     9.811e-01    2.830e-02
   59      59.000s     9.520e-01     9.799e-01    2.793e-02
   60      60.000s     9.511e-01     9.787e-01    2.755e-02
   61      61.000s     9.503e-01     9.775e-01    2.718e-02
   62      62.000s     9.494e-01     9.763e-01    2.681e-02
   63      63.000s     9.486e-01     9.751e-01    2.645e-02
   64      64.000s     9.478e-01     9.739e-01    2.609e-02
   65      65.000s     9.469e-01     9.727e-01    2.573e-02
   66      66.000s     9.461e-01     9.715e-01    2.538e-02
   67      67.000s     9.452e-01     9.703e-01    2.503e-02
   68      68.000s     9.444e-01     9.691e-01    2.469e-02
   69      69.000s     9.435e-01     9.679e-01    2.435e-02
   70      70.000s     9.427e-01     9.667e-01    2.402e-02
   71      71.000s     9.418e-01     9.655e-01    2.369e-02
   72      72.000s     9.409e-01     9.643e-01    2.336e-02
   73      73.000s     9.401e-01     9.631e-01    2.304e-02
   74      74.000s     9.392e-01     9.619e-01    2.273e-02
   75      75.000s     9.383e-01     9.607e-01    2.241e-02
   76      76.000s     9.374e-01     9.595e-01    2.211e-02
   77      77.000s     9.366e-01     9.584e-01    2.180e-02
   78      78.000s     9.357e-01     9.572e-01    2.151e-02
   79      79.000s     9.348e-01     9.560e-01    2.121e-02
   80      80.000s     9.339e-01     9.548e-01    2.092e-02
   81      81.000s     9.330e-01     9.536e-01    2.063e-02
   82      82.000s     9.321e-01     9.525e-01    2.034e-02
   83      83.000s     9.312e-01     9.513e-01    2.006e-02
   84      84.000s     9.303e-01     9.501e-01    1.978e-02
   85      85.000s     9.294e-01     9.489e-01    1.950e-02
   86      86.000s     9.286e-01     9.478e-01    1.922e-02
   87      87.000s     9.277e-01     9.466e-01    1.894e-02
   88      88.000s     9.268e-01     9.454e-01    1.866e-02
   89      89.000s     9.259e-01     9.443e-01    1.838e-02
   90      90.000s     9.250e-01     9.431e-01    1.810e-02
   91      91.000s     9.241e-01     9.419e-01    1.782e-02
   92      92.000s     9.232e-01     9.408e-01    1.755e-02
   93      93.000s     9.224e-01     9.396e-01    1.727e-02
   94      94.000s     9.215e-01     9.385e-01    1.699e-02
   95      95.000s     9.206e-01     9.373e-01    1.671e-02
   96      96.000s     9.197e-01     9.361e-01    1.643e-02
   97      97.000s     9.188e-01     9.350e-01    1.615e-02
   98      98.000s     9.180e-01     9.338e-01    1.587e-02
   99      99.000s     9.171e-01     9.327e-01    1.558e-02
  100     100.000s     9.162e-01     9.315e-01    1.530e-02
  101     101.000s     9.154e-01     9.304e-01    1.502e-02
  102     102.000s     9.145e-01     9.292e-01    1.474e-02
  103     103.000s     9.136e-01     9.281e-01    1.445e-02
  104     104.000s     9.128e-01     9.270e-01    1.417e-02
  105     105.000s     9.119e-01     9.258e-01    1.389e-02
  106     106.000s     9.111e-01     9.247e-01    1.361e-02
  107     107.000s     9.102e-01     9.235e-01    1.333e-02
  108     108.000s     9.093e-01     9.224e-01    1.305e-02
  109     109.000s     9.085e-01     9.213e-01    1.277e-02
  110     110.000s     9.076e-01     9.201e-01    1.250e-02
  111     111.000s     9.068e-01     9.190e-01    1.222e-02
  112     112.000s     9.059e-01     9.178e-01    1.195e-02
  113     113.000s     9.050e-01     9.167e-01    1.168e-02
  114     114.000s     9.042e-01     9.156e-01    1.141e-02
  115     115.000s     9.033e-01     9.145e-01    1.115e-02
  116     116.000s     9.024e-01     9.133e-01    1.088e-02
  117     117.000s     9.016e-01     9.122e-01    1.062e-02
  118     118.000s     9.007e-01     9.111e-01    1.036e-02
  119     119.000s     8.998e-01     9.100e-01    1.011e-02
  120     120.000s     8.990e-01     9.088e-01    9.852e-03
  121     121.000s     8.981e-01     9.077e-01    9.600e-03
  122     122.000s     8.972e-01     9.066e-01    9.349e-03
  123     123.000s     8.964e-01     9.055e-01    9.101e-03
  124     124.000s     8.955e-01     9.044e-01    8.853e-03
  125     125.000s     8.946e-01     9.032e-01    8.607e-03
  126     126.000s     8.938e-01     9.021e-01    8.362e-03
  127     127.000s     8.929e-01     9.010e-01    8.117e-03
  128     128.000s     8.920e-01     8.999e-01    7.873e-03
  129     129.000s     8.912e-01     8.988e-01    7.629e-03
  130     130.000s     8.903e-01     8.977e-01    7.384e-03
  131     131.000s     8.894e-01     8.966e-01    7.140e-03
  132     132.000s     8.886e-01     8.955e-01    6.894e-03
  133     133.000s     8.877e-01     8.944e-01    6.648e-03
  134     134.000s     8.869e-01     8.933e-01    6.400e-03
  135     135.000s     8.860e-01     8.922e-01    6.152e-03
  136     136.000s     8.852e-01     8.911e-01    5.902e-03
  137     137.000s     8.843e-01     8.900e-01    5.650e-03
  138     138.000s     8.835e-01     8.889e-01    5.396e-03
  139     139.000s     8.826e-01     8.878e-01    5.141e-03
  140     140.000s     8.818e-01     8.867e-01    4.884e-03
  141     141.000s     8.810e-01     8.856e-01    4.626e-03
  142     142.000s     8.801e-01     8.845e-01    4.365e-03
  143     143.000s     8.793e-01     8.834e-01    4.103e-03
  144     144.000s     8.785e-01     8.823e-01    3.840e-03
  145     145.000s     8.776e-01     8.812e-01    3.575e-03
  146     146.000s     8.768e-01     8.801e-01    3.309e-03
  147     147.000s     8.760e-01     8.790e-01    3.042e-03
  148     148.000s     8.752e-01     8.780e-01    2.774e-03
  149     149.000s     8.744e-01     8.769e-01    2.506e-03
  150     150.000s     8.736e-01     8.758e-01    2.237e-03
  151     151.000s     8.727e-01     8.747e-01    1.968e-03
  152     152.000s     8.719e-01     8.736e-01    1.700e-03
  153     153.000s     8.711e-01     8.726e-01    1.433e-03
  154     154.000s     8.703e-01     8.715e-01    1.166e-03
  155     155.000s     8.695e-01     8.704e-01    9.010e-04
  156     156.000s     8.687e-01     8.693e-01    6.375e-04
  157     157.000s     8.679e-01     8.683e-01    3.760e-04
  158     158.000s     8.671e-01     8.672e-01    1.168e-04
  159     159.000s     8.663e-01     8.661e-01   -1.398e-04
  160     160.000s     8.654e-01     8.651e-01   -3.935e-04
  161     161.000s     8.646e-01     8.640e-01   -6.440e-04
  162     162.000s     8.638e-01     8.629e-01   -8.911e-04
  163     163.000s     8.630e-01     8.619e-01   -1.135e-03
  164     164.000s     8.622e-01     8.608e-01   -1.374e-03
  165     165.000s     8.613e-01     8.597e-01   -1.610e-03
  166     166.000s     8.605e-01     8.587e-01   -1.842e-03
  167     167.000s     8.597e-01     8.576e-01   -2.069e-03
  168     168.000s     8.589e-01     8.566e-01   -2.293e-03
  169     169.000s     8.580e-01     8.555e-01   -2.512e-03
  170     170.000s     8.572e-01     8.544e-01   -2.727e-03
  171     171.000s     8.563e-01     8.534e-01   -2.938e-03
  172     172.000s     8.555e-01     8.523e-01   -3.144e-03
  173     173.000s     8.546e-01     8.513e-01   -3.347e-03
  174     174.000s     8.538e-01     8.502e-01   -3.546e-03
  175     175.000s     8.529e-01     8.492e-01   -3.741e-03
  176     176.000s     8.521e-01     8.481e-01   -3.932e-03
  177     177.000s     8.512e-01     8.471e-01   -4.119e-03
  178     178.000s     8.504e-01     8.461e-01   -4.304e-03
  179     179.000s     8.495e-01     8.450e-01   -4.484e-03
  180     180.000s     8.486e-01     8.440e-01   -4.662e-03
  181     181.000s     8.478e-01     8.429e-01   -4.836e-03
  182     182.000s     8.469e-01     8.419e-01   -5.007e-03
  183     183.000s     8.460e-01     8.408e-01   -5.175e-03
  184     184.000s     8.452e-01     8.398e-01   -5.341e-03
  185     185.000s     8.443e-01     8.388e-01   -5.503e-03
  186     186.000s     8.434e-01     8.377e-01   -5.662e-03
  187     187.000s     8.425e-01     8.367e-01   -5.818e-03
  188     188.000s     8.416e-01     8.357e-01   -5.972e-03
  189     189.000s     8.408e-01     8.346e-01   -6.122e-03
  190     190.000s     8.399e-01     8.336e-01   -6.270e-03
  191     191.000s     8.390e-01     8.326e-01   -6.415e-03
  192     192.000s     8.381e-01     8.316e-01   -6.556e-03
  193     193.000s     8.372e-01     8.305e-01   -6.695e-03
  194     194.000s     8.363e-01     8.295e-01   -6.831e-03
  195     195.000s     8.355e-01     8.285e-01   -6.963e-03
  196     196.000s     8.346e-01     8.275e-01   -7.093e-03
  197     197.000s     8.337e-01     8.264e-01   -7.220e-03
  198     198.000s     8.328e-01     8.254e-01   -7.344e-03
  199     199.000s     8.319e-01     8.244e-01   -7.465e-03
  200     200.000s     8.310e-01     8.234e-01   -7.584e-03
  201     201.000s     8.301e-01     8.224e-01   -7.700e-03
  202     202.000s     8.292e-01     8.214e-01   -7.814e-03
  203     203.000s     8.283e-01     8.203e-01   -7.926e-03
  204     204.000s     8.274e-01     8.193e-01   -8.036e-03
  205     205.000s     8.265e-01     8.183e-01   -8.144e-03
  206     206.000s     8.256e-01     8.173e-01   -8.251e-03
  207     207.000s     8.247e-01     8.163e-01   -8.357e-03
  208     208.000s     8.238e-01     8.153e-01   -8.462e-03
  209     209.000s     8.229e-01     8.143e-01   -8.566e-03
  210     210.000s     8.220e-01     8.133e-01   -8.670e-03
  211     211.000s     8.211e-01     8.123e-01   -8.774e-03
  212     212.000s     8.202e-01     8.113e-01   -8.878e-03
  213     213.000s     8.193e-01     8.103e-01   -8.983e-03
  214     214.000s     8.184e-01     8.093e-01   -9.088e-03
  215     215.000s     8.175e-01     8.083e-01   -9.194e-03
  216     216.000s     8.166e-01     8.073e-01   -9.301e-03
  217     217.000s     8.157e-01     8.063e-01   -9.410e-03
  218     218.000s     8.148e-01     8.053e-01   -9.520e-03
  219     219.000s     8.139e-01     8.043e-01   -9.631e-03
  220     220.000s     8.131e-01     8.033e-01   -9.745e-03
  221     221.000s     8.122e-01     8.023e-01   -9.860e-03
  222     222.000s     8.113e-01     8.013e-01   -9.977e-03
  223     223.000s     8.104e-01     8.003e-01   -1.010e-02
  224     224.000s     8.096e-01     7.994e-01   -1.022e-02
  225     225.000s     8.087e-01     7.984e-01   -1.034e-02
  226     226.000s     8.079e-01     7.974e-01   -1.046e-02
  227     227.000s     8.070e-01     7.964e-01   -1.059e-02
  228     228.000s     8.061e-01     7.954e-01   -1.072e-02
  229     229.000s     8.053e-01     7.944e-01   -1.085e-02
  230     230.000s     8.044e-01     7.935e-01   -1.098e-02
  231     231.000s     8.036e-01     7.925e-01   -1.111e-02
  232     232.000s     8.028e-01     7.915e-01   -1.125e-02
  233     233.000s     8.019e-01     7.905e-01   -1.138e-02
  234     234.000s     8.011e-01     7.896e-01   -1.152e-02
  235     235.000s     8.002e-01     7.886e-01   -1.166e-02
  236     236.000s     7.994e-01     7.876e-01   -1.179e-02
  237     237.000s     7.986e-01     7.866e-01   -1.193e-02
  238     238.000s     7.977e-01     7.857e-01   -1.207e-02
  239     239.000s     7.969e-01     7.847e-01   -1.221e-02
  240     240.000s     7.961e-01     7.837e-01   -1.234e-02
  241     241.000s     7.952e-01     7.828e-01   -1.248e-02
  242     242.000s     7.944e-01     7.818e-01   -1.262e-02
  243     243.000s     7.936e-01     7.808e-01   -1.275e-02
  244     244.000s     7.928e-01     7.799e-01   -1.289e-02
  245     245.000s     7.919e-01     7.789e-01   -1.302e-02
  246     246.000s     7.911e-01     7.780e-01   -1.315e-02
  247     247.000s     7.903e-01     7.770e-01   -1.328e-02
  248     248.000s     7.894e-01     7.760e-01   -1.341e-02
  249     249.000s     7.886e-01     7.751e-01   -1.354e-02
  250     250.000s     7.878e-01     7.741e-01   -1.366e-02
  251     251.000s     7.870e-01     7.732e-01   -1.379e-02
  252     252.000s     7.861e-01     7.722e-01   -1.391e-02
  253     253.000s     7.853e-01     7.713e-01   -1.403e-02
  254     254.000s     7.845e-01     7.703e-01   -1.414e-02
  255     255.000s     7.836e-01     7.694e-01   -1.426e-02
  256     256.000s     7.828e-01     7.684e-01   -1.437e-02
  257     257.000s     7.819e-01     7.675e-01   -1.448e-02
  258     258.000s     7.811e-01     7.665e-01   -1.458e-02
  259     259.000s     7.803e-01     7.656e-01   -1.468e-02
  260     260.000s     7.794e-01     7.646e-01   -1.478e-02
  261     261.000s     7.786e-01     7.637e-01   -1.488e-02
  262     262.000s     7.777e-01     7.627e-01   -1.497e-02
  263     263.000s     7.769e-01     7.618e-01   -1.506e-02
  264     264.000s     7.760e-01     7.609e-01   -1.514e-02
  265     265.000s     7.752e-01     7.599e-01   -1.523e-02
  266     266.000s     7.743e-01     7.590e-01   -1.531e-02
  267     267.000s     7.734e-01     7.581e-01   -1.538e-02
  268     268.000s     7.726e-01     7.571e-01   -1.546e-02
  269     269.000s     7.717e-01     7.562e-01   -1.553e-02
  270     270.000s     7.708e-01     7.552e-01   -1.559e-02
  271     271.000s     7.700e-01     7.543e-01   -1.566e-02
  272     272.000s     7.691e-01     7.534e-01   -1.572e-02
  273     273.000s     7.682e-01     7.525e-01   -1.578e-02
  274     274.000s     7.674e-01     7.515e-01   -1.584e-02
  275     275.000s     7.665e-01     7.506e-01   -1.589e-02
  276     276.000s     7.656e-01     7.497e-01   -1.595e-02
  277     277.000s     7.648e-01     7.488e-01   -1.600e-02
  278     278.000s     7.639e-01     7.478e-01   -1.605e-02
  279     279.000s     7.630e-01     7.469e-01   -1.610e-02
  280     280.000s     7.621e-01     7.460e-01   -1.615e-02
  281     281.000s     7.613e-01     7.451e-01   -1.619e-02
  282     282.000s     7.604e-01     7.441e-01   -1.624e-02
  283     283.000s     7.595e-01     7.432e-01   -1.628e-02
  284     284.000s     7.586e-01     7.423e-01   -1.633e-02
  285     285.000s     7.578e-01     7.414e-01   -1.637e-02
  286     286.000s     7.569e-01     7.405e-01   -1.641e-02
  287     287.000s     7.560e-01     7.396e-01   -1.645e-02
  288     288.000s     7.552e-01     7.387e-01   -1.650e-02
  289     289.000s     7.543e-01     7.377e-01   -1.654e-02
  290     290.000s     7.534e-01     7.368e-01   -1.658e-02
  291     291.000s     7.526e-01     7.359e-01   -1.662e-02
  292     292.000s     7.517e-01     7.350e-01   -1.666e-02
  293     293.000s     7.508e-01     7.341e-01   -1.671e-02
  294     294.000s     7.500e-01     7.332e-01   -1.675e-02
  295     295.000s     7.491e-01     7.323e-01   -1.679e-02
  296     296.000s     7.482e-01     7.314e-01   -1.683e-02
  297     297.000s     7.474e-01     7.305e-01   -1.687e-02
  298     298.000s     7.465e-01     7.296e-01   -1.691e-02
  299     299.000s     7.457e-01     7.287e-01   -1.696e-02
  300     300.000s     7.448e-01     7.278e-01   -1.700e-02
  301     301.000s     7.439e-01     7.269e-01   -1.704e-02
  302     302.000s     7.431e-01     7.260e-01   -1.708e-02
  303     303.000s     7.422e-01     7.251e-01   -1.711e-02
  304     304.000s     7.414e-01     7.242e-01   -1.715e-02
  305     305.000s     7.405e-01     7.233e-01   -1.719e-02
  306     306.000s     7.397e-01     7.224e-01   -1.723e-02
  307     307.000s     7.388e-01     7.215e-01   -1.726e-02
  308     308.000s     7.379e-01     7.206e-01   -1.730e-02
  309     309.000s     7.371e-01     7.198e-01   -1.733e-02
  310     310.000s     7.362e-01     7.189e-01   -1.737e-02
  311     311.000s     7.354e-01     7.180e-01   -1.740e-02
  312     312.000s     7.345e-01     7.171e-01   -1.744e-02
  313     313.000s     7.337e-01     7.162e-01   -1.747e-02
  314     314.000s     7.328e-01     7.153e-01   -1.750e-02
  315     315.000s     7.320e-01     7.145e-01   -1.753e-02
  316     316.000s     7.311e-01     7.136e-01   -1.757e-02
  317     317.000s     7.303e-01     7.127e-01   -1.760e-02
  318     318.000s     7.294e-01     7.118e-01   -1.763e-02
  319     319.000s     7.286e-01     7.109e-01   -1.767e-02
  320     320.000s     7.278e-01     7.101e-01   -1.770e-02
  321     321.000s     7.269e-01     7.092e-01   -1.774e-02
  322     322.000s     7.261e-01     7.083e-01   -1.777e-02
  323     323.000s     7.252e-01     7.074e-01   -1.781e-02
  324     324.000s     7.244e-01     7.066e-01   -1.784e-02
  325     325.000s     7.236e-01     7.057e-01   -1.788e-02
  326     326.000s     7.227e-01     7.048e-01   -1.792e-02
  327     327.000s     7.219e-01     7.039e-01   -1.796e-02
  328     328.000s     7.211e-01     7.031e-01   -1.800e-02
  329     329.000s     7.203e-01     7.022e-01   -1.805e-02
  330     330.000s     7.194e-01     7.013e-01   -1.809e-02
  331     331.000s     7.186e-01     7.005e-01   -1.814e-02
  332     332.000s     7.178e-01     6.996e-01   -1.819e-02
  333     333.000s     7.170e-01     6.988e-01   -1.824e-02
  334     334.000s     7.162e-01     6.979e-01   -1.829e-02
  335     335.000s     7.154e-01     6.970e-01   -1.834e-02
  336     336.000s     7.146e-01     6.962e-01   -1.840e-02
  337     337.000s     7.138e-01     6.953e-01   -1.846e-02
  338     338.000s     7.130e-01     6.945e-01   -1.852e-02
  339     339.000s     7.122e-01     6.936e-01   -1.858e-02
  340     340.000s     7.114e-01     6.927e-01   -1.865e-02
  341     341.000s     7.106e-01     6.919e-01   -1.871e-02
  342     342.000s     7.098e-01     6.910e-01   -1.878e-02
  343     343.000s     7.090e-01     6.902e-01   -1.885e-02
  344     344.000s     7.083e-01     6.893e-01   -1.893e-02
  345     345.000s     7.075e-01     6.885e-01   -1.900e-02
  346     346.000s     7.067e-01     6.876e-01   -1.908e-02
  347     347.000s     7.060e-01     6.868e-01   -1.916e-02
  348     348.000s     7.052e-01     6.859e-01   -1.925e-02
  349     349.000s     7.044e-01     6.851e-01   -1.933e-02
  350     350.000s     7.037e-01     6.842e-01   -1.941e-02
  351     351.000s     7.029e-01     6.834e-01   -1.950e-02
  352     352.000s     7.022e-01     6.826e-01   -1.959e-02
  353     353.000s     7.014e-01     6.817e-01   -1.968e-02
  354     354.000s     7.006e-01     6.809e-01   -1.977e-02
  355     355.000s     6.999e-01     6.800e-01   -1.986e-02
  356     356.000s     6.992e-01     6.792e-01   -1.995e-02
  357     357.000s     6.984e-01     6.784e-01   -2.004e-02
  358     358.000s     6.977e-01     6.775e-01   -2.013e-02
  359     359.000s     6.969e-01     6.767e-01   -2.022e-02
  360     360.000s     6.962e-01     6.759e-01   -2.031e-02
  361     361.000s     6.954e-01     6.750e-01   -2.040e-02
  362     362.000s     6.947e-01     6.742e-01   -2.048e-02
  363     363.000s     6.939e-01     6.734e-01   -2.057e-02
  364     364.000s     6.932e-01     6.725e-01   -2.065e-02
  365     365.000s     6.924e-01     6.717e-01   -2.073e-02
  366     366.000s     6.917e-01     6.709e-01   -2.081e-02
  367     367.000s     6.909e-01     6.700e-01   -2.089e-02
  368     368.000s     6.902e-01     6.692e-01   -2.096e-02
  369     369.000s     6.894e-01     6.684e-01   -2.103e-02
  370     370.000s     6.887e-01     6.676e-01   -2.110e-02
  371     371.000s     6.879e-01     6.667e-01   -2.117e-02
  372     372.000s     6.872e-01     6.659e-01   -2.124e-02
  373     373.000s     6.864e-01     6.651e-01   -2.130e-02
  374     374.000s     6.856e-01     6.643e-01   -2.136e-02
  375     375.000s     6.849e-01     6.635e-01   -2.141e-02
  376     376.000s     6.841e-01     6.626e-01   -2.146e-02
  377     377.000s     6.833e-01     6.618e-01   -2.151e-02
  378     378.000s     6.826e-01     6.610e-01   -2.156e-02
  379     379.000s     6.818e-01     6.602e-01   -2.161e-02
  380     380.000s     6.810e-01     6.594e-01   -2.165e-02
  381     381.000s     6.803e-01     6.586e-01   -2.169e-02
  382     382.000s     6.795e-01     6.578e-01   -2.172e-02
  383     383.000s     6.787e-01     6.569e-01   -2.176e-02
  384     384.000s     6.779e-01     6.561e-01   -2.179e-02
  385     385.000s     6.771e-01     6.553e-01   -2.182e-02
  386     386.000s     6.764e-01     6.545e-01   -2.185e-02
  387     387.000s     6.756e-01     6.537e-01   -2.187e-02
  388     388.000s     6.748e-01     6.529e-01   -2.189e-02
  389     389.000s     6.740e-01     6.521e-01   -2.191e-02
  390     390.000s     6.732e-01     6.513e-01   -2.193e-02
  391     391.000s     6.724e-01     6.505e-01   -2.194e-02
  392     392.000s     6.716e-01     6.497e-01   -2.195e-02
  393     393.000s     6.708e-01     6.489e-01   -2.195e-02
  394     394.000s     6.700e-01     6.481e-01   -2.196e-02
  395     395.000s     6.692e-01     6.473e-01   -2.196e-02
  396     396.000s     6.684e-01     6.465e-01   -2.196e-02
  397     397.000s     6.676e-01     6.457e-01   -2.195e-02
  398     398.000s     6.668e-01     6.449e-01   -2.195e-02
  399     399.000s     6.660e-01     6.441e-01   -2.194e-02
  400     400.000s     6.652e-01     6.433e-01   -2.192e-02
  401     401.000s     6.644e-01     6.425e-01   -2.191e-02
  402     402.000s     6.636e-01     6.417e-01   -2.189e-02
  403     403.000s     6.628e-01     6.409e-01   -2.187e-02
  404     404.000s     6.620e-01     6.401e-01   -2.185e-02
  405     405.000s     6.612e-01     6.393e-01   -2.183e-02
  406     406.000s     6.604e-01     6.386e-01   -2.181e-02
  407     407.000s     6.596e-01     6.378e-01   -2.178e-02
  408     408.000s     6.587e-01     6.370e-01   -2.176e-02
  409     409.000s     6.579e-01     6.362e-01   -2.173e-02
  410     410.000s     6.571e-01     6.354e-01   -2.171e-02
  411     411.000s     6.563e-01     6.346e-01   -2.169e-02
  412     412.000s     6.555e-01     6.338e-01   -2.167e-02
  413     413.000s     6.547e-01     6.331e-01   -2.165e-02
  414     414.000s     6.539e-01     6.323e-01   -2.163e-02
  415     415.000s     6.531e-01     6.315e-01   -2.161e-02
  416     416.000s     6.523e-01     6.307e-01   -2.160e-02
  417     417.000s     6.515e-01     6.299e-01   -2.159e-02
  418     418.000s     6.507e-01     6.292e-01   -2.158e-02
  419     419.000s     6.500e-01     6.284e-01   -2.157e-02
  420     420.000s     6.492e-01     6.276e-01   -2.157e-02
  421     421.000s     6.484e-01     6.268e-01   -2.156e-02
  422     422.000s     6.476e-01     6.261e-01   -2.157e-02
  423     423.000s     6.469e-01     6.253e-01   -2.157e-02
  424     424.000s     6.461e-01     6.245e-01   -2.158e-02
  425     425.000s     6.453e-01     6.238e-01   -2.159e-02
  426     426.000s     6.446e-01     6.230e-01   -2.160e-02
  427     427.000s     6.438e-01     6.222e-01   -2.161e-02
  428     428.000s     6.431e-01     6.215e-01   -2.163e-02
  429     429.000s     6.423e-01     6.207e-01   -2.165e-02
  430     430.000s     6.416e-01     6.199e-01   -2.167e-02
  431     431.000s     6.409e-01     6.192e-01   -2.169e-02
  432     432.000s     6.401e-01     6.184e-01   -2.171e-02
  433     433.000s     6.394e-01     6.176e-01   -2.174e-02
  434     434.000s     6.386e-01     6.169e-01   -2.177e-02
  435     435.000s     6.379e-01     6.161e-01   -2.179e-02
  436     436.000s     6.372e-01     6.154e-01   -2.182e-02
  437     437.000s     6.364e-01     6.146e-01   -2.185e-02
  438     438.000s     6.357e-01     6.138e-01   -2.188e-02
  439     439.000s     6.350e-01     6.131e-01   -2.191e-02
  440     440.000s     6.343e-01     6.123e-01   -2.194e-02
  441     441.000s     6.335e-01     6.116e-01   -2.197e-02
  442     442.000s     6.328e-01     6.108e-01   -2.199e-02
  443     443.000s     6.321e-01     6.101e-01   -2.202e-02
  444     444.000s     6.314e-01     6.093e-01   -2.205e-02
  445     445.000s     6.306e-01     6.086e-01   -2.207e-02
  446     446.000s     6.299e-01     6.078e-01   -2.209e-02
  447     447.000s     6.292e-01     6.071e-01   -2.211e-02
  448     448.000s     6.284e-01     6.063e-01   -2.213e-02
  449     449.000s     6.277e-01     6.056e-01   -2.214e-02
  450     450.000s     6.270e-01     6.048e-01   -2.215e-02
  451     451.000s     6.262e-01     6.041e-01   -2.216e-02
  452     452.000s     6.255e-01     6.033e-01   -2.217e-02
  453     453.000s     6.247e-01     6.026e-01   -2.217e-02
  454     454.000s     6.240e-01     6.018e-01   -2.217e-02
  455     455.000s     6.233e-01     6.011e-01   -2.217e-02
  456     456.000s     6.225e-01     6.003e-01   -2.216e-02
  457     457.000s     6.218e-01     5.996e-01   -2.215e-02
  458     458.000s     6.210e-01     5.989e-01   -2.214e-02
  459     459.000s     6.203e-01     5.981e-01   -2.212e-02
  460     460.000s     6.195e-01     5.974e-01   -2.210e-02
  461     461.000s     6.187e-01     5.967e-01   -2.208e-02
  462     462.000s     6.180e-01     5.959e-01   -2.205e-02
  463     463.000s     6.172e-01     5.952e-01   -2.203e-02
  464     464.000s     6.164e-01     5.945e-01   -2.199e-02
  465     465.000s     6.157e-01     5.937e-01   -2.196e-02
  466     466.000s     6.149e-01     5.930e-01   -2.192e-02
  467     467.000s     6.141e-01     5.923e-01   -2.188e-02
  468     468.000s     6.134e-01     5.915e-01   -2.184e-02
  469     469.000s     6.126e-01     5.908e-01   -2.180e-02
  470     470.000s     6.118e-01     5.901e-01   -2.175e-02
  471     471.000s     6.110e-01     5.893e-01   -2.170e-02
  472     472.000s     6.103e-01     5.886e-01   -2.165e-02
  473     473.000s     6.095e-01     5.879e-01   -2.159e-02
  474     474.000s     6.087e-01     5.872e-01   -2.154e-02
  475     475.000s     6.079e-01     5.864e-01   -2.148e-02
  476     476.000s     6.071e-01     5.857e-01   -2.142e-02
  477     477.000s     6.063e-01     5.850e-01   -2.136e-02
  478     478.000s     6.056e-01     5.843e-01   -2.129e-02
  479     479.000s     6.048e-01     5.835e-01   -2.122e-02
  480     480.000s     6.040e-01     5.828e-01   -2.116e-02
  481     481.000s     6.032e-01     5.821e-01   -2.109e-02
  482     482.000s     6.024e-01     5.814e-01   -2.101e-02
  483     483.000s     6.016e-01     5.807e-01   -2.094e-02
  484     484.000s     6.008e-01     5.800e-01   -2.086e-02
  485     485.000s     6.000e-01     5.792e-01   -2.079e-02
  486     486.000s     5.992e-01     5.785e-01   -2.071e-02
  487     487.000s     5.984e-01     5.778e-01   -2.063e-02
  488     488.000s     5.977e-01     5.771e-01   -2.055e-02
  489     489.000s     5.969e-01     5.764e-01   -2.047e-02
  490     490.000s     5.961e-01     5.757e-01   -2.039e-02
  491     491.000s     5.953e-01     5.750e-01   -2.031e-02
  492     492.000s     5.945e-01     5.743e-01   -2.023e-02
  493     493.000s     5.937e-01     5.736e-01   -2.015e-02
  494     494.000s     5.929e-01     5.728e-01   -2.007e-02
  495     495.000s     5.921e-01     5.721e-01   -1.998e-02
  496     496.000s     5.913e-01     5.714e-01   -1.990e-02
  497     497.000s     5.906e-01     5.707e-01   -1.982e-02
  498     498.000s     5.898e-01     5.700e-01   -1.974e-02
  499     499.000s     5.890e-01     5.693e-01   -1.966e-02
  500     500.000s     5.882e-01     5.686e-01   -1.958e-02
  501     501.000s     5.874e-01     5.679e-01   -1.951e-02
  502     502.000s     5.866e-01     5.672e-01   -1.943e-02
  503     503.000s     5.859e-01     5.665e-01   -1.936e-02
  504     504.000s     5.851e-01     5.658e-01   -1.928e-02
  505     505.000s     5.843e-01     5.651e-01   -1.921e-02
  506     506.000s     5.836e-01     5.644e-01   -1.914e-02
  507     507.000s     5.828e-01     5.637e-01   -1.907e-02
  508     508.000s     5.820e-01     5.630e-01   -1.900e-02
  509     509.000s     5.813e-01     5.623e-01   -1.894e-02
  510     510.000s     5.805e-01     5.616e-01   -1.887e-02
  511     511.000s     5.798e-01     5.610e-01   -1.881e-02
  512     512.000s     5.790e-01     5.603e-01   -1.875e-02
  513     513.000s     5.783e-01     5.596e-01   -1.869e-02
  514     514.000s     5.775e-01     5.589e-01   -1.864e-02
  515     515.000s     5.768e-01     5.582e-01   -1.858e-02
  516     516.000s     5.760e-01     5.575e-01   -1.853e-02
  517     517.000s     5.753e-01     5.568e-01   -1.849e-02
  518     518.000s     5.746e-01     5.561e-01   -1.844e-02
  519     519.000s     5.738e-01     5.554e-01   -1.840e-02
  520     520.000s     5.731e-01     5.548e-01   -1.836e-02
  521     521.000s     5.724e-01     5.541e-01   -1.833e-02
  522     522.000s     5.717e-01     5.534e-01   -1.829e-02
  523     523.000s     5.710e-01     5.527e-01   -1.826e-02
  524     524.000s     5.703e-01     5.520e-01   -1.824e-02
  525     525.000s     5.696e-01     5.513e-01   -1.822e-02
  526     526.000s     5.689e-01     5.507e-01   -1.820e-02
  527     527.000s     5.682e-01     5.500e-01   -1.818e-02
  528     528.000s     5.675e-01     5.493e-01   -1.817e-02
  529     529.000s     5.668e-01     5.486e-01   -1.816e-02
  530     530.000s     5.661e-01     5.480e-01   -1.815e-02
  531     531.000s     5.654e-01     5.473e-01   -1.815e-02
  532     532.000s     5.647e-01     5.466e-01   -1.814e-02
  533     533.000s     5.641e-01     5.459e-01   -1.815e-02
  534     534.000s     5.634e-01     5.453e-01   -1.815e-02
  535     535.000s     5.627e-01     5.446e-01   -1.816e-02
  536     536.000s     5.621e-01     5.439e-01   -1.817e-02
  537     537.000s     5.614e-01     5.432e-01   -1.818e-02
  538     538.000s     5.608e-01     5.426e-01   -1.820e-02
  539     539.000s     5.601e-01     5.419e-01   -1.822e-02
  540     540.000s     5.595e-01     5.412e-01   -1.824e-02
  541     541.000s     5.588e-01     5.406e-01   -1.826e-02
  542     542.000s     5.582e-01     5.399e-01   -1.828e-02
  543     543.000s     5.575e-01     5.392e-01   -1.830e-02
  544     544.000s     5.569e-01     5.386e-01   -1.833e-02
  545     545.000s     5.563e-01     5.379e-01   -1.836e-02
  546     546.000s     5.556e-01     5.372e-01   -1.838e-02
  547     547.000s     5.550e-01     5.366e-01   -1.841e-02
  548     548.000s     5.544e-01     5.359e-01   -1.844e-02
  549     549.000s     5.537e-01     5.353e-01   -1.846e-02
  550     550.000s     5.531e-01     5.346e-01   -1.849e-02
  551     551.000s     5.525e-01     5.339e-01   -1.851e-02
  552     552.000s     5.518e-01     5.333e-01   -1.854e-02
  553     553.000s     5.512e-01     5.326e-01   -1.856e-02
  554     554.000s     5.505e-01     5.320e-01   -1.858e-02
  555     555.000s     5.499e-01     5.313e-01   -1.860e-02
  556     556.000s     5.493e-01     5.307e-01   -1.861e-02
  557     557.000s     5.486e-01     5.300e-01   -1.862e-02
  558     558.000s     5.480e-01     5.293e-01   -1.863e-02
  559     559.000s     5.473e-01     5.287e-01   -1.863e-02
  560     560.000s     5.467e-01     5.280e-01   -1.863e-02
  561     561.000s     5.460e-01     5.274e-01   -1.863e-02
  562     562.000s     5.454e-01     5.267e-01   -1.862e-02
  563     563.000s     5.447e-01     5.261e-01   -1.860e-02
  564     564.000s     5.440e-01     5.254e-01   -1.858e-02
  565     565.000s     5.433e-01     5.248e-01   -1.856e-02
  566     566.000s     5.427e-01     5.241e-01   -1.853e-02
  567     567.000s     5.420e-01     5.235e-01   -1.849e-02
  568     568.000s     5.413e-01     5.229e-01   -1.845e-02
  569     569.000s     5.406e-01     5.222e-01   -1.840e-02
  570     570.000s     5.399e-01     5.216e-01   -1.835e-02
  571     571.000s     5.392e-01     5.209e-01   -1.829e-02
  572     572.000s     5.385e-01     5.203e-01   -1.823e-02
  573     573.000s     5.378e-01     5.196e-01   -1.816e-02
  574     574.000s     5.371e-01     5.190e-01   -1.809e-02
  575     575.000s     5.364e-01     5.184e-01   -1.801e-02
  576     576.000s     5.356e-01     5.177e-01   -1.792e-02
  577     577.000s     5.349e-01     5.171e-01   -1.783e-02
  578     578.000s     5.342e-01     5.164e-01   -1.773e-02
  579     579.000s     5.334e-01     5.158e-01   -1.763e-02
  580     580.000s     5.327e-01     5.152e-01   -1.753e-02
  581     581.000s     5.319e-01     5.145e-01   -1.742e-02
  582     582.000s     5.312e-01     5.139e-01   -1.730e-02
  583     583.000s     5.304e-01     5.133e-01   -1.719e-02
  584     584.000s     5.297e-01     5.126e-01   -1.706e-02
  585     585.000s     5.289e-01     5.120e-01   -1.694e-02
  586     586.000s     5.282e-01     5.114e-01   -1.680e-02
  587     587.000s     5.274e-01     5.107e-01   -1.667e-02
  588     588.000s     5.266e-01     5.101e-01   -1.653e-02
  589     589.000s     5.259e-01     5.095e-01   -1.639e-02
  590     590.000s     5.251e-01     5.088e-01   -1.625e-02
  591     591.000s     5.243e-01     5.082e-01   -1.610e-02
  592     592.000s     5.235e-01     5.076e-01   -1.595e-02
  593     593.000s     5.228e-01     5.070e-01   -1.580e-02
  594     594.000s     5.220e-01     5.063e-01   -1.565e-02
  595     595.000s     5.212e-01     5.057e-01   -1.549e-02
  596     596.000s     5.204e-01     5.051e-01   -1.533e-02
  597     597.000s     5.196e-01     5.045e-01   -1.517e-02
  598     598.000s     5.189e-01     5.038e-01   -1.501e-02
  599     599.000s     5.181e-01     5.032e-01   -1.485e-02
  600     600.000s     5.173e-01     5.026e-01   -1.469e-02
  601     601.000s     5.165e-01     5.020e-01   -1.452e-02
  602     602.000s     5.157e-01     5.014e-01   -1.436e-02
  603     603.000s     5.149e-01     5.007e-01   -1.419e-02
  604     604.000s     5.142e-01     5.001e-01   -1.403e-02
  605     605.000s     5.134e-01     4.995e-01   -1.387e-02
  606     606.000s     5.126e-01     4.989e-01   -1.370e-02
  607     607.000s     5.118e-01     4.983e-01   -1.354e-02
  608     608.000s     5.110e-01     4.977e-01   -1.338e-02
  609     609.000s     5.103e-01     4.971e-01   -1.322e-02
  610     610.000s     5.095e-01     4.964e-01   -1.306e-02
  611     611.000s     5.087e-01     4.958e-01   -1.290e-02
  612     612.000s     5.080e-01     4.952e-01   -1.274e-02
  613     613.000s     5.072e-01     4.946e-01   -1.259e-02
  614     614.000s     5.064e-01     4.940e-01   -1.244e-02
  615     615.000s     5.057e-01     4.934e-01   -1.229e-02
  616     616.000s     5.049e-01     4.928e-01   -1.214e-02
  617     617.000s     5.042e-01     4.922e-01   -1.200e-02
  618     618.000s     5.034e-01     4.916e-01   -1.186e-02
  619     619.000s     5.027e-01     4.910e-01   -1.172e-02
  620     620.000s     5.019e-01     4.904e-01   -1.159e-02
  621     621.000s     5.012e-01     4.897e-01   -1.146e-02
  622     622.000s     5.005e-01     4.891e-01   -1.134e-02
  623     623.000s     4.998e-01     4.885e-01   -1.121e-02
  624     624.000s     4.990e-01     4.879e-01   -1.110e-02
  625     625.000s     4.983e-01     4.873e-01   -1.098e-02
  626     626.000s     4.976e-01     4.867e-01   -1.087e-02
  627     627.000s     4.969e-01     4.861e-01   -1.077e-02
  628     628.000s     4.962e-01     4.855e-01   -1.067e-02
  629     629.000s     4.955e-01     4.849e-01   -1.058e-02
  630     630.000s     4.948e-01     4.843e-01   -1.049e-02
  631     631.000s     4.941e-01     4.837e-01   -1.040e-02
  632     632.000s     4.935e-01     4.831e-01   -1.032e-02
  633     633.000s     4.928e-01     4.825e-01   -1.025e-02
  634     634.000s     4.921e-01     4.820e-01   -1.018e-02
  635     635.000s     4.915e-01     4.814e-01   -1.011e-02
  636     636.000s     4.908e-01     4.808e-01   -1.005e-02
  637     637.000s     4.902e-01     4.802e-01   -9.998e-03
  638     638.000s     4.895e-01     4.796e-01   -9.949e-03
  639     639.000s     4.889e-01     4.790e-01   -9.906e-03
  640     640.000s     4.883e-01     4.784e-01   -9.867e-03
  641     641.000s     4.876e-01     4.778e-01   -9.834e-03
  642     642.000s     4.870e-01     4.772e-01   -9.807e-03
  643     643.000s     4.864e-01     4.766e-01   -9.784e-03
  644     644.000s     4.858e-01     4.760e-01   -9.767e-03
  645     645.000s     4.852e-01     4.755e-01   -9.755e-03
  646     646.000s     4.846e-01     4.749e-01   -9.748e-03
  647     647.000s     4.840e-01     4.743e-01   -9.745e-03
  648     648.000s     4.834e-01     4.737e-01   -9.748e-03
  649     649.000s     4.829e-01     4.731e-01   -9.754e-03
  650     650.000s     4.823e-01     4.725e-01   -9.765e-03
  651     651.000s     4.817e-01     4.719e-01   -9.780e-03
  652     652.000s     4.812e-01     4.714e-01   -9.799e-03
  653     653.000s     4.806e-01     4.708e-01   -9.821e-03
  654     654.000s     4.801e-01     4.702e-01   -9.846e-03
  655     655.000s     4.795e-01     4.696e-01   -9.874e-03
  656     656.000s     4.789e-01     4.690e-01   -9.905e-03
  657     657.000s     4.784e-01     4.685e-01   -9.937e-03
  658     658.000s     4.779e-01     4.679e-01   -9.971e-03
  659     659.000s     4.773e-01     4.673e-01   -1.001e-02
  660     660.000s     4.768e-01     4.667e-01   -1.004e-02
  661     661.000s     4.762e-01     4.662e-01   -1.008e-02
  662     662.000s     4.757e-01     4.656e-01   -1.012e-02
  663     663.000s     4.752e-01     4.650e-01   -1.015e-02
  664     664.000s     4.746e-01     4.644e-01   -1.019e-02
  665     665.000s     4.741e-01     4.639e-01   -1.022e-02
  666     666.000s     4.735e-01     4.633e-01   -1.026e-02
  667     667.000s     4.730e-01     4.627e-01   -1.029e-02
  668     668.000s     4.725e-01     4.622e-01   -1.032e-02
  669     669.000s     4.719e-01     4.616e-01   -1.035e-02
  670     670.000s     4.714e-01     4.610e-01   -1.037e-02
  671     671.000s     4.708e-01     4.604e-01   -1.039e-02
  672     672.000s     4.703e-01     4.599e-01   -1.041e-02
  673     673.000s     4.697e-01     4.593e-01   -1.043e-02
  674     674.000s     4.692e-01     4.587e-01   -1.045e-02
  675     675.000s     4.686e-01     4.582e-01   -1.046e-02
  676     676.000s     4.681e-01     4.576e-01   -1.047e-02
  677     677.000s     4.675e-01     4.570e-01   -1.047e-02
  678     678.000s     4.670e-01     4.565e-01   -1.048e-02
  679     679.000s     4.664e-01     4.559e-01   -1.048e-02
  680     680.000s     4.658e-01     4.554e-01   -1.047e-02
  681     681.000s     4.653e-01     4.548e-01   -1.047e-02
  682     682.000s     4.647e-01     4.542e-01   -1.046e-02
  683     683.000s     4.641e-01     4.537e-01   -1.046e-02
  684     684.000s     4.636e-01     4.531e-01   -1.045e-02
  685     685.000s     4.630e-01     4.526e-01   -1.044e-02
  686     686.000s     4.624e-01     4.520e-01   -1.042e-02
  687     687.000s     4.619e-01     4.514e-01   -1.041e-02
  688     688.000s     4.613e-01     4.509e-01   -1.040e-02
  689     689.000s     4.607e-01     4.503e-01   -1.038e-02
  690     690.000s     4.601e-01     4.498e-01   -1.037e-02
  691     691.000s     4.596e-01     4.492e-01   -1.035e-02
  692     692.000s     4.590e-01     4.487e-01   -1.034e-02
  693     693.000s     4.584e-01     4.481e-01   -1.032e-02
  694     694.000s     4.579e-01     4.476e-01   -1.031e-02
  695     695.000s     4.573e-01     4.470e-01   -1.030e-02
  696     696.000s     4.567e-01     4.465e-01   -1.028e-02
  697     697.000s     4.562e-01     4.459e-01   -1.027e-02
  698     698.000s     4.556e-01     4.454e-01   -1.026e-02
  699     699.000s     4.551e-01     4.448e-01   -1.025e-02
  700     700.000s     4.545e-01     4.443e-01   -1.024e-02
  701     701.000s     4.539e-01     4.437e-01   -1.023e-02
  702     702.000s     4.534e-01     4.432e-01   -1.023e-02
  703     703.000s     4.528e-01     4.426e-01   -1.022e-02
  704     704.000s     4.523e-01     4.421e-01   -1.022e-02
  705     705.000s     4.517e-01     4.415e-01   -1.021e-02
  706     706.000s     4.512e-01     4.410e-01   -1.021e-02
  707     707.000s     4.506e-01     4.404e-01   -1.020e-02
  708     708.000s     4.501e-01     4.399e-01   -1.020e-02
  709     709.000s     4.496e-01     4.393e-01   -1.020e-02
  710     710.000s     4.490e-01     4.388e-01   -1.020e-02
  711     711.000s     4.485e-01     4.383e-01   -1.020e-02
  712     712.000s     4.479e-01     4.377e-01   -1.020e-02
  713     713.000s     4.474e-01     4.372e-01   -1.020e-02
  714     714.000s     4.468e-01     4.366e-01   -1.020e-02
  715     715.000s     4.463e-01     4.361e-01   -1.020e-02
  716     716.000s     4.458e-01     4.356e-01   -1.020e-02
  717     717.000s     4.452e-01     4.350e-01   -1.020e-02
  718     718.000s     4.447e-01     4.345e-01   -1.020e-02
  719     719.000s     4.442e-01     4.340e-01   -1.020e-02
  720     720.000s     4.436e-01     4.334e-01   -1.020e-02
  721     721.000s     4.431e-01     4.329e-01   -1.019e-02
  722     722.000s     4.425e-01     4.324e-01   -1.019e-02
  723     723.000s     4.420e-01     4.318e-01   -1.018e-02
  724     724.000s     4.415e-01     4.313e-01   -1.017e-02
  725     725.000s     4.409e-01     4.308e-01   -1.017e-02
  726     726.000s     4.404e-01     4.302e-01   -1.015e-02
  727     727.000s     4.398e-01     4.297e-01   -1.014e-02
  728     728.000s     4.393e-01     4.292e-01   -1.012e-02
  729     729.000s     4.387e-01     4.286e-01   -1.010e-02
  730     730.000s     4.382e-01     4.281e-01   -1.008e-02
  731     731.000s     4.376e-01     4.276e-01   -1.006e-02
  732     732.000s     4.371e-01     4.271e-01   -1.003e-02
  733     733.000s     4.365e-01     4.265e-01   -1.000e-02
  734     734.000s     4.360e-01     4.260e-01   -9.968e-03
  735     735.000s     4.354e-01     4.255e-01   -9.933e-03
  736     736.000s     4.348e-01     4.250e-01   -9.894e-03
  737     737.000s     4.343e-01     4.244e-01   -9.854e-03
  738     738.000s     4.337e-01     4.239e-01   -9.810e-03
  739     739.000s     4.331e-01     4.234e-01   -9.764e-03
  740     740.000s     4.326e-01     4.229e-01   -9.716e-03
  741     741.000s     4.320e-01     4.223e-01   -9.665e-03
  742     742.000s     4.314e-01     4.218e-01   -9.611e-03
  743     743.000s     4.309e-01     4.213e-01   -9.556e-03
  744     744.000s     4.303e-01     4.208e-01   -9.498e-03
  745     745.000s     4.297e-01     4.203e-01   -9.438e-03
  746     746.000s     4.291e-01     4.197e-01   -9.377e-03
  747     747.000s     4.285e-01     4.192e-01   -9.314e-03
  748     748.000s     4.280e-01     4.187e-01   -9.250e-03
  749     749.000s     4.274e-01     4.182e-01   -9.184e-03
  750     750.000s     4.268e-01     4.177e-01   -9.117e-03
  751     751.000s     4.262e-01     4.172e-01   -9.050e-03
  752     752.000s     4.256e-01     4.166e-01   -8.981e-03
  753     753.000s     4.250e-01     4.161e-01   -8.912e-03
  754     754.000s     4.245e-01     4.156e-01   -8.843e-03
  755     755.000s     4.239e-01     4.151e-01   -8.773e-03
  756     756.000s     4.233e-01     4.146e-01   -8.703e-03
  757     757.000s     4.227e-01     4.141e-01   -8.633e-03
  758     758.000s     4.221e-01     4.136e-01   -8.563e-03
  759     759.000s     4.216e-01     4.131e-01   -8.493e-03
  760     760.000s     4.210e-01     4.125e-01   -8.424e-03
  761     761.000s     4.204e-01     4.120e-01   -8.354e-03
  762     762.000s     4.198e-01     4.115e-01   -8.284e-03
  763     763.000s     4.192e-01     4.110e-01   -8.214e-03
  764     764.000s     4.187e-01     4.105e-01   -8.145e-03
  765     765.000s     4.181e-01     4.100e-01   -8.075e-03
  766     766.000s     4.175e-01     4.095e-01   -8.005e-03
  767     767.000s     4.169e-01     4.090e-01   -7.934e-03
  768     768.000s     4.164e-01     4.085e-01   -7.863e-03
  769     769.000s     4.158e-01     4.080e-01   -7.791e-03
  770     770.000s     4.152e-01     4.075e-01   -7.719e-03
  771     771.000s     4.146e-01     4.070e-01   -7.645e-03
  772     772.000s     4.141e-01     4.065e-01   -7.570e-03
  773     773.000s     4.135e-01     4.060e-01   -7.493e-03
  774     774.000s     4.129e-01     4.055e-01   -7.415e-03
  775     775.000s     4.123e-01     4.050e-01   -7.335e-03
  776     776.000s     4.117e-01     4.045e-01   -7.253e-03
  777     777.000s     4.112e-01     4.040e-01   -7.168e-03
  778     778.000s     4.106e-01     4.035e-01   -7.081e-03
  779     779.000s     4.100e-01     4.030e-01   -6.992e-03
  780     780.000s     4.094e-01     4.025e-01   -6.899e-03
  781     781.000s     4.088e-01     4.020e-01   -6.804e-03
  782     782.000s     4.082e-01     4.015e-01   -6.705e-03
  783     783.000s     4.076e-01     4.010e-01   -6.603e-03
  784     784.000s     4.070e-01     4.005e-01   -6.497e-03
  785     785.000s     4.064e-01     4.000e-01   -6.388e-03
  786     786.000s     4.058e-01     3.995e-01   -6.275e-03
  787     787.000s     4.052e-01     3.990e-01   -6.159e-03
  788     788.000s     4.046e-01     3.985e-01   -6.039e-03
  789     789.000s     4.040e-01     3.980e-01   -5.915e-03
  790     790.000s     4.033e-01     3.976e-01   -5.787e-03
  791     791.000s     4.027e-01     3.971e-01   -5.655e-03
  792     792.000s     4.021e-01     3.966e-01   -5.520e-03
  793     793.000s     4.015e-01     3.961e-01   -5.381e-03
  794     794.000s     4.008e-01     3.956e-01   -5.239e-03
  795     795.000s     4.002e-01     3.951e-01   -5.093e-03
  796     796.000s     3.996e-01     3.946e-01   -4.945e-03
  797     797.000s     3.989e-01     3.941e-01   -4.793e-03
  798     798.000s     3.983e-01     3.937e-01   -4.639e-03
  799     799.000s     3.976e-01     3.932e-01   -4.483e-03
  800     800.000s     3.970e-01     3.927e-01   -4.325e-03
  801     801.000s     3.964e-01     3.922e-01   -4.165e-03
  802     802.000s     3.957e-01     3.917e-01   -4.005e-03
  803     803.000s     3.951e-01     3.912e-01   -3.843e-03
  804     804.000s     3.944e-01     3.907e-01   -3.681e-03
  805     805.000s     3.938e-01     3.903e-01   -3.520e-03
  806     806.000s     3.931e-01     3.898e-01   -3.358e-03
  807     807.000s     3.925e-01     3.893e-01   -3.198e-03
  808     808.000s     3.919e-01     3.888e-01   -3.039e-03
  809     809.000s     3.912e-01     3.883e-01   -2.881e-03
  810     810.000s     3.906e-01     3.879e-01   -2.725e-03
  811     811.000s     3.900e-01     3.874e-01   -2.571e-03
  812     812.000s     3.893e-01     3.869e-01   -2.419e-03
  813     813.000s     3.887e-01     3.864e-01   -2.270e-03
  814     814.000s     3.881e-01     3.860e-01   -2.123e-03
  815     815.000s     3.875e-01     3.855e-01   -1.979e-03
  816     816.000s     3.868e-01     3.850e-01   -1.837e-03
  817     817.000s     3.862e-01     3.845e-01   -1.698e-03
  818     818.000s     3.856e-01     3.841e-01   -1.562e-03
  819     819.000s     3.850e-01     3.836e-01   -1.427e-03
  820     820.000s     3.844e-01     3.831e-01   -1.295e-03
  821     821.000s     3.838e-01     3.826e-01   -1.165e-03
  822     822.000s     3.832e-01     3.822e-01   -1.036e-03
  823     823.000s     3.826e-01     3.817e-01   -9.082e-04
  824     824.000s     3.820e-01     3.812e-01   -7.815e-04
  825     825.000s     3.814e-01     3.807e-01   -6.554e-04
  826     826.000s     3.808e-01     3.803e-01   -5.295e-04
  827     827.000s     3.802e-01     3.798e-01   -4.035e-04
  828     828.000s     3.796e-01     3.793e-01   -2.771e-04
  829     829.000s     3.790e-01     3.789e-01   -1.499e-04
  830     830.000s     3.784e-01     3.784e-01   -2.167e-05
  831     831.000s     3.778e-01     3.779e-01    1.079e-04
  832     832.000s     3.772e-01     3.775e-01    2.391e-04
  833     833.000s     3.766e-01     3.770e-01    3.720e-04
  834     834.000s     3.760e-01     3.765e-01    5.068e-04
  835     835.000s     3.754e-01     3.761e-01    6.437e-04
  836     836.000s     3.748e-01     3.756e-01    7.826e-04
  837     837.000s     3.742e-01     3.752e-01    9.236e-04
  838     838.000s     3.736e-01     3.747e-01    1.067e-03
  839     839.000s     3.730e-01     3.742e-01    1.212e-03
  840     840.000s     3.724e-01     3.738e-01    1.359e-03
  841     841.000s     3.718e-01     3.733e-01    1.507e-03
  842     842.000s     3.712e-01     3.728e-01    1.657e-03
  843     843.000s     3.706e-01     3.724e-01    1.809e-03
  844     844.000s     3.700e-01     3.719e-01    1.961e-03
  845     845.000s     3.694e-01     3.715e-01    2.115e-03
  846     846.000s     3.687e-01     3.710e-01    2.269e-03
  847     847.000s     3.681e-01     3.706e-01    2.423e-03
  848     848.000s     3.675e-01     3.701e-01    2.577e-03
  849     849.000s     3.669e-01     3.696e-01    2.731e-03
  850     850.000s     3.663e-01     3.692e-01    2.885e-03
  851     851.000s     3.657e-01     3.687e-01    3.037e-03
  852     852.000s     3.651e-01     3.683e-01    3.189e-03
  853     853.000s     3.645e-01     3.678e-01    3.340e-03
  854     854.000s     3.639e-01     3.674e-01    3.489e-03
  855     855.000s     3.633e-01     3.669e-01    3.637e-03
  856     856.000s     3.627e-01     3.665e-01    3.784e-03
  857     857.000s     3.621e-01     3.660e-01    3.928e-03
  858     858.000s     3.615e-01     3.656e-01    4.071e-03
  859     859.000s     3.609e-01     3.651e-01    4.212e-03
  860     860.000s     3.603e-01     3.647e-01    4.351e-03
  861     861.000s     3.597e-01     3.642e-01    4.488e-03
  862     862.000s     3.591e-01     3.638e-01    4.623e-03
  863     863.000s     3.586e-01     3.633e-01    4.756e-03
  864     864.000s     3.580e-01     3.629e-01    4.888e-03
  865     865.000s     3.574e-01     3.624e-01    5.018e-03
  866     866.000s     3.568e-01     3.620e-01    5.146e-03
  867     867.000s     3.562e-01     3.615e-01    5.273e-03
  868     868.000s     3.557e-01     3.611e-01    5.399e-03
  869     869.000s     3.551e-01     3.606e-01    5.523e-03
  870     870.000s     3.545e-01     3.602e-01    5.646e-03
  871     871.000s     3.540e-01     3.597e-01    5.768e-03
  872     872.000s     3.534e-01     3.593e-01    5.888e-03
  873     873.000s     3.528e-01     3.589e-01    6.008e-03
  874     874.000s     3.523e-01     3.584e-01    6.127e-03
  875     875.000s     3.517e-01     3.580e-01    6.244e-03
  876     876.000s     3.512e-01     3.575e-01    6.361e-03
  877     877.000s     3.506e-01     3.571e-01    6.476e-03
  878     878.000s     3.501e-01     3.566e-01    6.590e-03
  879     879.000s     3.495e-01     3.562e-01    6.702e-03
  880     880.000s     3.490e-01     3.558e-01    6.813e-03
  881     881.000s     3.484e-01     3.553e-01    6.922e-03
  882     882.000s     3.479e-01     3.549e-01    7.029e-03
  883     883.000s     3.473e-01     3.544e-01    7.133e-03
  884     884.000s     3.468e-01     3.540e-01    7.235e-03
  885     885.000s     3.462e-01     3.536e-01    7.335e-03
  886     886.000s     3.457e-01     3.531e-01    7.431e-03
  887     887.000s     3.452e-01     3.527e-01    7.525e-03
  888     888.000s     3.447e-01     3.523e-01    7.616e-03
  889     889.000s     3.441e-01     3.518e-01    7.703e-03
  890     890.000s     3.436e-01     3.514e-01    7.787e-03
  891     891.000s     3.431e-01     3.510e-01    7.867e-03
  892     892.000s     3.426e-01     3.505e-01    7.944e-03
  893     893.000s     3.421e-01     3.501e-01    8.018e-03
  894     894.000s     3.416e-01     3.497e-01    8.089e-03
  895     895.000s     3.411e-01     3.492e-01    8.156e-03
  896     896.000s     3.406e-01     3.488e-01    8.220e-03
  897     897.000s     3.401e-01     3.484e-01    8.282e-03
  898     898.000s     3.396e-01     3.479e-01    8.341e-03
  899     899.000s     3.391e-01     3.475e-01    8.398e-03
  900     900.000s     3.386e-01     3.471e-01    8.452e-03
  901     901.000s     3.382e-01     3.467e-01    8.505e-03
  902     902.000s     3.377e-01     3.462e-01    8.556e-03
  903     903.000s     3.372e-01     3.458e-01    8.606e-03
  904     904.000s     3.367e-01     3.454e-01    8.655e-03
  905     905.000s     3.363e-01     3.450e-01    8.703e-03
  906     906.000s     3.358e-01     3.445e-01    8.751e-03
  907     907.000s     3.353e-01     3.441e-01    8.798e-03
  908     908.000s     3.348e-01     3.437e-01    8.846e-03
  909     909.000s     3.344e-01     3.433e-01    8.893e-03
  910     910.000s     3.339e-01     3.428e-01    8.941e-03
  911     911.000s     3.334e-01     3.424e-01    8.989e-03
  912     912.000s     3.330e-01     3.420e-01    9.037e-03
  913     913.000s     3.325e-01     3.416e-01    9.086e-03
  914     914.000s     3.320e-01     3.411e-01    9.135e-03
  915     915.000s     3.315e-01     3.407e-01    9.185e-03
  916     916.000s     3.311e-01     3.403e-01    9.235e-03
  917     917.000s     3.306e-01     3.399e-01    9.285e-03
  918     918.000s     3.301e-01     3.395e-01    9.335e-03
  919     919.000s     3.297e-01     3.390e-01    9.385e-03
  920     920.000s     3.292e-01     3.386e-01    9.435e-03
  921     921.000s     3.287e-01     3.382e-01    9.484e-03
  922     922.000s     3.283e-01     3.378e-01    9.532e-03
  923     923.000s     3.278e-01     3.374e-01    9.580e-03
  924     924.000s     3.273e-01     3.370e-01    9.626e-03
  925     925.000s     3.269e-01     3.365e-01    9.671e-03
  926     926.000s     3.264e-01     3.361e-01    9.714e-03
  927     927.000s     3.260e-01     3.357e-01    9.755e-03
  928     928.000s     3.255e-01     3.353e-01    9.794e-03
  929     929.000s     3.251e-01     3.349e-01    9.830e-03
  930     930.000s     3.246e-01     3.345e-01    9.864e-03
  931     931.000s     3.242e-01     3.341e-01    9.895e-03
  932     932.000s     3.237e-01     3.337e-01    9.923e-03
  933     933.000s     3.233e-01     3.332e-01    9.948e-03
  934     934.000s     3.229e-01     3.328e-01    9.970e-03
  935     935.000s     3.224e-01     3.324e-01    9.989e-03
  936     936.000s     3.220e-01     3.320e-01    1.000e-02
  937     937.000s     3.216e-01     3.316e-01    1.002e-02
  938     938.000s     3.212e-01     3.312e-01    1.003e-02
  939     939.000s     3.207e-01     3.308e-01    1.004e-02
  940     940.000s     3.203e-01     3.304e-01    1.004e-02
  941     941.000s     3.199e-01     3.300e-01    1.004e-02
  942     942.000s     3.195e-01     3.296e-01    1.004e-02
  943     943.000s     3.191e-01     3.292e-01    1.004e-02
  944     944.000s     3.187e-01     3.287e-01    1.004e-02
  945     945.000s     3.183e-01     3.283e-01    1.004e-02
  946     946.000s     3.179e-01     3.279e-01    1.003e-02
  947     947.000s     3.175e-01     3.275e-01    1.003e-02
  948     948.000s     3.171e-01     3.271e-01    1.003e-02
  949     949.000s     3.167e-01     3.267e-01    1.003e-02
  950     950.000s     3.163e-01     3.263e-01    1.002e-02
  951     951.000s     3.159e-01     3.259e-01    1.002e-02
  952     952.000s     3.155e-01     3.255e-01    1.002e-02
  953     953.000s     3.151e-01     3.251e-01    1.003e-02
  954     954.000s     3.147e-01     3.247e-01    1.003e-02
  955     955.000s     3.143e-01     3.243e-01    1.004e-02
  956     956.000s     3.139e-01     3.239e-01    1.005e-02
  957     957.000s     3.134e-01     3.235e-01    1.007e-02
  958     958.000s     3.130e-01     3.231e-01    1.009e-02
  959     959.000s     3.126e-01     3.227e-01    1.011e-02
  960     960.000s     3.122e-01     3.223e-01    1.013e-02
  961     961.000s     3.118e-01     3.219e-01    1.016e-02
  962     962.000s     3.113e-01     3.215e-01    1.019e-02
  963     963.000s     3.109e-01     3.211e-01    1.022e-02
  964     964.000s     3.105e-01     3.207e-01    1.025e-02
  965     965.000s     3.100e-01     3.203e-01    1.029e-02
  966     966.000s     3.096e-01     3.199e-01    1.033e-02
  967     967.000s     3.092e-01     3.195e-01    1.038e-02
  968     968.000s     3.087e-01     3.192e-01    1.042e-02
  969     969.000s     3.083e-01     3.188e-01    1.047e-02
  970     970.000s     3.078e-01     3.184e-01    1.052e-02
  971     971.000s     3.074e-01     3.180e-01    1.057e-02
  972     972.000s     3.070e-01     3.176e-01    1.062e-02
  973     973.000s     3.065e-01     3.172e-01    1.068e-02
  974     974.000s     3.061e-01     3.168e-01    1.073e-02
  975     975.000s     3.056e-01     3.164e-01    1.078e-02
  976     976.000s     3.052e-01     3.160e-01    1.084e-02
  977     977.000s     3.047e-01     3.156e-01    1.089e-02
  978     978.000s     3.043e-01     3.152e-01    1.094e-02
  979     979.000s     3.039e-01     3.149e-01    1.100e-02
  980     980.000s     3.034e-01     3.145e-01    1.105e-02
  981     981.000s     3.030e-01     3.141e-01    1.110e-02
  982     982.000s     3.025e-01     3.137e-01    1.115e-02
  983     983.000s     3.021e-01     3.133e-01    1.121e-02
  984     984.000s     3.017e-01     3.129e-01    1.125e-02
  985     985.000s     3.012e-01     3.125e-01    1.130e-02
  986     986.000s     3.008e-01     3.121e-01    1.135e-02
  987     987.000s     3.004e-01     3.118e-01    1.140e-02
  988     988.000s     2.999e-01     3.114e-01    1.144e-02
  989     989.000s     2.995e-01     3.110e-01    1.148e-02
  990     990.000s     2.991e-01     3.106e-01    1.152e-02
  991     991.000s     2.987e-01     3.102e-01    1.156e-02
  992     992.000s     2.982e-01     3.098e-01    1.160e-02
  993     993.000s     2.978e-01     3.095e-01    1.164e-02
  994     994.000s     2.974e-01     3.091e-01    1.167e-02
  995     995.000s     2.970e-01     3.087e-01    1.170e-02
  996     996.000s     2.966e-01     3.083e-01    1.174e-02
  997     997.000s     2.962e-01     3.079e-01    1.176e-02
  998     998.000s     2.958e-01     3.076e-01    1.179e-02
  999     999.000s     2.954e-01     3.072e-01    1.182e-02
 1000    1000.000s     2.950e-01     3.068e-01    1.184e-02
 1001    1001.000s     2.946e-01     3.064e-01    1.186e-02
 1002    1002.000s     2.942e-01     3.060e-01    1.188e-02
 1003    1003.000s     2.938e-01     3.057e-01    1.190e-02
 1004    1004.000s     2.934e-01     3.053e-01    1.191e-02
 1005    1005.000s     2.930e-01     3.049e-01    1.192e-02
 1006    1006.000s     2.926e-01     3.045e-01    1.193e-02
 1007    1007.000s     2.922e-01     3.042e-01    1.194e-02
 1008    1008.000s     2.918e-01     3.038e-01    1.195e-02
 1009    1009.000s     2.915e-01     3.034e-01    1.195e-02
 1010    1010.000s     2.911e-01     3.030e-01    1.196e-02
 1011    1011.000s     2.907e-01     3.027e-01    1.196e-02
 1012    1012.000s     2.903e-01     3.023e-01    1.196e-02
 1013    1013.000s     2.900e-01     3.019e-01    1.195e-02
 1014    1014.000s     2.896e-01     3.015e-01    1.195e-02
 1015    1015.000s     2.892e-01     3.012e-01    1.195e-02
 1016    1016.000s     2.889e-01     3.008e-01    1.194e-02
 1017    1017.000s     2.885e-01     3.004e-01    1.194e-02
 1018    1018.000s     2.881e-01     3.001e-01    1.193e-02
 1019    1019.000s     2.878e-01     2.997e-01    1.192e-02
 1020    1020.000s     2.874e-01     2.993e-01    1.192e-02
 1021    1021.000s     2.870e-01     2.989e-01    1.191e-02
 1022    1022.000s     2.867e-01     2.986e-01    1.191e-02
 1023    1023.000s     2.863e-01     2.982e-01    1.190e-02
 1024    1024.000s     2.859e-01     2.978e-01    1.189e-02
 1025    1025.000s     2.856e-01     2.975e-01    1.189e-02
 1026    1026.000s     2.852e-01     2.971e-01    1.189e-02
 1027    1027.000s     2.849e-01     2.967e-01    1.188e-02
 1028    1028.000s     2.845e-01     2.964e-01    1.188e-02
 1029    1029.000s     2.841e-01     2.960e-01    1.188e-02
 1030    1030.000s     2.838e-01     2.956e-01    1.188e-02
 1031    1031.000s     2.834e-01     2.953e-01    1.189e-02
 1032    1032.000s     2.830e-01     2.949e-01    1.189e-02
 1033    1033.000s     2.827e-01     2.946e-01    1.190e-02
 1034    1034.000s     2.823e-01     2.942e-01    1.191e-02
 1035    1035.000s     2.819e-01     2.938e-01    1.192e-02
 1036    1036.000s     2.815e-01     2.935e-01    1.193e-02
 1037    1037.000s     2.812e-01     2.931e-01    1.195e-02
 1038    1038.000s     2.808e-01     2.927e-01    1.197e-02
 1039    1039.000s     2.804e-01     2.924e-01    1.199e-02
 1040    1040.000s     2.800e-01     2.920e-01    1.201e-02
 1041    1041.000s     2.796e-01     2.917e-01    1.204e-02
 1042    1042.000s     2.792e-01     2.913e-01    1.207e-02
 1043    1043.000s     2.788e-01     2.909e-01    1.210e-02
 1044    1044.000s     2.784e-01     2.906e-01    1.214e-02
 1045    1045.000s     2.781e-01     2.902e-01    1.217e-02
 1046    1046.000s     2.777e-01     2.899e-01    1.221e-02
 1047    1047.000s     2.773e-01     2.895e-01    1.225e-02
 1048    1048.000s     2.769e-01     2.892e-01    1.230e-02
 1049    1049.000s     2.765e-01     2.888e-01    1.234e-02
 1050    1050.000s     2.760e-01     2.884e-01    1.239e-02
 1051    1051.000s     2.756e-01     2.881e-01    1.244e-02
 1052    1052.000s     2.752e-01     2.877e-01    1.249e-02
 1053    1053.000s     2.748e-01     2.874e-01    1.255e-02
 1054    1054.000s     2.744e-01     2.870e-01    1.261e-02
 1055    1055.000s     2.740e-01     2.867e-01    1.266e-02
 1056    1056.000s     2.736e-01     2.863e-01    1.272e-02
 1057    1057.000s     2.732e-01     2.860e-01    1.279e-02
 1058    1058.000s     2.728e-01     2.856e-01    1.285e-02
 1059    1059.000s     2.723e-01     2.853e-01    1.291e-02
 1060    1060.000s     2.719e-01     2.849e-01    1.298e-02
 1061    1061.000s     2.715e-01     2.845e-01    1.304e-02
 1062    1062.000s     2.711e-01     2.842e-01    1.311e-02
 1063    1063.000s     2.707e-01     2.838e-01    1.318e-02
 1064    1064.000s     2.702e-01     2.835e-01    1.325e-02
 1065    1065.000s     2.698e-01     2.831e-01    1.332e-02
 1066    1066.000s     2.694e-01     2.828e-01    1.339e-02
 1067    1067.000s     2.690e-01     2.824e-01    1.346e-02
 1068    1068.000s     2.686e-01     2.821e-01    1.354e-02
 1069    1069.000s     2.681e-01     2.818e-01    1.361e-02
 1070    1070.000s     2.677e-01     2.814e-01    1.369e-02
 1071    1071.000s     2.673e-01     2.811e-01    1.376e-02
 1072    1072.000s     2.669e-01     2.807e-01    1.384e-02
 1073    1073.000s     2.664e-01     2.804e-01    1.392e-02
 1074    1074.000s     2.660e-01     2.800e-01    1.400e-02
 1075    1075.000s     2.656e-01     2.797e-01    1.409e-02
 1076    1076.000s     2.652e-01     2.793e-01    1.417e-02
 1077    1077.000s     2.647e-01     2.790e-01    1.426e-02
 1078    1078.000s     2.643e-01     2.786e-01    1.435e-02
 1079    1079.000s     2.639e-01     2.783e-01    1.444e-02
 1080    1080.000s     2.634e-01     2.780e-01    1.453e-02
 1081    1081.000s     2.630e-01     2.776e-01    1.462e-02
 1082    1082.000s     2.626e-01     2.773e-01    1.472e-02
 1083    1083.000s     2.621e-01     2.769e-01    1.482e-02
 1084    1084.000s     2.617e-01     2.766e-01    1.492e-02
 1085    1085.000s     2.612e-01     2.762e-01    1.502e-02
 1086    1086.000s     2.608e-01     2.759e-01    1.512e-02
 1087    1087.000s     2.603e-01     2.756e-01    1.522e-02
 1088    1088.000s     2.599e-01     2.752e-01    1.533e-02
 1089    1089.000s     2.594e-01     2.749e-01    1.543e-02
 1090    1090.000s     2.590e-01     2.745e-01    1.554e-02
 1091    1091.000s     2.586e-01     2.742e-01    1.565e-02
 1092    1092.000s     2.581e-01     2.739e-01    1.576e-02
 1093    1093.000s     2.577e-01     2.735e-01    1.587e-02
 1094    1094.000s     2.572e-01     2.732e-01    1.598e-02
 1095    1095.000s     2.568e-01     2.729e-01    1.609e-02
 1096    1096.000s     2.563e-01     2.725e-01    1.620e-02
 1097    1097.000s     2.559e-01     2.722e-01    1.632e-02
 1098    1098.000s     2.554e-01     2.718e-01    1.643e-02
 1099    1099.000s     2.550e-01     2.715e-01    1.654e-02
 1100    1100.000s     2.545e-01     2.712e-01    1.665e-02
 1101    1101.000s     2.541e-01     2.708e-01    1.676e-02
 1102    1102.000s     2.536e-01     2.705e-01    1.686e-02
 1103    1103.000s     2.532e-01     2.702e-01    1.697e-02
 1104    1104.000s     2.528e-01     2.698e-01    1.708e-02
 1105    1105.000s     2.523e-01     2.695e-01    1.718e-02
 1106    1106.000s     2.519e-01     2.692e-01    1.728e-02
 1107    1107.000s     2.515e-01     2.688e-01    1.738e-02
 1108    1108.000s     2.510e-01     2.685e-01    1.747e-02
 1109    1109.000s     2.506e-01     2.682e-01    1.757e-02
 1110    1110.000s     2.502e-01     2.679e-01    1.765e-02
 1111    1111.000s     2.498e-01     2.675e-01    1.774e-02
 1112    1112.000s     2.494e-01     2.672e-01    1.782e-02
 1113    1113.000s     2.490e-01     2.669e-01    1.790e-02
 1114    1114.000s     2.486e-01     2.665e-01    1.798e-02
 1115    1115.000s     2.482e-01     2.662e-01    1.805e-02
 1116    1116.000s     2.478e-01     2.659e-01    1.811e-02
 1117    1117.000s     2.474e-01     2.655e-01    1.818e-02
 1118    1118.000s     2.470e-01     2.652e-01    1.823e-02
 1119    1119.000s     2.466e-01     2.649e-01    1.829e-02
 1120    1120.000s     2.462e-01     2.646e-01    1.833e-02
 1121    1121.000s     2.459e-01     2.642e-01    1.837e-02
 1122    1122.000s     2.455e-01     2.639e-01    1.841e-02
 1123    1123.000s     2.451e-01     2.636e-01    1.844e-02
 1124    1124.000s     2.448e-01     2.633e-01    1.847e-02
 1125    1125.000s     2.444e-01     2.629e-01    1.849e-02
 1126    1126.000s     2.441e-01     2.626e-01    1.851e-02
 1127    1127.000s     2.438e-01     2.623e-01    1.852e-02
 1128    1128.000s     2.434e-01     2.620e-01    1.853e-02
 1129    1129.000s     2.431e-01     2.616e-01    1.853e-02
 1130    1130.000s     2.428e-01     2.613e-01    1.853e-02
 1131    1131.000s     2.425e-01     2.610e-01    1.853e-02
 1132    1132.000s     2.422e-01     2.607e-01    1.852e-02
 1133    1133.000s     2.418e-01     2.604e-01    1.851e-02
 1134    1134.000s     2.415e-01     2.600e-01    1.850e-02
 1135    1135.000s     2.412e-01     2.597e-01    1.848e-02
 1136    1136.000s     2.409e-01     2.594e-01    1.847e-02
 1137    1137.000s     2.406e-01     2.591e-01    1.845e-02
 1138    1138.000s     2.403e-01     2.588e-01    1.843e-02
 1139    1139.000s     2.400e-01     2.584e-01    1.841e-02
 1140    1140.000s     2.397e-01     2.581e-01    1.839e-02
 1141    1141.000s     2.394e-01     2.578e-01    1.838e-02
 1142    1142.000s     2.391e-01     2.575e-01    1.836e-02
 1143    1143.000s     2.388e-01     2.572e-01    1.835e-02
 1144    1144.000s     2.385e-01     2.568e-01    1.833e-02
 1145    1145.000s     2.382e-01     2.565e-01    1.832e-02
 1146    1146.000s     2.379e-01     2.562e-01    1.831e-02
 1147    1147.000s     2.376e-01     2.559e-01    1.831e-02
 1148    1148.000s     2.373e-01     2.556e-01    1.830e-02
 1149    1149.000s     2.370e-01     2.553e-01    1.830e-02
 1150    1150.000s     2.366e-01     2.550e-01    1.830e-02
 1151    1151.000s     2.363e-01     2.546e-01    1.831e-02
 1152    1152.000s     2.360e-01     2.543e-01    1.831e-02
 1153    1153.000s     2.357e-01     2.540e-01    1.832e-02
 1154    1154.000s     2.354e-01     2.537e-01    1.834e-02
 1155    1155.000s     2.350e-01     2.534e-01    1.835e-02
 1156    1156.000s     2.347e-01     2.531e-01    1.837e-02
 1157    1157.000s     2.344e-01     2.528e-01    1.839e-02
 1158    1158.000s     2.340e-01     2.524e-01    1.841e-02
 1159    1159.000s     2.337e-01     2.521e-01    1.844e-02
 1160    1160.000s     2.334e-01     2.518e-01    1.847e-02
 1161    1161.000s     2.330e-01     2.515e-01    1.849e-02
 1162    1162.000s     2.327e-01     2.512e-01    1.853e-02
 1163    1163.000s     2.323e-01     2.509e-01    1.856e-02
 1164    1164.000s     2.320e-01     2.506e-01    1.859e-02
 1165    1165.000s     2.316e-01     2.503e-01    1.863e-02
 1166    1166.000s     2.313e-01     2.500e-01    1.866e-02
 1167    1167.000s     2.310e-01     2.497e-01    1.870e-02
 1168    1168.000s     2.306e-01     2.494e-01    1.874e-02
 1169    1169.000s     2.303e-01     2.490e-01    1.878e-02
 1170    1170.000s     2.299e-01     2.487e-01    1.882e-02
 1171    1171.000s     2.296e-01     2.484e-01    1.887e-02
 1172    1172.000s     2.292e-01     2.481e-01    1.891e-02
 1173    1173.000s     2.289e-01     2.478e-01    1.895e-02
 1174    1174.000s     2.285e-01     2.475e-01    1.900e-02
 1175    1175.000s     2.282e-01     2.472e-01    1.904e-02
 1176    1176.000s     2.278e-01     2.469e-01    1.909e-02
 1177    1177.000s     2.275e-01     2.466e-01    1.913e-02
 1178    1178.000s     2.271e-01     2.463e-01    1.918e-02
 1179    1179.000s     2.268e-01     2.460e-01    1.922e-02
 1180    1180.000s     2.264e-01     2.457e-01    1.926e-02
 1181    1181.000s     2.261e-01     2.454e-01    1.931e-02
 1182    1182.000s     2.257e-01     2.451e-01    1.935e-02
 1183    1183.000s     2.254e-01     2.448e-01    1.939e-02
 1184    1184.000s     2.250e-01     2.445e-01    1.943e-02
 1185    1185.000s     2.247e-01     2.442e-01    1.947e-02
 1186    1186.000s     2.244e-01     2.439e-01    1.950e-02
 1187    1187.000s     2.240e-01     2.436e-01    1.954e-02
 1188    1188.000s     2.237e-01     2.433e-01    1.957e-02
 1189    1189.000s     2.234e-01     2.430e-01    1.960e-02
 1190    1190.000s     2.230e-01     2.427e-01    1.963e-02
 1191    1191.000s     2.227e-01     2.424e-01    1.965e-02
 1192    1192.000s     2.224e-01     2.421e-01    1.968e-02
 1193    1193.000s     2.221e-01     2.418e-01    1.970e-02
 1194    1194.000s     2.218e-01     2.415e-01    1.971e-02
 1195    1195.000s     2.215e-01     2.412e-01    1.973e-02
 1196    1196.000s     2.211e-01     2.409e-01    1.974e-02
 1197    1197.000s     2.208e-01     2.406e-01    1.975e-02
 1198    1198.000s     2.205e-01     2.403e-01    1.975e-02
 1199    1199.000s     2.202e-01     2.400e-01    1.976e-02
 1200    1200.000s     2.199e-01     2.397e-01    1.976e-02
 1201    1201.000s     2.196e-01     2.394e-01    1.976e-02
 1202    1202.000s     2.193e-01     2.391e-01    1.975e-02
 1203    1203.000s     2.191e-01     2.388e-01    1.975e-02
 1204    1204.000s     2.188e-01     2.385e-01    1.975e-02
 1205    1205.000s     2.185e-01     2.382e-01    1.974e-02
 1206    1206.000s     2.182e-01     2.379e-01    1.973e-02
 1207    1207.000s     2.179e-01     2.376e-01    1.972e-02
 1208    1208.000s     2.176e-01     2.373e-01    1.971e-02
 1209    1209.000s     2.173e-01     2.370e-01    1.970e-02
 1210    1210.000s     2.171e-01     2.368e-01    1.970e-02
 1211    1211.000s     2.168e-01     2.365e-01    1.969e-02
 1212    1212.000s     2.165e-01     2.362e-01    1.968e-02
 1213    1213.000s     2.162e-01     2.359e-01    1.967e-02
 1214    1214.000s     2.159e-01     2.356e-01    1.966e-02
 1215    1215.000s     2.156e-01     2.353e-01    1.966e-02
 1216    1216.000s     2.154e-01     2.350e-01    1.965e-02
 1217    1217.000s     2.151e-01     2.347e-01    1.964e-02
 1218    1218.000s     2.148e-01     2.344e-01    1.964e-02
 1219    1219.000s     2.145e-01     2.341e-01    1.964e-02
 1220    1220.000s     2.142e-01     2.339e-01    1.963e-02
 1221    1221.000s     2.139e-01     2.336e-01    1.963e-02
 1222    1222.000s     2.136e-01     2.333e-01    1.963e-02
 1223    1223.000s     2.134e-01     2.330e-01    1.963e-02
 1224    1224.000s     2.131e-01     2.327e-01    1.964e-02
 1225    1225.000s     2.128e-01     2.324e-01    1.964e-02
 1226    1226.000s     2.125e-01     2.321e-01    1.964e-02
 1227    1227.000s     2.122e-01     2.318e-01    1.965e-02
 1228    1228.000s     2.119e-01     2.316e-01    1.965e-02
 1229    1229.000s     2.116e-01     2.313e-01    1.966e-02
 1230    1230.000s     2.113e-01     2.310e-01    1.966e-02
 1231    1231.000s     2.110e-01     2.307e-01    1.967e-02
 1232    1232.000s     2.107e-01     2.304e-01    1.967e-02
 1233    1233.000s     2.105e-01     2.301e-01    1.968e-02
 1234    1234.000s     2.102e-01     2.298e-01    1.969e-02
 1235    1235.000s     2.099e-01     2.296e-01    1.969e-02
 1236    1236.000s     2.096e-01     2.293e-01    1.970e-02
 1237    1237.000s     2.093e-01     2.290e-01    1.970e-02
 1238    1238.000s     2.090e-01     2.287e-01    1.971e-02
 1239    1239.000s     2.087e-01     2.284e-01    1.971e-02
 1240    1240.000s     2.084e-01     2.282e-01    1.972e-02
 1241    1241.000s     2.081e-01     2.279e-01    1.972e-02
 1242    1242.000s     2.079e-01     2.276e-01    1.972e-02
 1243    1243.000s     2.076e-01     2.273e-01    1.973e-02
 1244    1244.000s     2.073e-01     2.270e-01    1.973e-02
 1245    1245.000s     2.070e-01     2.267e-01    1.973e-02
 1246    1246.000s     2.067e-01     2.265e-01    1.972e-02
 1247    1247.000s     2.065e-01     2.262e-01    1.972e-02
 1248    1248.000s     2.062e-01     2.259e-01    1.972e-02
 1249    1249.000s     2.059e-01     2.256e-01    1.971e-02
 1250    1250.000s     2.056e-01     2.254e-01    1.971e-02
 1251    1251.000s     2.054e-01     2.251e-01    1.970e-02
 1252    1252.000s     2.051e-01     2.248e-01    1.970e-02
 1253    1253.000s     2.048e-01     2.245e-01    1.969e-02
 1254    1254.000s     2.046e-01     2.242e-01    1.968e-02
 1255    1255.000s     2.043e-01     2.240e-01    1.967e-02
 1256    1256.000s     2.040e-01     2.237e-01    1.966e-02
 1257    1257.000s     2.038e-01     2.234e-01    1.965e-02
 1258    1258.000s     2.035e-01     2.231e-01    1.965e-02
 1259    1259.000s     2.032e-01     2.229e-01    1.964e-02
 1260    1260.000s     2.030e-01     2.226e-01    1.963e-02
 1261    1261.000s     2.027e-01     2.223e-01    1.962e-02
 1262    1262.000s     2.024e-01     2.220e-01    1.962e-02
 1263    1263.000s     2.022e-01     2.218e-01    1.961e-02
 1264    1264.000s     2.019e-01     2.215e-01    1.961e-02
 1265    1265.000s     2.016e-01     2.212e-01    1.961e-02
 1266    1266.000s     2.013e-01     2.209e-01    1.961e-02
 1267    1267.000s     2.011e-01     2.207e-01    1.961e-02
 1268    1268.000s     2.008e-01     2.204e-01    1.962e-02
 1269    1269.000s     2.005e-01     2.201e-01    1.963e-02
 1270    1270.000s     2.002e-01     2.199e-01    1.964e-02
 1271    1271.000s     1.999e-01     2.196e-01    1.965e-02
 1272    1272.000s     1.997e-01     2.193e-01    1.966e-02
 1273    1273.000s     1.994e-01     2.190e-01    1.968e-02
 1274    1274.000s     1.991e-01     2.188e-01    1.970e-02
 1275    1275.000s     1.988e-01     2.185e-01    1.972e-02
 1276    1276.000s     1.985e-01     2.182e-01    1.975e-02
 1277    1277.000s     1.982e-01     2.180e-01    1.978e-02
 1278    1278.000s     1.979e-01     2.177e-01    1.981e-02
 1279    1279.000s     1.976e-01     2.174e-01    1.984e-02
 1280    1280.000s     1.973e-01     2.172e-01    1.987e-02
 1281    1281.000s     1.970e-01     2.169e-01    1.991e-02
 1282    1282.000s     1.967e-01     2.166e-01    1.995e-02
 1283    1283.000s     1.964e-01     2.164e-01    2.000e-02
 1284    1284.000s     1.961e-01     2.161e-01    2.004e-02
 1285    1285.000s     1.957e-01     2.158e-01    2.009e-02
 1286    1286.000s     1.954e-01     2.156e-01    2.014e-02
 1287    1287.000s     1.951e-01     2.153e-01    2.019e-02
 1288    1288.000s     1.948e-01     2.150e-01    2.025e-02
 1289    1289.000s     1.945e-01     2.148e-01    2.031e-02
 1290    1290.000s     1.941e-01     2.145e-01    2.037e-02
 1291    1291.000s     1.938e-01     2.142e-01    2.043e-02
 1292    1292.000s     1.935e-01     2.140e-01    2.049e-02
 1293    1293.000s     1.931e-01     2.137e-01    2.056e-02
 1294    1294.000s     1.928e-01     2.134e-01    2.063e-02
 1295    1295.000s     1.925e-01     2.132e-01    2.070e-02
 1296    1296.000s     1.921e-01     2.129e-01    2.077e-02
 1297    1297.000s     1.918e-01     2.127e-01    2.085e-02
 1298    1298.000s     1.915e-01     2.124e-01    2.092e-02
 1299    1299.000s     1.911e-01     2.121e-01    2.100e-02
 1300    1300.000s     1.908e-01     2.119e-01    2.108e-02
 1301    1301.000s     1.904e-01     2.116e-01    2.116e-02
 1302    1302.000s     1.901e-01     2.113e-01    2.125e-02
 1303    1303.000s     1.898e-01     2.111e-01    2.133e-02
 1304    1304.000s     1.894e-01     2.108e-01    2.141e-02
 1305    1305.000s     1.891e-01     2.106e-01    2.150e-02
 1306    1306.000s     1.887e-01     2.103e-01    2.158e-02
 1307    1307.000s     1.884e-01     2.100e-01    2.167e-02
 1308    1308.000s     1.880e-01     2.098e-01    2.176e-02
 1309    1309.000s     1.877e-01     2.095e-01    2.185e-02
 1310    1310.000s     1.873e-01     2.093e-01    2.193e-02
 1311    1311.000s     1.870e-01     2.090e-01    2.202e-02
 1312    1312.000s     1.866e-01     2.088e-01    2.211e-02
 1313    1313.000s     1.863e-01     2.085e-01    2.219e-02
 1314    1314.000s     1.860e-01     2.082e-01    2.228e-02
 1315    1315.000s     1.856e-01     2.080e-01    2.236e-02
 1316    1316.000s     1.853e-01     2.077e-01    2.245e-02
 1317    1317.000s     1.849e-01     2.075e-01    2.253e-02
 1318    1318.000s     1.846e-01     2.072e-01    2.261e-02
 1319    1319.000s     1.843e-01     2.070e-01    2.269e-02
 1320    1320.000s     1.839e-01     2.067e-01    2.277e-02
 1321    1321.000s     1.836e-01     2.064e-01    2.285e-02
 1322    1322.000s     1.833e-01     2.062e-01    2.292e-02
 1323    1323.000s     1.829e-01     2.059e-01    2.300e-02
 1324    1324.000s     1.826e-01     2.057e-01    2.307e-02
 1325    1325.000s     1.823e-01     2.054e-01    2.314e-02
 1326    1326.000s     1.820e-01     2.052e-01    2.320e-02
 1327    1327.000s     1.817e-01     2.049e-01    2.327e-02
 1328    1328.000s     1.813e-01     2.047e-01    2.333e-02
 1329    1329.000s     1.810e-01     2.044e-01    2.339e-02
 1330    1330.000s     1.807e-01     2.042e-01    2.345e-02
 1331    1331.000s     1.804e-01     2.039e-01    2.350e-02
 1332    1332.000s     1.801e-01     2.037e-01    2.356e-02
 1333    1333.000s     1.798e-01     2.034e-01    2.361e-02
 1334    1334.000s     1.795e-01     2.032e-01    2.365e-02
 1335    1335.000s     1.792e-01     2.029e-01    2.370e-02
 1336    1336.000s     1.789e-01     2.027e-01    2.374e-02
 1337    1337.000s     1.786e-01     2.024e-01    2.378e-02
 1338    1338.000s     1.783e-01     2.022e-01    2.382e-02
 1339    1339.000s     1.781e-01     2.019e-01    2.386e-02
 1340    1340.000s     1.778e-01     2.017e-01    2.390e-02
 1341    1341.000s     1.775e-01     2.014e-01    2.393e-02
 1342    1342.000s     1.772e-01     2.012e-01    2.396e-02
 1343    1343.000s     1.769e-01     2.009e-01    2.399e-02
 1344    1344.000s     1.767e-01     2.007e-01    2.402e-02
 1345    1345.000s     1.764e-01     2.004e-01    2.404e-02
 1346    1346.000s     1.761e-01     2.002e-01    2.407e-02
 1347    1347.000s     1.758e-01     1.999e-01    2.409e-02
 1348    1348.000s     1.756e-01     1.997e-01    2.411e-02
 1349    1349.000s     1.753e-01     1.994e-01    2.413e-02
 1350    1350.000s     1.750e-01     1.992e-01    2.415e-02
 1351    1351.000s     1.748e-01     1.989e-01    2.417e-02
 1352    1352.000s     1.745e-01     1.987e-01    2.418e-02
 1353    1353.000s     1.743e-01     1.985e-01    2.420e-02
 1354    1354.000s     1.740e-01     1.982e-01    2.422e-02
 1355    1355.000s     1.737e-01     1.980e-01    2.423e-02
 1356    1356.000s     1.735e-01     1.977e-01    2.425e-02
 1357    1357.000s     1.732e-01     1.975e-01    2.426e-02
 1358    1358.000s     1.730e-01     1.972e-01    2.428e-02
 1359    1359.000s     1.727e-01     1.970e-01    2.429e-02
 1360    1360.000s     1.724e-01     1.967e-01    2.430e-02
 1361    1361.000s     1.722e-01     1.965e-01    2.432e-02
 1362    1362.000s     1.719e-01     1.963e-01    2.433e-02

============================================================

