# t_m Re(M) Re(M_err) Im(M) Im(Merr) Re(M)/M0 Re(Merr)/M0 Im(M)/M0 Im(Merr)/M0
1.000000000000000082e-05 -9.915033258362846391e+04 2.357977611855994382e+03 1.070473749028282509e+04 2.357977611855994382e+03 -5.059395745892936169e-01 1.203217537195115129e-02 5.462362244075848194e-02 1.203217537195115129e-02
1.599999999999999928e-05 -8.738837166376084497e+04 2.287139737309440079e+03 6.738312403443680523e+03 2.287139737309440079e+03 -4.459212030007316252e-01 1.167070725400344393e-02 3.438393822806978806e-02 1.167070725400344393e-02
2.599999999999999840e-05 -7.222014392745863006e+04 2.385289623252121146e+03 5.117747292233222652e+03 2.385289623252121146e+03 -3.685214960284383112e-01 1.217154179732627024e-02 2.611459609279739164e-02 1.217154179732627024e-02
4.300000000000000165e-05 -4.619380116301924863e+04 2.439497390222585636e+03 2.870662160798839068e+03 2.439497390222585636e+03 -2.357155190515154985e-01 1.244815059777925823e-02 1.464827756577754235e-02 1.244815059777925823e-02
6.999999999999999387e-05 -1.393441982810413901e+04 2.318432630617720861e+03 -3.016632793997502517e+02 2.318432630617720861e+03 -7.110389099333899732e-02 1.183038713318797404e-02 -1.539312953085563091e-03 1.183038713318797404e-02
1.129999999999999955e-04 2.780828678488409059e+04 2.410151357971969446e+03 -3.552907476932174177e+03 2.410151357971969446e+03 1.418987956912252657e-01 1.229840506807831219e-02 -1.812960633206180810e-02 1.229840506807831219e-02
1.830000000000000029e-04 7.995861343147902517e+04 2.458742613895682553e+03 -6.328523946016424816e+03 2.458742613895682553e+03 4.080089880702226779e-01 1.254635420460861392e-02 -3.229288928834507522e-02 1.254635420460861392e-02
2.979999999999999793e-04 1.285850600091213710e+05 2.468973406286228510e+03 -1.033242552843505109e+04 2.468973406286228510e+03 6.561376937861692626e-01 1.259855940266398425e-02 -5.272380677011623273e-02 1.259855940266398425e-02
4.829999999999999767e-04 1.662982605265749444e+05 2.397885523897401072e+03 -1.334006495169381378e+04 2.397885523897401072e+03 8.485788095041385537e-01 1.223581555665699885e-02 -6.807104535893347685e-02 1.223581555665699885e-02
7.849999999999999990e-04 1.884848240827571135e+05 2.516855508014709358e+03 -1.352219078042136425e+04 2.516855508014709358e+03 9.617913447999263399e-01 1.284288990108682985e-02 -6.900038832639573960e-02 1.284288990108682985e-02
1.299999999999999920e-05 -9.512666227981896373e+04 2.389102785796430453e+03 7.617097042264030279e+03 2.389102785796430453e+03 -4.854077822215785432e-01 1.219099942076772893e-02 3.886815844937227538e-02 1.219099942076772893e-02
2.099999999999999884e-05 -7.881715027956804261e+04 2.411884788939019018e+03 6.250699767065440028e+03 2.411884788939019018e+03 -4.021843844966532799e-01 1.230725033670420666e-02 3.189577179044851551e-02 1.230725033670420666e-02
3.399999999999999973e-05 -5.922014517328358488e+04 2.363073202916156788e+03 2.900544367048614731e+03 2.363073202916156788e+03 -3.021857241962953577e-01 1.205817691028270716e-02 1.480075905851534375e-02 1.205817691028270716e-02
5.500000000000000196e-05 -2.948970972061604334e+04 2.513000841737978135e+03 1.706547568573412491e+03 2.513000841737978135e+03 -1.504786802225392128e-01 1.282322049438475858e-02 8.708089306026093809e-03 1.282322049438475858e-02
8.899999999999999491e-05 7.958176415002151771e+03 2.278904628209671500e+03 -1.342535536849399250e+03 2.278904628209671500e+03 4.060860195821031082e-02 1.162868553318754071e-02 -6.850626121820485408e-03 1.162868553318754071e-02
1.440000000000000036e-04 5.375787128665365890e+04 2.360628469472438155e+03 -5.229466299497359614e+03 2.360628469472438155e+03 2.743130942768666203e-01 1.204570204140159584e-02 -2.668467049936664240e-02 1.204570204140159584e-02
2.339999999999999958e-04 1.048962523893064645e+05 2.378016578949992436e+03 -8.341437620034168503e+03 2.378016578949992436e+03 5.352595793372044719e-01 1.213442925474266833e-02 -4.256428890325335973e-02 1.213442925474266833e-02
3.789999999999999966e-04 1.498669455596249609e+05 2.415678538862645382e+03 -1.157032950906829501e+04 2.415678538862645382e+03 7.647338814267713447e-01 1.232660890235338057e-02 -5.904052399157103115e-02 1.232660890235338057e-02
6.160000000000000111e-04 1.795143537415922910e+05 2.342899224172854701e+03 -1.274033980467045694e+04 2.342899224172854701e+03 9.160172578149251565e-01 1.195523409650494327e-02 -6.501079656451239086e-02 1.195523409650494327e-02
1.000000000000000021e-03 1.932492722008883720e+05 2.480332977298367041e+03 -1.177898194908889309e+04 2.480332977298367041e+03 9.861031427659788795e-01 1.265652447827833767e-02 -6.010522568232935792e-02 1.265652447827833767e-02
2.000000000000000042e-03 1.964052766752144089e+05 2.401867372644885108e+03 -1.513406887464446299e+04 2.401867372644885108e+03 1.002207451440845221e+00 1.225613394398748779e-02 -7.722540276689891792e-02 1.225613394398748779e-02
4.000000000000000083e-03 1.948410624465516885e+05 2.251812085492244023e+03 -1.330508271372115451e+04 2.251812085492244023e+03 9.942256538936850019e-01 1.149043900208855315e-02 -6.789253966826279407e-02 1.149043900208855315e-02
8.000000000000000167e-03 1.953889320016534766e+05 2.385133931264354032e+03 -1.422519792422067258e+04 2.385133931264354032e+03 9.970212964539842959e-01 1.217074733969808649e-02 -7.258765955382262547e-02 1.217074733969808649e-02
1.600000000000000033e-02 1.958126679989274708e+05 2.436108229984499303e+03 -1.395356168839380916e+04 2.436108229984499303e+03 9.991835162329059106e-01 1.243085655302528757e-02 -7.120156716243943029e-02 1.243085655302528757e-02
3.200000000000000067e-02 1.972010094523935695e+05 2.607075048275459721e+03 -1.537241955604216855e+04 2.607075048275459721e+03 1.006267878595068055e+00 1.330325785578497302e-02 -7.844164722324212247e-02 1.330325785578497302e-02
