# t_m M M/M0 (M-M1)/M0
1.000000000000000082e-05 -6.343276183271663031e+05 4.323585724111818074e-01 9.779324195098532124e-01
1.039255682936713057e-05 -6.334939186093116878e+05 4.317903215429919062e-01 9.773641686416633112e-01
1.080052374516253993e-05 -6.326390066216191044e+05 4.312076123626621404e-01 9.767814594613335455e-01
1.122450568085305802e-05 -6.317623560942570912e+05 4.306100861639553523e-01 9.761839332626267574e-01
1.166513131698196108e-05 -6.308634284099017968e+05 4.299973758245668742e-01 9.755712229232382793e-01
1.212305401337652898e-05 -6.299416723519215593e+05 4.293691056344863810e-01 9.749429527331577860e-01
1.259895277795028468e-05 -6.289965238495270023e+05 4.287248911222922843e-01 9.742987382209636893e-01
1.309353327353609475e-05 -6.280274057199851377e+05 4.280643388794441728e-01 9.736381859781155779e-01
1.360752886424333165e-05 -6.270337274079978233e+05 4.273870463826429655e-01 9.729608934813144261e-01
1.414170170289024019e-05 -6.260148847223682096e+05 4.266926018143423205e-01 9.722664489130137255e-01
1.469684386112447426e-05 -6.249702595700757811e+05 4.259805838814939016e-01 9.715544309801653622e-01
1.527377850390712299e-05 -6.238992196879073745e+05 4.252505616326267002e-01 9.708244087312981607e-01
1.587336111010208536e-05 -6.228011183717971435e+05 4.245020942733647162e-01 9.700759413720361213e-01
1.649648074098020639e-05 -6.216752942040438065e+05 4.237347309804980200e-01 9.693085780791694805e-01
1.714406135851971963e-05 -6.205210707785872510e+05 4.229480107147305934e-01 9.685218578134020539e-01
1.781706319545728901e-05 -6.193377564245505491e+05 4.221414620322466726e-01 9.677153091309180777e-01
1.851648417912153989e-05 -6.181246439282546053e+05 4.213146028952349798e-01 9.668884499939064403e-01
1.924336141115980055e-05 -6.168810102539473446e+05 4.204669404815378209e-01 9.660407875802092814e-01
1.999877270535286910e-05 -6.156061162634951761e+05 4.195979709935922508e-01 9.651718180922637114e-01
2.078383818579755086e-05 -6.142992064353098394e+05 4.187071794668500990e-01 9.642810265655215041e-01
2.159972194782717103e-05 -6.129595085828021402e+05 4.177940395778759197e-01 9.633678866765473803e-01
2.244763378413223854e-05 -6.115862335726808524e+05 4.168580134523387493e-01 9.624318605510101543e-01
2.332883097864158392e-05 -6.101785750434243819e+05 4.158985514731224353e-01 9.614723985717938959e-01
2.424462017082330928e-05 -6.087357091242960887e+05 4.149150920888058369e-01 9.604889391874772420e-01
2.519635929317013366e-05 -6.072567941552806878e+05 4.139070616227710775e-01 9.594809087214425380e-01
2.618545958474232716e-05 -6.057409704083580291e+05 4.128738740832236243e-01 9.584477211818950293e-01
2.721338768375308650e-05 -6.041873598105519777e+05 4.118149309744216779e-01 9.573887780730930830e-01
2.828166780230035161e-05 -6.025950656692209886e+05 4.107296211094341176e-01 9.563034682081055227e-01
2.939188398646884365e-05 -6.009631724000921240e+05 4.096173204247678945e-01 9.551911675234393551e-01
3.054568246515432163e-05 -5.992907452585670399e+05 4.084773917972261970e-01 9.540512388958976020e-01
3.174477409109193257e-05 -5.975768300748610636e+05 4.073091848633783596e-01 9.528830319620498202e-01
3.299093687770942587e-05 -5.958204529935776955e+05 4.061120358420540200e-01 9.516858829407254250e-01
3.428601863556583155e-05 -5.940206202183488058e+05 4.048852673602890140e-01 9.504591144589604745e-01
3.563193971228584164e-05 -5.921763177622141084e+05 4.036281882831841417e-01 9.492020353818555467e-01
3.703069584005140764e-05 -5.902865112044540001e+05 4.023400935481618590e-01 9.479139406468333195e-01
3.848436109487433118e-05 -5.883501454546226887e+05 4.010202640041309330e-01 9.465941111028023380e-01
3.999509097203661132e-05 -5.863661445245834766e+05 3.996679662561054003e-01 9.452418133547768608e-01
4.156512558225988177e-05 -5.843334113093846245e+05 3.982824525158493723e-01 9.438562996145207773e-01
4.319679297334173899e-05 -5.822508273778621806e+05 3.968629604591514815e-01 9.424368075578228865e-01
4.489251258218607721e-05 -5.801172527739073848e+05 3.954087130903685132e-01 9.409825601890399183e-01
4.665479882234468170e-05 -5.779315258293844527e+05 3.939189186149099631e-01 9.394927657135814236e-01
4.848626481239078214e-05 -5.756924629897364648e+05 3.923927703203707873e-01 9.379666174190421923e-01
5.038962625065150348e-05 -5.733988586533769267e+05 3.908294464670602486e-01 9.364032935657317092e-01
5.236770544204655644e-05 -5.710494850260104286e+05 3.892281101887070660e-01 9.348019572873784711e-01
5.442343548300271707e-05 -5.686430919910966186e+05 3.875879094041671524e-01 9.331617565028386130e-01
5.655986461065002122e-05 -5.661784069977247855e+05 3.859079767409989703e-01 9.314818238396703753e-01
5.878016072274911818e-05 -5.636541349672280485e+05 3.841874294718113925e-01 9.297612765704827975e-01
6.108761607505039696e-05 -5.610689582199404249e+05 3.824253694643416357e-01 9.279992165630130962e-01
6.348565216305209716e-05 -5.584215364235535963e+05 3.806208831462546405e-01 9.261947302449260455e-01
6.597782479539533469e-05 -5.557105065646093572e+05 3.787730414857128358e-01 9.243468885843842964e-01
6.856782936641737654e-05 -5.529344829447361408e+05 3.768808999888104139e-01 9.224547470874818744e-01
7.125950633568410445e-05 -5.500920572032983182e+05 3.749434987150115361e-01 9.205173458136829412e-01
7.405684692262442192e-05 -5.471817983682189370e+05 3.729598623117910128e-01 9.185337094104624178e-01
7.696399902471150959e-05 -5.442022529368043179e+05 3.709290000697244016e-01 9.165028471683958067e-01
7.998527336796708482e-05 -5.411519449884778587e+05 3.688499059993276541e-01 9.144237530979990591e-01
8.312514989890631772e-05 -5.380293763314193347e+05 3.667215589310065527e-01 9.122954060296779577e-01
8.638828442740453491e-05 -5.348330266851800261e+05 3.645429226395275335e-01 9.101167697381989941e-01
8.977951553033313987e-05 -5.315613539014380658e+05 3.623129459944847697e-01 9.078867930931562302e-01
9.330387172620360271e-05 -5.282127942251338391e+05 3.600305631382903493e-01 9.056044102369618098e-01
9.696657893145520398e-05 -5.247857625983305043e+05 3.576946936932862697e-01 9.032685407919577303e-01
1.007730682094461807e-04 -5.212786530092126923e+05 3.553042429996220442e-01 9.008780900982934492e-01
1.047289838236358574e-04 -5.176898388887481997e+05 3.528581023856202092e-01 8.984319494842916143e-01
1.088401916069005473e-04 -5.140176735576147912e+05 3.503551494724021498e-01 8.959289965710736103e-01
1.131127876593921339e-04 -5.102604907260943437e+05 3.477942485146164331e-01 8.933680956132878936e-01
1.175531073878369897e-04 -5.064166050497278338e+05 3.451742507791742409e-01 8.907480978778457015e-01
1.221677348996791812e-04 -5.024843127436175710e+05 3.424939949639585479e-01 8.880678420626300085e-01
1.269635127659972894e-04 -4.984618922583594685e+05 3.397523076585404200e-01 8.853261547572118806e-01
1.319475521676705977e-04 -4.943476050206773216e+05 3.369480038489964802e-01 8.825218509476678852e-01
1.371272434398400808e-04 -4.901396962419293122e+05 3.340798874689879239e-01 8.796537345676593844e-01
1.425102670302997709e-04 -4.858363957977431128e+05 3.311467519993210318e-01 8.767205990979924923e-01
1.481046048880673999e-04 -4.814359191821297863e+05 3.281473811182725187e-01 8.737212282169439792e-01
1.539185522990205494e-04 -4.769364685395153938e+05 3.250805494050236777e-01 8.706543965036951382e-01
1.599607301861487752e-04 -4.723362337782093091e+05 3.219450230986020678e-01 8.675188701972734728e-01
1.662400978926611885e-04 -4.676333937689197483e+05 3.187395609147911091e-01 8.643134080134625696e-01
1.727659664669034588e-04 -4.628261176319945371e+05 3.154629149235151364e-01 8.610367620221865970e-01
1.795480124687830279e-04 -4.579125661171522224e+05 3.121138314892663579e-01 8.576876785879378184e-01
1.865962923181746036e-04 -4.528908930795277702e+05 3.086910522771790788e-01 8.542648993758504838e-01
1.939212572065831012e-04 -4.477592470559218200e+05 3.051933153274039578e-01 8.507671624260754184e-01
2.015337685941733013e-04 -4.425157729452053318e+05 3.016193562004735873e-01 8.471932032991450479e-01
2.094451143151468647e-04 -4.371586137968710391e+05 2.979679091963819970e-01 8.435417562950534576e-01
2.176670253153459040e-04 -4.316859127117708558e+05 2.942377086501294925e-01 8.398115557488009530e-01
2.262116930469026423e-04 -4.260958148591016652e+05 2.904274903065033331e-01 8.360013374051747936e-01
2.350917875457286799e-04 -4.203864696137259016e+05 2.865359927768780790e-01 8.321098398755495396e-01
2.443204762186486812e-04 -4.145560328179154312e+05 2.825619590808234327e-01 8.281358061794948933e-01
2.539114433680347252e-04 -4.086026691716093337e+05 2.785041382753072337e-01 8.240779853739786942e-01
2.638789104828934487e-04 -4.025245547552400967e+05 2.743612871742570625e-01 8.199351342729285230e-01
2.742376573264949761e-04 -3.963198796891594538e+05 2.701321721612287563e-01 8.157060192599001613e-01
2.850030438518105108e-04 -3.899868509336310672e+05 2.658155710978852282e-01 8.113894181965566332e-01
2.961910329772553230e-04 -3.835236952332820510e+05 2.614102753309384686e-01 8.069841224296099291e-01
3.078182142565080021e-04 -3.769286622098161606e+05 2.569150918001472106e-01 8.024889388988186711e-01
3.199018284775064186e-04 -3.702000276066587539e+05 2.523288452498714807e-01 7.979026923485429412e-01
3.324597932270938281e-04 -3.633360966890727868e+05 2.476503805465959940e-01 7.932242276452674545e-01
3.455107294592218038e-04 -3.563352078031044221e+05 2.428785651047127570e-01 7.884524122033841342e-01
3.590739891061055147e-04 -3.491957360965249827e+05 2.380122914227198738e-01 7.835861385213912511e-01
3.731696837732751608e-04 -3.419160974046889460e+05 2.330504797318278531e-01 7.786243268304993137e-01
3.878187145610719399e-04 -3.344947523039859952e+05 2.279920807587979270e-01 7.735659278574693598e-01
4.030428030568050765e-04 -3.269302103352415143e+05 2.228360786046177933e-01 7.684099257032892538e-01
4.188645235435270735e-04 -3.192210343991006957e+05 2.175814937404011995e-01 7.631553408390726601e-01
4.353073364731892205e-04 -3.113658453250358580e+05 2.122273861216298074e-01 7.578012332203012402e-01
4.523956232538053576e-04 -3.033633266152093420e+05 2.067728584215765275e-01 7.523467055202479603e-01
4.701547224022129445e-04 -2.952122293639486888e+05 2.012170593844264666e-01 7.467909064830978716e-01
4.886109671160326559e-04 -2.869113773530767066e+05 1.955591872982609947e-01 7.411330343969324552e-01
5.077917243205403450e-04 -2.784596723227790790e+05 1.897984935876882440e-01 7.353723406863597045e-01
5.277254352483537903e-04 -2.698560994170635240e+05 1.839342865254756099e-01 7.295081336241470149e-01
5.484416576121014814e-04 -2.610997328021990834e+05 1.779659350620854674e-01 7.235397821607568725e-01
5.699711094326075696e-04 -2.521897414557902375e+05 1.718928727715162141e-01 7.174667198701876192e-01
5.923457145875806037e-04 -2.431253951233437983e+05 1.657146019113063251e-01 7.112884490099777857e-01
6.155986501483508158e-04 -2.339060704383281991e+05 1.594306975939751014e-01 7.050045446926465065e-01
6.397643955748423279e-04 -2.245312572008164134e+05 1.530408120665543437e-01 6.986146591652258042e-01
6.648787838417262669e-04 -2.150005648087998852e+05 1.465446790941806465e-01 6.921185261928520793e-01
6.909790545715644838e-04 -2.053137288352112519e+05 1.399421184430031939e-01 6.855159655416745990e-01
7.181039092537349049e-04 -1.954706177425639471e+05 1.332330404568911886e-01 6.788068875555626214e-01
7.462935686310129138e-04 -1.854712397259129211e+05 1.264174507216052623e-01 6.719912978202766674e-01
7.755898323389001994e-04 -1.753157496735688765e+05 1.194954548092299340e-01 6.650693019079013668e-01
8.060361408861344565e-04 -1.650044562336513773e+05 1.124672630947456814e-01 6.580411101934171558e-01
8.376776400682915506e-04 -1.545378289731328841e+05 1.053331956356433341e-01 6.509070427343147669e-01
8.705612479099856735e-04 -1.439165056145398412e+05 9.809368710446929318e-02 6.436675342031407121e-01
9.047357242349293423e-04 -1.331412993339003297e+05 9.074929176311674617e-02 6.363231388617881512e-01
9.402517429670132366e-04 -1.222132061018797103e+05 8.330068846655368231e-02 6.288745355652251012e-01
9.771619672696181796e-04 -1.111334120483356528e+05 7.574868568251369449e-02 6.213225327811850995e-01
1.015521127634568194e-03 -9.990330082873976789e+04 6.809422651245909675e-02 6.136680736111305157e-01
1.055386103036523061e-03 -8.852446096906310413e+04 6.033839369786484635e-02 6.059122407965362722e-01
1.096816005273138070e-03 -7.699869316382077523e+04 5.248241459457578945e-02 5.980562616932472153e-01
1.139872266616051392e-03 -6.532801750000426546e+04 4.452766609664880748e-02 5.901015131953202264e-01
1.184618730902683558e-03 -5.351468057761562523e+04 3.647567948971863067e-02 5.820495265883900426e-01
1.231121748203889638e-03 -4.156116249548248015e+04 2.832814521253895768e-02 5.739019923112104182e-01
1.279450273207873327e-03 -2.947018366892717313e+04 2.008691750391500969e-02 5.656607646025864078e-01
1.329675967466211308e-03 -1.724471144378057215e+04 1.175401891082443646e-02 5.573278660094959092e-01
1.381873305653632221e-03 -4.887966469098348171e+03 3.331644632069425370e-03 5.489054917307408799e-01
1.436119685999078747e-03 7.596571211158763617e+03 -5.177833329625690199e-03 5.403960137690457799e-01
1.492495545051829124e-03 2.020515638932841830e+04 -1.377186223559481552e-02 5.318019848630766155e-01
1.551084476952840603e-03 3.293377329203113914e+04 -2.244770492920892743e-02 5.231261421694625158e-01
1.611973357388157098e-03 4.577813059084268752e+04 -3.120243643514353238e-02 5.143714106635278727e-01
1.675252472408215532e-03 5.873365687351266388e+04 -4.003294087255507283e-02 5.055409062261163600e-01
1.741015652304015327e-03 7.179549662540468853e+04 -4.893590871602505193e-02 4.966379383826463600e-01
1.809360410738716568e-03 8.495850677259638906e+04 -5.790783443933227026e-02 4.876660126593391764e-01
1.880388089340914639e-03 9.821725383962737396e+04 -6.694501457816992573e-02 4.786288325205015348e-01
1.954204007974053459e-03 1.115660117763362359e+05 -7.604354624891478120e-02 4.695303008497566655e-01
2.030917620904734884e-03 1.249987605094134342e+05 -8.519932616136359493e-02 4.603745209373078517e-01
2.110642679101554751e-03 1.385091852753210114e+05 -9.440805016405030836e-02 4.511657969346211106e-01
2.193497398905057839e-03 1.520906767919328995e+05 -1.036652133612363108e-01 4.419086337374351081e-01
2.279604637318979887e-03 1.657363323267090600e+05 -1.129661108409793779e-01 4.326077362576920549e-01
2.369092074182631985e-03 1.794389577193016885e+05 -1.223058390537448414e-01 4.232680080449265914e-01
2.462092401494625667e-03 1.931910704162544571e+05 -1.316792978808607462e-01 4.138945492178106589e-01
2.558743520168586631e-03 2.069849035747660091e+05 -1.410811934316486549e-01 4.044926536670227502e-01
2.659188744512693513e-03 2.208124112914075376e+05 -1.505060416073247254e-01 3.950678054913467352e-01
2.763577014736157307e-03 2.346652750100706471e+05 -1.599481724686656614e-01 3.856256746300057436e-01
2.872063117797828136e-03 2.485349111613378627e+05 -1.694017354430142341e-01 3.761721116556572264e-01
2.984807916924324140e-03 2.624124800827769795e+05 -1.788607054043639955e-01 3.667131416943074651e-01
3.101978590138096837e-03 2.762888962664232822e+05 -1.883188896580572369e-01 3.572549574406141959e-01
3.223748878149030293e-03 2.901548399757955340e+05 -1.977699358589589396e-01 3.478039112397124932e-01
3.350299341977229679e-03 3.040007702702515526e+05 -2.072073408888754076e-01 3.383665062097960252e-01
3.481817630688966662e-03 3.178169394692265778e+05 -2.166244607153988977e-01 3.289493863832725351e-01
3.618498759642746650e-03 3.315934090829124907e+05 -2.260145212502803480e-01 3.195593258483910848e-01
3.760545399658171695e-03 3.453200672292293166e+05 -2.353706302208609935e-01 3.102032168778104393e-01
3.908168177536264394e-03 3.589866475494272308e+05 -2.446857900629726135e-01 3.008880570356988193e-01
4.061585988376979588e-03 3.725827496264156653e+05 -2.539529118380984829e-01 2.916209352605729221e-01
4.221026320156898506e-03 3.860978609008510830e+05 -2.631648301714089033e-01 2.824090169272625017e-01
4.386725591048498511e-03 3.995213800702079898e+05 -2.723143192005999524e-01 2.732595278980714526e-01
4.558929499981059785e-03 4.128426419454563293e+05 -2.813941095182387331e-01 2.641797375804326720e-01
4.737893390963143769e-03 4.260509437286566827e+05 -2.903969060826083748e-01 2.551769410160630858e-01
4.923882631706736485e-03 4.391355726627284894e+05 -2.993154070638276432e-01 2.462584400348437896e-01
5.117173007114604946e-03 4.520858349919690518e+05 -3.081423235833806173e-01 2.374315235152908155e-01
5.318051128214196926e-03 4.648910861585788080e+05 -3.168704002961093558e-01 2.287034468025620770e-01
5.526814857144603244e-03 4.775407621466391720e+05 -3.254924367543121644e-01 2.200814103443592684e-01
5.743773748826581232e-03 4.900244118706901791e+05 -3.340013094838424901e-01 2.115725376148289705e-01
5.969249509970733433e-03 5.023317304914682754e+05 -3.423899946921612480e-01 2.031838524065101848e-01
6.203576476104268565e-03 5.144525935265027802e+05 -3.506515915181661613e-01 1.949222555805052715e-01
6.447102107323869104e-03 5.263770916083739139e+05 -3.587793457234679240e-01 1.867945013752035088e-01
6.700187503509583663e-03 5.380955657285553170e+05 -3.667666737146414446e-01 1.788071733840299882e-01
6.963207939763882935e-03 5.495986427901610732e+05 -3.746071867760268903e-01 1.709666603226445147e-01
7.236553422869657429e-03 5.608772712786842603e+05 -3.822947153829538980e-01 1.632791317157175071e-01
7.520629269592406588e-03 5.719227568462349009e+05 -3.898233334560068375e-01 1.557505136426645953e-01
7.815856707684091381e-03 5.827267975919896271e+05 -3.971873824082274296e-01 1.483864646904440032e-01
8.122673500479711886e-03 5.932815188098350773e+05 -4.043814948291562517e-01 1.411923522695151811e-01
8.441534596012984296e-03 6.035795069637326524e+05 -4.114006176424876982e-01 1.341732294561837346e-01
8.772912801613356321e-03 6.136138426423713099e+05 -4.182400345680064024e-01 1.273338125306650304e-01
9.117299484984920863e-03 6.233781322375012096e+05 -4.248953877135828727e-01 1.206784593850885740e-01
9.475205302806537222e-03 6.328665380851391237e+05 -4.313626981194601528e-01 1.142111489792112938e-01
9.847160957933774605e-03 6.420738068059054203e+05 -4.376383850750664717e-01 1.079354620236049334e-01
1.023371798632519147e-02 6.509952955802665092e+05 -4.437192840282564443e-01 1.018545630704149746e-01
1.063544957486011258e-02 6.596269960967046209e+05 -4.496026629084161619e-01 9.597118419025529867e-02
1.105295141126021001e-02 6.679655559159442782e+05 -4.552862366883492773e-01 9.028761041032218326e-02
1.148684256737553602e-02 6.760082970025946852e+05 -4.607681800154698748e-01 8.480566708320155800e-02
1.193776641714435795e-02 6.837532311869950499e+05 -4.660471377506174018e-01 7.952670934805403102e-02
1.240639159058831882e-02 6.911990723348550964e+05 -4.711222332629001475e-01 7.445161383577128533e-02
1.289341296525714324e-02 6.983452450204935158e+05 -4.759930743413865462e-01 6.958077275728488664e-02
1.339955269659338401e-02 7.051918895211647032e+05 -4.806597565992450916e-01 6.491409049942632736e-02
1.392556128874461972e-02 7.117398629750598921e+05 -4.851228642630395216e-01 6.045098283563189734e-02
1.447221870741134328e-02 7.179907365740491077e+05 -4.893834682592977936e-01 5.619037883937361838e-02
1.504033553638023726e-02 7.239467886938943993e+05 -4.934431215320561614e-01 5.213072556661524359e-02
1.563075417945815684e-02 7.296109938993545948e+05 -4.973038515487234745e-01 4.826999554994796521e-02
1.624435010958865527e-02 7.349870077990081627e+05 -5.009681499771075908e-01 4.460569712156383509e-02
1.688203316700362736e-02 7.400791477644215338e+05 -5.044389595435744278e-01 4.113488755509699807e-02
1.754474890833459741e-02 7.448923695700451499e+05 -5.077196581107689122e-01 3.785418898790256226e-02
1.823348000868440372e-02 7.494322400534739718e+05 -5.108140400428110572e-01 3.475980705586035474e-02
1.894924771873821717e-02 7.537049059398811078e+05 -5.137262949559877612e-01 3.184755214268368551e-02
1.969311337907421813e-02 7.577170590189361246e+05 -5.164609839832919880e-01 2.911286311537941013e-02
2.046617999391989878e-02 7.614758979066850152e+05 -5.190230137112685771e-01 2.655083338740289040e-02
2.126959386668689569e-02 7.649890866679693572e+05 -5.214176079769977656e-01 2.415623912167366716e-02
2.210454629971021767e-02 7.682647106162917335e+05 -5.236502777412237464e-01 2.192356935744768989e-02
2.297227536071151308e-02 7.713112296467950800e+05 -5.257267892800490117e-01 1.984705781862240032e-02
2.387406771860646829e-02 7.741374294934809441e+05 -5.276531309617880083e-01 1.792071613688347304e-02
2.481126055137767780e-02 7.767523713331617182e+05 -5.294354788969515280e-01 1.613836820171990483e-02
2.578524352884273632e-02 7.791653401852318784e+05 -5.310801617674608677e-01 1.449368533121052523e-02
2.679746087325689599e-02 7.813857925774411997e+05 -5.325936251555668521e-01 1.298022194310456678e-02
2.784941350080644140e-02 7.834233039628863335e+05 -5.339823957031992752e-01 1.159145139547214723e-02
2.894266124716748934e-02 7.852875163818500005e+05 -5.352530454382051772e-01 1.032080166046626425e-02
3.007882518043098960e-02 7.869880868635193910e+05 -5.364121566048892786e-01 9.161690493782124675e-03
3.125959000482277789e-02 7.885346370567000704e+05 -5.374662873322400003e-01 8.107559766431451584e-03
3.248670655878374558e-02 7.899367045652553206e+05 -5.384219384640978046e-01 7.151908634573602222e-03
3.376199441111336907e-02 7.912036964431453962e+05 -5.392855218613109569e-01 6.288325237360429046e-03
3.508734455902711574e-02 7.923448452757679624e+05 -5.400633304667167289e-01 5.510516631954717748e-03
3.646472223212744723e-02 7.933691682391370414e+05 -5.407615103998215655e-01 4.812336698849825622e-03
3.789616980644715943e-02 7.942854294867733261e+05 -5.413860353196547903e-01 4.187811779016697988e-03
3.938380983288489179e-02 7.951021061666717287e+05 -5.419426832618861045e-01 3.631163836785274504e-03
4.092984818452437973e-02 7.958273583181705326e+05 -5.424370161204917773e-01 3.136830978179657239e-03
4.253657732750387027e-02 7.964690028419279261e+05 -5.428743619056537462e-01 2.699485193017715258e-03
4.420637972028530066e-02 7.970344916765835369e+05 -5.432597998689430163e-01 2.314047229728435559e-03
4.594173134636476280e-02 7.975308942542321747e+05 -5.435981485449463690e-01 1.975698553725020821e-03
4.774520538566126571e-02 7.979648842447899515e+05 -5.438939567162083266e-01 1.679890382463078207e-03
4.961947603002903051e-02 7.983427305379851023e+05 -5.441514972665434380e-01 1.422349832128008912e-03
5.156732244854963371e-02 7.986702923523379723e+05 -5.443747638473105388e-01 1.199083251360942137e-03
5.359163290848514838e-02 7.989530183043469442e+05 -5.445674702429685876e-01 1.006376855702879446e-03
5.569540905800130642e-02 7.991959492193668848e+05 -5.447330522869753278e-01 8.407948116961013515e-04
5.788177037701273953e-02 7.994037244194089435e+05 -5.448746721475602461e-01 6.991749511112214628e-04
6.015395880274832657e-02 7.995805911832504207e+05 -5.449952247757480217e-01 5.786223229233597009e-04
6.251534353689711110e-02 7.997304170415747212e+05 -5.450973462857434670e-01 4.765008129279304648e-04
6.496942604146117850e-02 7.998567045449350262e+05 -5.451834240207950044e-01 3.904230778764006260e-04
6.751984523072501743e-02 7.999626081255023601e+05 -5.452556080461856691e-01 3.182390524857406345e-04
7.017038286703822236e-02 8.000509526649514446e+05 -5.453158238051294404e-01 2.580232935420255589e-04
7.292496916841444132e-02 8.001242533803455299e+05 -5.453657856730173004e-01 2.080614256541304583e-04
7.578768863625921781e-02 8.001847366471980931e+05 -5.454070111504450979e-01 1.668359482263902542e-04
7.876278611187055578e-02 8.002343613934644964e+05 -5.454408354453867958e-01 1.330116532846192356e-04
8.185467307069020648e-02 8.002748407193396706e+05 -5.454684262092790448e-01 1.054208893924334973e-04
8.506793416364152871e-02 8.003076634245181922e+05 -5.454907982100301034e-01 8.304888864133373109e-05
8.840733401525062429e-02 8.003341151560078142e+05 -5.455088277463994162e-01 6.501935227207190048e-05
9.187782428863330852e-02 8.003552989245640347e+05 -5.455232666320266599e-01 5.058046664478325324e-05
9.548455102782293924e-02 8.003721547752018087e+05 -5.455347556028801170e-01 3.909149579129400144e-05
9.923286228832545186e-02 8.003854784358708421e+05 -5.455438370282189586e-01 3.001007045252976151e-05
1.031283160672184784e-01 8.003959388071482535e+05 -5.455509668315913219e-01 2.288026708007133387e-05
1.071766885445503414e-01 8.004040941936506424e+05 -5.455565255541879877e-01 1.732154448348459071e-05
1.113839826482618256e-01 8.004104072138721822e+05 -5.455608285174071703e-01 1.301858126427934720e-05
1.157564369553303468e-01 8.004152583584971726e+05 -5.455641350642198573e-01 9.712034451526127811e-06
1.203005349423324211e-01 8.004189581972777378e+05 -5.455666568793940963e-01 7.190219277318091091e-06
1.250230145991456099e-01 8.004217582608264638e+05 -5.455685654065394186e-01 5.281692132023010940e-06
1.299308784200414457e-01 8.004238606458293507e+05 -5.455699983950333953e-01 3.848703637995272664e-06
1.350314037869872197e-01 8.004254264101206791e+05 -5.455710656221163246e-01 2.781476555062265967e-06
1.403321537605484726e-01 8.004265828377639409e+05 -5.455718538447800192e-01 1.993253891423425170e-06
1.458409882943986213e-01 8.004274296639484819e+05 -5.455724310426658397e-01 1.416056005583131630e-06
1.515660758900601313e-01 8.004280443553904770e+05 -5.455728500171935780e-01 9.970814778221564264e-07
1.575159057091621295e-01 8.004284865444166353e+05 -5.455731514138387750e-01 6.956848326786244785e-07
1.636993001611701803e-01 8.004288017144476762e+05 -5.455733662341630819e-01 4.808645083689357089e-07
1.701254279852589257e-01 8.004290242316761287e+05 -5.455735179022104253e-01 3.291964610524302640e-07
1.768038178457204956e-01 8.004291798128505470e+05 -5.455736239465517334e-01 2.231521197340452043e-07
1.837443724610724749e-01 8.004292875127372099e+05 -5.455736973549417668e-01 1.497437296513127139e-07
1.909573832878096733e-01 8.004293613074955065e+05 -5.455737476535499342e-01 9.944512144523280057e-08
1.984535457805803316e-01 8.004294113422982628e+05 -5.455737817573399484e-01 6.534133143901029331e-08
2.062439752514092506e-01 8.004294449034318095e+05 -5.455738046326544799e-01 4.246601690195373276e-08
2.143402233514854482e-01 8.004294671671174001e+05 -5.455738198076131029e-01 2.729105834671532591e-08
2.227542951999556264e-01 8.004294817696643295e+05 -5.455738297607291010e-01 1.733794238338283913e-08
2.314986671851160804e-01 8.004294912364628399e+05 -5.455738362133119024e-01 1.088535956812406075e-08
2.405863054644066801e-01 8.004294973008813104e+05 -5.455738403468277653e-01 6.751843642523270416e-09
2.500306851906321515e-01 8.004295011384116951e+05 -5.455738429624937824e-01 4.136177682526251451e-09
2.598458104929247114e-01 8.004295035364313517e+05 -5.455738445969872119e-01 2.501684204141415481e-09
2.700462352420682222e-01 8.004295050157099031e+05 -5.455738456052655616e-01 1.493405919846017369e-09
2.806470846309838674e-01 8.004295059162391117e+05 -5.455738462190674598e-01 8.796039793461541432e-10
2.916640776023700643e-01 8.004295064570517279e+05 -5.455738465876860399e-01 5.109853602883704850e-10
3.031135501567576163e-01 8.004295067773420596e+05 -5.455738468059964097e-01 2.926750320252785288e-10
3.150124795755328000e-01 8.004295069643377792e+05 -5.455738469334528995e-01 1.652184937636201593e-10
3.273785095948577029e-01 8.004295070719219511e+05 -5.455738470067824641e-01 9.188897500216607749e-11
3.402299765678064580e-01 8.004295071328936610e+05 -5.455738470483408875e-01 5.033057412537320390e-11
3.535859366535175630e-01 8.004295071669191821e+05 -5.455738470715326693e-01 2.713873245289950677e-11
3.674661940736688170e-01 8.004295071856086142e+05 -5.455738470842714793e-01 1.439998991092528426e-11
3.818913304781854090e-01 8.004295071957089240e+05 -5.455738470911558613e-01 7.515604976956854520e-12
3.968827354637157745e-01 8.004295072010770673e+05 -5.455738470948147123e-01 3.856671146374540300e-12
4.124626382901347976e-01 8.004295072038818616e+05 -5.455738470967265163e-01 1.944919481293439967e-12
4.286541408420925237e-01 8.004295072053216863e+05 -5.455738470977079535e-01 9.635329958527290099e-13
4.454812518844988856e-01 8.004295072060476523e+05 -5.455738470982026689e-01 4.687136133164844103e-13
4.629689226627267673e-01 8.004295072064070264e+05 -5.455738470984476951e-01 2.237637361693729869e-13
4.811430839003254523e-01 8.004295072065816494e+05 -5.455738470985667110e-01 1.047404722494937396e-13
5.000306842491090142e-01 8.004295072066647699e+05 -5.455738470986233324e-01 4.808539862363121372e-14
5.196597302486196668e-01 8.004295072067035362e+05 -5.455738470986497557e-01 2.166223403341802330e-14
5.400593278542373810e-01 8.004295072067213478e+05 -5.455738470986618571e-01 9.521861113590338960e-15
5.612597255954966391e-01 8.004295072067292640e+05 -5.455738470986672972e-01 4.126139815889146883e-15
5.832923594286200109e-01 8.004295072067327565e+05 -5.455738470986697397e-01 1.745674537491562143e-15
6.061898993497571997e-01 8.004295072067342699e+05 -5.455738470986707389e-01 7.141395835192754220e-16
6.299862978380693646e-01 8.004295072067348519e+05 -5.455738470986710720e-01 3.173953704530112987e-16
6.547168402004729382e-01 8.004295072067352012e+05 -5.455738470986714050e-01 7.934884261325282467e-17
6.804181968927094371e-01 8.004295072067352012e+05 -5.455738470986714050e-01 7.934884261325282467e-17
7.071284778942996674e-01 8.004295072067353176e+05 -5.455738470986714050e-01 -0.000000000000000000e+00
7.348872892180388083e-01 8.004295072067353176e+05 -5.455738470986714050e-01 -0.000000000000000000e+00
7.637357916378011424e-01 8.004295072067353176e+05 -5.455738470986714050e-01 -0.000000000000000000e+00
7.937167617217543159e-01 8.004295072067353176e+05 -5.455738470986714050e-01 -0.000000000000000000e+00
8.248746552614580896e-01 8.004295072067353176e+05 -5.455738470986714050e-01 -0.000000000000000000e+00
8.572556731909324323e-01 8.004295072067353176e+05 -5.455738470986714050e-01 -0.000000000000000000e+00
8.909078300934124561e-01 8.004295072067353176e+05 -5.455738470986714050e-01 -0.000000000000000000e+00
9.258810253973944748e-01 8.004295072067353176e+05 -5.455738470986714050e-01 -0.000000000000000000e+00
9.622271173675134293e-01 8.004295072067353176e+05 -5.455738470986714050e-01 -0.000000000000000000e+00
1.000000000000000000e+00 8.004295072067353176e+05 -5.455738470986714050e-01 -0.000000000000000000e+00
