# t_m M M/M0 (M-M1)/M0
1.000000000000000082e-05 -7.291503973721475340e+05 4.378807839694364712e-01 9.863490114597025515e-01
1.039255682936713057e-05 -7.285612618384114467e+05 4.375269870980278419e-01 9.859952145882939778e-01
1.080052374516253993e-05 -7.279569689860388171e+05 4.371640877169156725e-01 9.856323152071817528e-01
1.122450568085305802e-05 -7.273371347263529897e+05 4.367918551671693961e-01 9.852600826574354764e-01
1.166513131698196108e-05 -7.267013655486120842e+05 4.364100531315727727e-01 9.848782806218389085e-01
1.212305401337652898e-05 -7.260492583054325078e+05 4.360184395057628559e-01 9.844866669960290473e-01
1.259895277795028468e-05 -7.253803999942217488e+05 4.356167662669729324e-01 9.840849937572390127e-01
1.309353327353609475e-05 -7.246943675346050877e+05 4.352047793403689413e-01 9.836730068306350772e-01
1.360752886424333165e-05 -7.239907275418241043e+05 4.347822184629674958e-01 9.832504459532336316e-01
1.414170170289024019e-05 -7.232690360960946418e+05 4.343488170451270114e-01 9.828170445353930917e-01
1.469684386112447426e-05 -7.225288385079097934e+05 4.339043020296037834e-01 9.823725295198698637e-01
1.527377850390712299e-05 -7.217696690792867448e+05 4.334483937481721783e-01 9.819166212384382586e-01
1.587336111010208536e-05 -7.209910508609493263e+05 4.329808057758042783e-01 9.814490332660704697e-01
1.649648074098020639e-05 -7.201924954054569826e+05 4.325012447824149175e-01 9.809694722726810534e-01
1.714406135851971963e-05 -7.193735025162820239e+05 4.320094103821734977e-01 9.804776378724395780e-01
1.781706319545728901e-05 -7.185335599928544834e+05 4.315049949803945739e-01 9.799732224706606543e-01
1.851648417912153989e-05 -7.176721433715939056e+05 4.309876836180182025e-01 9.794559111082843383e-01
1.924336141115980055e-05 -7.167887156629557721e+05 4.304571538136967024e-01 9.789253813039627827e-01
1.999877270535286910e-05 -7.158827270845279563e+05 4.299130754035098700e-01 9.783813028937760059e-01
2.078383818579755086e-05 -7.149536147902174853e+05 4.293551103783318501e-01 9.778233378685979860e-01
2.159972194782717103e-05 -7.140008025955813937e+05 4.287829127188825251e-01 9.772511402091486055e-01
2.244763378413223854e-05 -7.130237006993575487e+05 4.281961282284968417e-01 9.766643557187629776e-01
2.332883097864158392e-05 -7.120217054012680892e+05 4.275943943636558164e-01 9.760626218539220078e-01
2.424462017082330928e-05 -7.109941988161676563e+05 4.269773400623222970e-01 9.754455675525883773e-01
2.519635929317013366e-05 -7.099405485846304800e+05 4.263445855701381570e-01 9.748128130604042374e-01
2.618545958474232716e-05 -7.088601075800738763e+05 4.256957422645416544e-01 9.741639697548077903e-01
2.721338768375308650e-05 -7.077522136125299148e+05 4.250304124768715663e-01 9.734986399671377022e-01
2.828166780230035161e-05 -7.066161891291879583e+05 4.243481893125325977e-01 9.728164168027987335e-01
2.939188398646884365e-05 -7.054513409118470736e+05 4.236486564693044965e-01 9.721168839595706324e-01
3.054568246515432163e-05 -7.042569597714280244e+05 4.229313880538858594e-01 9.713996155441519953e-01
3.174477409109193257e-05 -7.030323202397115529e+05 4.221959483967717697e-01 9.706641758870379055e-01
3.299093687770942587e-05 -7.017766802584847901e+05 4.214418918655753465e-01 9.699101193558414824e-01
3.428601863556583155e-05 -7.004892808662902098e+05 4.206687626769091692e-01 9.691369901671752496e-01
3.563193971228584164e-05 -6.991693458829997107e+05 4.198760947069609117e-01 9.683443221972269921e-01
3.703069584005140764e-05 -6.978160815924406052e+05 4.190634113008989137e-01 9.675316387911649940e-01
3.848436109487433118e-05 -6.964286764233296271e+05 4.182302250812615640e-01 9.666984525715276444e-01
3.999509097203661132e-05 -6.950063006287910976e+05 4.173760377554967538e-01 9.658442652457628341e-01
4.156512558225988177e-05 -6.935481059647495858e+05 4.165003399228249803e-01 9.649685674130911162e-01
4.319679297334173899e-05 -6.920532253675214015e+05 4.156026108806217811e-01 9.640708383708879170e-01
4.489251258218607721e-05 -6.905207726309399586e+05 4.146823184305198917e-01 9.631505459207859721e-01
4.665479882234468170e-05 -6.889498420833896380e+05 4.137389186844565026e-01 9.622071461747226939e-01
4.848626481239078214e-05 -6.873395082651346456e+05 4.127718558708980412e-01 9.612400833611641771e-01
5.038962625065150348e-05 -6.856888256063715089e+05 4.117805621414988293e-01 9.602487896317649652e-01
5.236770544204655644e-05 -6.839968281064492185e+05 4.107644573784616226e-01 9.592326848687278140e-01
5.442343548300271707e-05 -6.822625290147433989e+05 4.097229490028911902e-01 9.581911764931573261e-01
5.655986461065002122e-05 -6.804849205136965029e+05 4.086554317844484085e-01 9.571236592747145444e-01
5.878016072274911818e-05 -6.786629734045674559e+05 4.075612876526321093e-01 9.560295151428982452e-01
6.108761607505039696e-05 -6.767956367964823730e+05 4.064398855100425645e-01 9.549081130003086448e-01
6.348565216305209716e-05 -6.748818377993940376e+05 4.052905810479930926e-01 9.537588085382592284e-01
6.597782479539533469e-05 -6.729204812216185965e+05 4.041127165648697450e-01 9.525809440551358254e-01
6.856782936641737654e-05 -6.709104492726423778e+05 4.029056207876564599e-01 9.513738482779225958e-01
7.125950633568410445e-05 -6.688506012719403952e+05 4.016686086970699954e-01 9.501368361873361312e-01
7.405684692262442192e-05 -6.667397733645935077e+05 4.004009813567781517e-01 9.488692088470442876e-01
7.696399902471150959e-05 -6.645767782445338089e+05 3.991020257471984412e-01 9.475702532374645770e-01
7.998527336796708482e-05 -6.623604048862978816e+05 3.977710146044067252e-01 9.462392420946729166e-01
8.312514989890631772e-05 -6.600894182862178423e+05 3.964072062647130412e-01 9.448754337549791771e-01
8.638828442740453491e-05 -6.577625592140301596e+05 3.950098445154936466e-01 9.434780720057597270e-01
8.977951553033313987e-05 -6.553785439759427682e+05 3.935781584529048360e-01 9.420463859431709164e-01
9.330387172620360271e-05 -6.529360641902450006e+05 3.921113623471283449e-01 9.405795898373945363e-01
9.696657893145520398e-05 -6.504337865766228642e+05 3.906086555158478357e-01 9.390768830061139161e-01
1.007730682094461807e-04 -6.478703527603817638e+05 3.890692222066776118e-01 9.375374496969437477e-01
1.047289838236358574e-04 -6.452443790928595699e+05 3.874922314893141650e-01 9.359604589795802454e-01
1.088401916069005473e-04 -6.425544564893688075e+05 3.858768371582150802e-01 9.343450646484812161e-01
1.131127876593921339e-04 -6.397991502860817127e+05 3.842221776466528405e-01 9.326904051369189208e-01
1.175531073878369897e-04 -6.369770001173336059e+05 3.825273759530316009e-01 9.309956034432976812e-01
1.221677348996791812e-04 -6.340865198149031494e+05 3.807915395804012393e-01 9.292597670706673751e-01
1.269635127659972894e-04 -6.311261973308965098e+05 3.790137604901464563e-01 9.274819879804125922e-01
1.319475521676705977e-04 -6.280944946859451011e+05 3.771931150708777714e-01 9.256613425611438517e-01
1.371272434398400808e-04 -6.249898479445017874e+05 3.753286641235960563e-01 9.237968916138621367e-01
1.425102670302997709e-04 -6.218106672191093676e+05 3.734194528642557631e-01 9.218876803545218435e-01
1.481046048880673999e-04 -6.185553367055952549e+05 3.714645109449006832e-01 9.199327384351668746e-01
1.539185522990205494e-04 -6.152222147512382362e+05 3.694628524946006465e-01 9.179310799848667823e-01
1.599607301861487752e-04 -6.118096339580400381e+05 3.674134761814694672e-01 9.158817036717356030e-01
1.662400978926611885e-04 -6.083159013233280275e+05 3.653153652971021237e-01 9.137835927873682040e-01
1.727659664669034588e-04 -6.047392984200106002e+05 3.631674878648243343e-01 9.116357153550904702e-01
1.795480124687830279e-04 -6.010780816189039033e+05 3.609687967732079783e-01 9.094370242634740586e-01
1.865962923181746036e-04 -5.973304823556428310e+05 3.587182299363603222e-01 9.071864574266264025e-01
1.939212572065831012e-04 -5.934947074447972700e+05 3.564147104825622359e-01 9.048829379728283717e-01
2.015337685941733013e-04 -5.895689394439114258e+05 3.540571469728866494e-01 9.025253744631527297e-01
2.094451143151468647e-04 -5.855513370702874381e+05 3.516444336514920610e-01 9.001126611417581413e-01
2.176670253153459040e-04 -5.814400356734446250e+05 3.491754507293510779e-01 8.976436782196172137e-01
2.262116930469026423e-04 -5.772331477662902325e+05 3.466490647032372530e-01 8.951172921935033333e-01
2.350917875457286799e-04 -5.729287636181369890e+05 3.440641287118536007e-01 8.925323562021196810e-01
2.443204762186486812e-04 -5.685249519128273241e+05 3.414194829310592816e-01 8.898877104213254174e-01
2.539114433680347252e-04 -5.640197604753137566e+05 3.387139550102070684e-01 8.871821825004732043e-01
2.638789104828934487e-04 -5.594112170701681171e+05 3.359463605516767037e-01 8.844145880419428396e-01
2.742376573264949761e-04 -5.546973302755886689e+05 3.331155036357473231e-01 8.815837311260134035e-01
2.850030438518105108e-04 -5.498760904365878087e+05 3.302201773930203421e-01 8.786884048832864780e-01
2.961910329772553230e-04 -5.449454707011478022e+05 3.272591646266682086e-01 8.757273921169342890e-01
3.078182142565080021e-04 -5.399034281432298012e+05 3.242312384868411557e-01 8.726994659771073470e-01
3.199018284775064186e-04 -5.347479049766270909e+05 3.211351631996293698e-01 8.696033906898954502e-01
3.324597932270938281e-04 -5.294768298637545668e+05 3.179696948530374989e-01 8.664379223433036348e-01
3.455107294592218038e-04 -5.240881193235476967e+05 3.147335822424784380e-01 8.632018097327445183e-01
3.590739891061055147e-04 -5.185796792427492328e+05 3.114255677783546172e-01 8.598937952686207531e-01
3.731696837732751608e-04 -5.129494064949336462e+05 3.080443884583398684e-01 8.565126159486059487e-01
3.878187145610719399e-04 -5.071951906717014499e+05 3.045887769070232953e-01 8.530570043972894867e-01
4.030428030568050765e-04 -5.013149159305470530e+05 3.010574624856198200e-01 8.495256899758859559e-01
4.188645235435270735e-04 -4.953064629639659543e+05 2.974491724744889320e-01 8.459173999647550124e-01
4.353073364731892205e-04 -4.891677110944113228e+05 2.937626333312310933e-01 8.422308608214972292e-01
4.523956232538053576e-04 -4.828965404997684527e+05 2.899965720271641678e-01 8.384647995174302482e-01
4.701547224022129445e-04 -4.764908345740267541e+05 2.861497174649909603e-01 8.346179449552570961e-01
4.886109671160326559e-04 -4.699484824278641026e+05 2.822208019804894885e-01 8.306890294707556244e-01
5.077917243205403450e-04 -4.632673815338455606e+05 2.782085629310487862e-01 8.266767904213149221e-01
5.277254352483537903e-04 -4.564454405209361576e+05 2.741117443738734227e-01 8.225799718641395586e-01
5.484416576121014814e-04 -4.494805821229876019e+05 2.699290988366547239e-01 8.183973263269208598e-01
5.699711094326075696e-04 -4.423707462858164217e+05 2.656593891834820864e-01 8.141276166737482223e-01
5.923457145875806037e-04 -4.351138934374081437e+05 2.613013905787168745e-01 8.097696180689829548e-01
6.155986501483508158e-04 -4.277080079256976023e+05 2.568538925515018168e-01 8.053221200417679526e-01
6.397643955748423279e-04 -4.201511016282457858e+05 2.523157011635008273e-01 8.007839286537669077e-01
6.648787838417262669e-04 -4.124412177379899658e+05 2.476856412823766063e-01 7.961538687726427144e-01
6.909790545715644838e-04 -4.045764347290676087e+05 2.429625589634092364e-01 7.914307864536753723e-01
7.181039092537349049e-04 -3.965548705064977985e+05 2.381453239415275702e-01 7.866135514317936783e-01
7.462935686310129138e-04 -3.883746867432666477e+05 2.332328322358835360e-01 7.817010597261496718e-01
7.755898323389001994e-04 -3.800340934080786537e+05 2.282240088689282131e-01 7.766922363591943768e-01
8.060361408861344565e-04 -3.715313534867181443e+05 2.231178107017573464e-01 7.715860381920234268e-01
8.376776400682915506e-04 -3.628647878995963838e+05 2.179132293872736992e-01 7.663814568775397795e-01
8.705612479099856735e-04 -3.540327806176554877e+05 2.126092944424694264e-01 7.610775219327355900e-01
9.047357242349293423e-04 -3.450337839783534873e+05 2.072050764408645829e-01 7.556733039311307465e-01
9.402517429670132366e-04 -3.358663242029275279e+05 2.016996903258200802e-01 7.501679178160861605e-01
9.771619672696181796e-04 -3.265290071155938786e+05 1.960922988451210824e-01 7.445605263353871628e-01
1.015521127634568194e-03 -3.170205240647133905e+05 1.903821161068476597e-01 7.388503435971137678e-01
1.055386103036523061e-03 -3.073396580452830531e+05 1.845684112561491175e-01 7.330366387464152256e-01
1.096816005273138070e-03 -2.974852900213671383e+05 1.786505122720890015e-01 7.271187397623550819e-01
1.139872266616051392e-03 -2.874564054462891072e+05 1.726278098832527141e-01 7.210960373735187945e-01
1.184618730902683558e-03 -2.772521009775162674e+05 1.664997616002747705e-01 7.149679890905409341e-01
1.231121748203889638e-03 -2.668715913822497241e+05 1.602658958628915831e-01 7.087341233531576634e-01
1.279450273207873327e-03 -2.563142166286834981e+05 1.539258162984951106e-01 7.023940437887612465e-01
1.329675967466211308e-03 -2.455794491568347439e+05 1.474792060885254386e-01 6.959474335787915189e-01
1.381873305653632221e-03 -2.346669013216507155e+05 1.409258324383215188e-01 6.893940599285875992e-01
1.436119685999078747e-03 -2.235763329998576082e+05 1.342655511453048622e-01 6.827337786355709426e-01
1.492495545051829124e-03 -2.123076593506734353e+05 1.274983112595641510e-01 6.759665387498302591e-01
1.551084476952840603e-03 -2.008609587190896273e+05 1.206241598300571150e-01 6.690923873203232786e-01
1.611973357388157098e-03 -1.892364806689247489e+05 1.136432467287456227e-01 6.621114742190117308e-01
1.675252472408215532e-03 -1.774346541312471963e+05 1.065558295440136027e-01 6.550240570342796831e-01
1.741015652304015327e-03 -1.654560956521083135e+05 9.936227853372454899e-02 6.478305060239906155e-01
1.809360410738716568e-03 -1.533016177217375953e+05 9.206308162719997745e-02 6.405313091174661411e-01
1.880388089340914639e-03 -1.409722371655292809e+05 8.465884946430565772e-02 6.331270769545718213e-01
1.954204007974053459e-03 -1.284691835751904873e+05 7.715032045865644061e-02 6.256185479489225765e-01
2.030917620904734884e-03 -1.157939077564391773e+05 6.953836587075967746e-02 6.180065933610258133e-01
2.110642679101554751e-03 -1.029480901675183559e+05 6.182399487564364110e-02 6.102922223659097423e-01
2.193497398905057839e-03 -8.993364932066411711e+04 5.400835960823827803e-02 6.024765870985043792e-01
2.279604637318979887e-03 -7.675275011640775483e+04 4.609276016842047546e-02 5.945609876586865905e-01
2.369092074182631985e-03 -6.340781207832705695e+04 3.807864956627552561e-02 5.865468770565416268e-01
2.462092401494625667e-03 -4.990151745350204874e+04 2.996763858670931091e-02 5.784358660769753913e-01
2.558743520168586631e-03 -3.623681914156454150e+04 2.176150055112494736e-02 5.702297280413910485e-01
2.659188744512693513e-03 -2.241694841279811226e+04 1.346217595241676335e-02 5.619304034426828576e-01
2.763577014736157307e-03 -8.445422373328823596e+03 5.071776938083179774e-03 5.535400044283492749e-01
2.872063117797828136e-03 5.673948867012863047e+03 -3.407408385216897668e-03 5.450608191050492213e-01
2.984807916924324140e-03 1.993705537098587956e+04 -1.197291185378545654e-02 5.364953156364806741e-01
3.101978590138096837e-03 3.433948094363859855e+04 -2.062208138526123308e-02 5.278461461050049097e-01
3.223748878149030293e-03 4.887649714699562173e+04 -2.935207738422593998e-02 5.191161501060401751e-01
3.350299341977229679e-03 6.354305781361612026e+04 -3.815986944740064335e-02 5.103083580428654509e-01
3.481817630688966662e-03 7.833379411508096382e+04 -4.704223340209665039e-02 5.014259940881694577e-01
3.618498759642746650e-03 9.324301024354202673e+04 -5.599574871283200667e-02 4.924724787774341084e-01
3.760545399658171695e-03 1.082646797663939651e+05 -6.501679629218214129e-02 4.834514311980839807e-01
3.908168177536264394e-03 1.233924427158606704e+05 -7.410155675297279421e-02 4.743666707372933278e-01
4.061585988376979588e-03 1.386196034768365789e+05 -8.324600913985352735e-02 4.652222183504126085e-01
4.221026320156898506e-03 1.539391295375988120e+05 -9.244593017905587684e-02 4.560222973112102451e-01
4.386725591048498511e-03 1.693436511690270854e+05 -1.016968940857534975e-01 4.467713334045126383e-01
4.558929499981059785e-03 1.848254620986423688e+05 -1.109942729688462998e-01 4.374739545214198500e-01
4.737893390963143769e-03 2.003765212461228948e+05 -1.203332378731997304e-01 4.281349896170663638e-01
4.923882631706736485e-03 2.159884555868613534e+05 -1.297087604993128196e-01 4.187594669909532885e-01
5.117173007114604946e-03 2.316525642096350202e+05 -1.391156156400936150e-01 4.093526118501725208e-01
5.318051128214196926e-03 2.473598236334308749e+05 -1.485483843738020227e-01 3.999198431164641132e-01
5.526814857144603244e-03 2.631008944469547132e+05 -1.580014580513115219e-01 3.904667694389545862e-01
5.743773748826581232e-03 2.788661293322145939e+05 -1.674690431145567926e-01 3.809991843757093433e-01
5.969249509970733433e-03 2.946455825308519416e+05 -1.769451667814027629e-01 3.715230607088633730e-01
6.203576476104268565e-03 3.104290208084706683e+05 -1.864236836301146893e-01 3.620445438601514465e-01
6.447102107323869104e-03 3.262059359681173228e+05 -1.958982831141487246e-01 3.525699443761173835e-01
6.700187503509583663e-03 3.419655589591905009e+05 -2.053624980350545470e-01 3.431057294552115611e-01
6.963207939763882935e-03 3.576968756224192912e+05 -2.148097139978956405e-01 3.336585134923704676e-01
7.236553422869657429e-03 3.733886441050668946e+05 -2.242331798696994560e-01 3.242350476205666521e-01
7.520629269592406588e-03 3.890294139732128824e+05 -2.336260192570635830e-01 3.148422082332025251e-01
7.815856707684091381e-03 4.046075470397594036e+05 -2.429812430141152779e-01 3.054869844761508579e-01
8.122673500479711886e-03 4.201112399177244515e+05 -2.522917627865673973e-01 2.961764647036987386e-01
8.441534596012984296e-03 4.355285482984110131e+05 -2.615504055916237358e-01 2.869178218986424000e-01
8.772912801613356321e-03 4.508474129431348410e+05 -2.707499294269372081e-01 2.777182980633289278e-01
9.117299484984920863e-03 4.660556873654365190e+05 -2.798830398947642073e-01 2.685851875955019286e-01
9.475205302806537222e-03 4.811411671680330765e+05 -2.889424078198490342e-01 2.595258196704171016e-01
9.847160957933774605e-03 4.960916209852923057e+05 -2.979206878314816231e-01 2.505475396587845127e-01
1.023371798632519147e-02 5.108948229677150957e+05 -3.068105378715864084e-01 2.416576896186796997e-01
1.063544957486011258e-02 5.255385867299138336e+05 -3.156046395816923256e-01 2.328635879085738103e-01
1.105295141126021001e-02 5.400108006678835955e+05 -3.242957195122120884e-01 2.241725079780539920e-01
1.148684256737553602e-02 5.542994645351547515e+05 -3.328765710877247264e-01 2.155916564025413817e-01
1.193776641714435795e-02 5.683927271507071564e+05 -3.413400772519208926e-01 2.071281502383452156e-01
1.240639159058831882e-02 5.822789250945397653e+05 -3.496792337056707223e-01 1.987889937845953858e-01
1.289341296525714324e-02 5.959466222295819316e+05 -3.578871726413393461e-01 1.905810548489267897e-01
1.339955269659338401e-02 6.093846498714641202e+05 -3.659571868661647409e-01 1.825110406241013949e-01
1.392556128874461972e-02 6.225821474106169771e+05 -3.738827541972752910e-01 1.745854732929908448e-01
1.447221870741134328e-02 6.355286031745509245e+05 -3.816575620009438619e-01 1.668106654893222462e-01
1.504033553638023726e-02 6.482138953020942863e+05 -3.892755317390238501e-01 1.591926957512422858e-01
1.563075417945815684e-02 6.606283323861846002e+05 -3.967308433763926945e-01 1.517373841138734136e-01
1.624435010958865527e-02 6.727626936276480556e+05 -4.040179594947269082e-01 1.444502679955391999e-01
1.688203316700362736e-02 6.846082682296545245e+05 -4.111316489502751526e-01 1.373365785399909833e-01
1.754474890833459741e-02 6.961568937513474375e+05 -4.180670099065791345e-01 1.304012175836870013e-01
1.823348000868440372e-02 7.074009931299184682e+05 -4.248194920675482100e-01 1.236487354227179120e-01
1.894924771873821717e-02 7.183336100733074127e+05 -4.313849179320360383e-01 1.170833095582300559e-01
1.969311337907421813e-02 7.289484425211104099e+05 -4.377595028883080053e-01 1.107087246019581306e-01
2.046617999391989878e-02 7.392398738694190979e+05 -4.439398739656689186e-01 1.045283535245972173e-01
2.126959386668689569e-02 7.492030016564424150e+05 -4.499230870612009880e-01 9.854514042906514781e-02
2.210454629971021767e-02 7.588336634101705858e+05 -4.557066424622064349e-01 9.276158502805968709e-02
2.297227536071151308e-02 7.681284593671822222e+05 -4.612884984896604146e-01 8.717972900060567965e-02
2.387406771860646829e-02 7.770847717832468916e+05 -4.666670830949157245e-01 8.180114439535041138e-02
2.481126055137767780e-02 7.857007805716927396e+05 -4.718413032510992977e-01 7.662692423916685203e-02
2.578524352884273632e-02 7.939754750248049386e+05 -4.768105519922297142e-01 7.165767549803639391e-02
2.679746087325689599e-02 8.019086613967618905e+05 -4.815747129670405191e-01 6.689351452322560287e-02
2.784941350080644140e-02 8.095009661538725486e+05 -4.861341623908631560e-01 6.233406509940295215e-02
2.894266124716748934e-02 8.167538347290455131e+05 -4.904897682976416817e-01 5.797845919262443332e-02
3.007882518043098960e-02 8.236695256523878779e+05 -4.946428870151480250e-01 5.382534047511806918e-02
3.125959000482277789e-02 8.302510999683802947e+05 -4.985953568096189725e-01 4.987287068064717027e-02
3.248670655878374558e-02 8.365024058919298695e+05 -5.023494886711690199e-01 4.611873881909710204e-02
3.376199441111336907e-02 8.424280587003842229e+05 -5.059080542382290435e-01 4.256017325203704377e-02
3.508734455902711574e-02 8.480334159058731748e+05 -5.092742708876530910e-01 3.919395660261306563e-02
3.646472223212744723e-02 8.533245478015709668e+05 -5.124517840466993324e-01 3.601644344356676186e-02
3.789616980644715943e-02 8.583082035260703415e+05 -5.154446468134787906e-01 3.302358067678728970e-02
3.938380983288489179e-02 8.629917728413183941e+05 -5.182572970032438553e-01 3.021093048702226669e-02
4.092984818452437973e-02 8.673832438707679976e+05 -5.208945317686430876e-01 2.757369572162307950e-02
4.253657732750387027e-02 8.714911570947241271e+05 -5.233614799722881017e-01 2.510674751797798560e-02
4.420637972028530066e-02 8.753245559484785190e+05 -5.256635725191742825e-01 2.280465497109181172e-02
4.594173134636476280e-02 8.788929344148632372e+05 -5.278065108841419883e-01 2.066171660612414404e-02
4.774520538566126571e-02 8.822061820454003755e+05 -5.297962340951190008e-01 1.867199339514712467e-02
4.961947603002903051e-02 8.852745268824325176e+05 -5.316388844558270765e-01 1.682934303443906973e-02
5.156732244854963371e-02 8.881084767876008991e+05 -5.333407723114430565e-01 1.512745517882306719e-02
5.359163290848514838e-02 8.907187597090152558e+05 -5.349083401769071378e-01 1.355988731335897902e-02
5.569540905800130642e-02 8.931162634396569338e+05 -5.363481265596981018e-01 1.212010093056803059e-02
5.788177037701273953e-02 8.953119754323704401e+05 -5.376667298165921371e-01 1.080149767367400912e-02
6.015395880274832657e-02 8.973169232416508021e+05 -5.388707723868348953e-01 9.597455103431250939e-03
6.251534353689711110e-02 8.991421161589621333e+05 -5.399668657420715334e-01 8.501361748194635401e-03
6.496942604146117850e-02 9.007984885962629924e+05 -5.409615763861369553e-01 7.506651104129132869e-03
6.751984523072501743e-02 9.022968457516959170e+05 -5.418613932253676380e-01 6.606834264898474481e-03
7.017038286703822236e-02 9.036478120621339185e+05 -5.426726966125191565e-01 5.795530877746969851e-03
7.292496916841444132e-02 9.048617829097658396e+05 -5.434017293448510921e-01 5.066498145415070618e-03
7.578768863625921781e-02 9.059488800046328688e+05 -5.440545698697507593e-01 4.413657620515351425e-03
7.876278611187055578e-02 9.069189108126991196e+05 -5.446371079198448761e-01 3.831119570421186865e-03
8.185467307069020648e-02 9.077813323405105621e+05 -5.451550227643972013e-01 3.313204725868955369e-03
8.506793416364152871e-02 9.085452195238242857e+05 -5.456137642255540765e-01 2.854463264712076270e-03
8.840733401525062429e-02 9.092192383999588201e+05 -5.460185365673859703e-01 2.449690922880171182e-03
9.187782428863330852e-02 9.098116241733529605e+05 -5.463742853234738739e-01 2.093942166792233349e-03
9.548455102782293924e-02 9.103301642123372294e+05 -5.466856870858651796e-01 1.782540404400973855e-03
9.923286228832545186e-02 9.107821859438860556e+05 -5.469571422354407852e-01 1.511085254825294665e-03
1.031283160672184784e-01 9.111745495436360361e+05 -5.471927705520114316e-01 1.275456938254683047e-03
1.071766885445503414e-01 9.115136452521674801e+05 -5.473964096026483483e-01 1.071817887617731351e-03
1.113839826482618256e-01 9.118053950868848478e+05 -5.475716157697291253e-01 8.966117205369611085e-04
1.157564369553303468e-01 9.120552586630602600e+05 -5.477216677466812955e-01 7.465597435848659279e-04
1.203005349423324211e-01 9.122682427888843231e+05 -5.478495723001519657e-01 6.186551901141415163e-04
1.250230145991456099e-01 9.124489144586506300e+05 -5.479580720728784993e-01 5.101554173876106770e-04
1.299308784200414457e-01 9.126014168362171622e+05 -5.480496551823257345e-01 4.185723079403649697e-04
1.350314037869872197e-01 9.127294877981561003e+05 -5.481265663565082491e-01 3.416611337578461015e-04
1.403321537605484726e-01 9.128364805927391862e+05 -5.481908193404467777e-01 2.774081498193199657e-04
1.458409882943986213e-01 9.129253861671146005e+05 -5.482442103044331549e-01 2.240171858329283573e-04
1.515660758900601313e-01 9.129988567203989951e+05 -5.482883319885011320e-01 1.798955017650265666e-04
1.575159057091621295e-01 9.130592300544239115e+05 -5.483245883259164621e-01 1.436391643496519549e-04
1.636993001611701803e-01 9.131085543157563079e+05 -5.483542093016421370e-01 1.140181886239544193e-04
1.701254279852589257e-01 9.131486127514089458e+05 -5.483782658190237136e-01 8.996167124237816983e-05
1.768038178457204956e-01 9.131809481352322036e+05 -5.483976843687077274e-01 7.054312155837625818e-05
1.837443724610724749e-01 9.132068865610954817e+05 -5.484132613172946202e-01 5.496617297152881892e-05
1.909573832878096733e-01 9.132275603413124336e+05 -5.484256766586584897e-01 4.255083160761214317e-05
1.984535457805803316e-01 9.132439297929904424e+05 -5.484355070974263890e-01 3.272039283976776688e-05
2.062439752514092506e-01 9.132568037397862645e+05 -5.484432383610120532e-01 2.498912925402191167e-05
2.143402233514854482e-01 9.132668586006867699e+05 -5.484492766631096083e-01 1.895082715656063897e-05
2.227542951999556264e-01 9.132746559797570808e+05 -5.484539592669626096e-01 1.426822330347383570e-05
2.314986671851160804e-01 9.132806587103559868e+05 -5.484575641204881835e-01 1.066336977794696018e-05
2.405863054644066801e-01 9.132852453432574403e+05 -5.484603185569087991e-01 7.908933357276157704e-06
2.500306851906321515e-01 9.132887230998587329e+05 -5.484624070736161539e-01 5.820416649999829157e-06
2.598458104929247114e-01 9.132913393387434771e+05 -5.484639782182496592e-01 4.249272016420987491e-06
2.700462352420682222e-01 9.132932916060977150e+05 -5.484651506243303221e-01 3.076865935765314511e-06
2.806470846309838674e-01 9.132947363578111399e+05 -5.484660182491923885e-01 2.209241073740030004e-06
2.916640776023700643e-01 9.132957964536652435e+05 -5.484666548745105175e-01 1.572615755629286256e-06
3.031135501567576163e-01 9.132965675321039744e+05 -5.484671179345766978e-01 1.109555689461491948e-06
3.150124795755328000e-01 9.132971233781118644e+05 -5.484674517399020788e-01 7.757503640054877064e-07
3.273785095948577029e-01 9.132975203971724259e+05 -5.484676901639886637e-01 5.373262774027881504e-07
3.402299765678064580e-01 9.132978013057119679e+05 -5.484678588595719440e-01 3.686306942121786454e-07
3.535859366535175630e-01 9.132979981434276560e+05 -5.484679770676309518e-01 2.504226351191320784e-07
3.674661940736688170e-01 9.132981347060258267e+05 -5.484680590783351795e-01 1.684119309305218850e-07
3.818913304781854090e-01 9.132982284887275891e+05 -5.484681153981878499e-01 1.120920782382805859e-07
3.968827354637157745e-01 9.132982922219288303e+05 -5.484681536722452178e-01 7.381802089027342276e-08
4.124626382901347976e-01 9.132983350710826926e+05 -5.484681794046882830e-01 4.808557782600680231e-08
4.286541408420925237e-01 9.132983635635932442e+05 -5.484681965154557526e-01 3.097481041430296877e-08
4.454812518844988856e-01 9.132983822965525324e+05 -5.484682077652649479e-01 1.972500114486374356e-08
4.629689226627267673e-01 9.132983944707764313e+05 -5.484682150763200426e-01 1.241394608093382160e-08
4.811430839003254523e-01 9.132984022889280459e+05 -5.484682197713985907e-01 7.718867575122786581e-09
5.000306842491090142e-01 9.132984072486814111e+05 -5.484682227499071416e-01 4.740359026405838590e-09
5.196597302486196668e-01 9.132984103558944771e+05 -5.484682246158991692e-01 2.874366909846648943e-09
5.400593278542373810e-01 9.132984122776365839e+05 -5.484682257699737828e-01 1.720292327510710478e-09
5.612597255954966391e-01 9.132984134506062837e+05 -5.484682264743838687e-01 1.015882244778501694e-09
5.832923594286200109e-01 9.132984141569187632e+05 -5.484682268985496822e-01 5.917164439448515992e-10
6.061898993497571997e-01 9.132984145763608394e+05 -5.484682271504395246e-01 3.398265377829383554e-10
6.299862978380693646e-01 9.132984148219195195e+05 -5.484682272979063411e-01 1.923598042917097006e-10
6.547168402004729382e-01 9.132984149635919603e+05 -5.484682273829856181e-01 1.072804576028345114e-10
6.804181968927094371e-01 9.132984150441106176e+05 -5.484682274313399386e-01 5.892613601434738561e-11
7.071284778942996674e-01 9.132984150891735917e+05 -5.484682274584018469e-01 3.186421504992275119e-11
7.348872892180388083e-01 9.132984151139979949e+05 -5.484682274733098106e-01 1.695627673498167635e-11
7.637357916378011424e-01 9.132984151274535106e+05 -5.484682274813903469e-01 8.875760291924469444e-12
7.937167617217543159e-01 9.132984151346264407e+05 -5.484682274856979012e-01 4.568160314082158994e-12
8.248746552614580896e-01 9.132984151383854914e+05 -5.484682274879554287e-01 2.310716456506435933e-12
8.572556731909324323e-01 9.132984151403212454e+05 -5.484682274891179432e-01 1.148227250443594863e-12
8.909078300934124561e-01 9.132984151413002983e+05 -5.484682274897058063e-01 5.602711388854706220e-13
9.258810253973944748e-01 9.132984151417864487e+05 -5.484682274899977950e-01 2.683205179738502903e-13
9.622271173675134293e-01 9.132984151420233538e+05 -5.484682274901400145e-01 1.260505195171579151e-13
1.000000000000000000e+00 9.132984151421366259e+05 -5.484682274902080712e-01 5.802658413712760553e-14
