SIMFIT RESULTS
==============

Dataset : /opt/topspin3.5pl6/data/e3b/joachim/87Rb-CRN/2/pdata/991/ct1t2.txt

INTENSITY fit : Exponential decay (T2 or T1rho) : I[t]=I[0]*exp(-t/T)

726 points for Peak 1

Converged after 10000 iterations!

Results     Comp. 1       Comp. 2    

I[0]  =    1.963e+00     1.019e+00  
T     =      28.630m      482.106s  

RSS   =    2.221e-02
SD    =    5.530e-03

Point       Tau          Expt          Calc       Difference

    1       1.000s     1.000e+00     1.017e+00    1.731e-02
    2       2.000s     9.981e-01     1.015e+00    1.711e-02
    3       3.000s     9.962e-01     1.013e+00    1.692e-02
    4       4.000s     9.943e-01     1.011e+00    1.674e-02
    5       5.000s     9.923e-01     1.009e+00    1.656e-02
    6       6.000s     9.904e-01     1.007e+00    1.638e-02
    7       7.000s     9.885e-01     1.005e+00    1.619e-02
    8       8.000s     9.867e-01     1.003e+00    1.599e-02
    9       9.000s     9.848e-01     1.001e+00    1.577e-02
   10      10.000s     9.830e-01     9.985e-01    1.553e-02
   11      11.000s     9.812e-01     9.964e-01    1.526e-02
   12      12.000s     9.794e-01     9.944e-01    1.497e-02
   13      13.000s     9.777e-01     9.923e-01    1.464e-02
   14      14.000s     9.759e-01     9.902e-01    1.430e-02
   15      15.000s     9.742e-01     9.882e-01    1.394e-02
   16      16.000s     9.726e-01     9.861e-01    1.358e-02
   17      17.000s     9.709e-01     9.841e-01    1.321e-02
   18      18.000s     9.692e-01     9.821e-01    1.284e-02
   19      19.000s     9.675e-01     9.800e-01    1.248e-02
   20      20.000s     9.659e-01     9.780e-01    1.214e-02
   21      21.000s     9.642e-01     9.760e-01    1.180e-02
   22      22.000s     9.625e-01     9.739e-01    1.147e-02
   23      23.000s     9.608e-01     9.719e-01    1.114e-02
   24      24.000s     9.591e-01     9.699e-01    1.080e-02
   25      25.000s     9.574e-01     9.679e-01    1.046e-02
   26      26.000s     9.558e-01     9.659e-01    1.012e-02
   27      27.000s     9.541e-01     9.639e-01    9.772e-03
   28      28.000s     9.525e-01     9.619e-01    9.441e-03
   29      29.000s     9.508e-01     9.599e-01    9.139e-03
   30      30.000s     9.490e-01     9.579e-01    8.877e-03
   31      31.000s     9.473e-01     9.559e-01    8.662e-03
   32      32.000s     9.455e-01     9.540e-01    8.493e-03
   33      33.000s     9.436e-01     9.520e-01    8.365e-03
   34      34.000s     9.417e-01     9.500e-01    8.267e-03
   35      35.000s     9.398e-01     9.480e-01    8.185e-03
   36      36.000s     9.380e-01     9.461e-01    8.112e-03
   37      37.000s     9.361e-01     9.441e-01    8.043e-03
   38      38.000s     9.342e-01     9.422e-01    7.979e-03
   39      39.000s     9.323e-01     9.402e-01    7.928e-03
   40      40.000s     9.304e-01     9.383e-01    7.895e-03
   41      41.000s     9.284e-01     9.363e-01    7.885e-03
   42      42.000s     9.265e-01     9.344e-01    7.896e-03
   43      43.000s     9.245e-01     9.324e-01    7.921e-03
   44      44.000s     9.226e-01     9.305e-01    7.947e-03
   45      45.000s     9.206e-01     9.286e-01    7.962e-03
   46      46.000s     9.187e-01     9.266e-01    7.949e-03
   47      47.000s     9.168e-01     9.247e-01    7.898e-03
   48      48.000s     9.150e-01     9.228e-01    7.798e-03
   49      49.000s     9.133e-01     9.209e-01    7.647e-03
   50      50.000s     9.115e-01     9.190e-01    7.449e-03
   51      51.000s     9.099e-01     9.171e-01    7.216e-03
   52      52.000s     9.082e-01     9.152e-01    6.960e-03
   53      53.000s     9.066e-01     9.133e-01    6.697e-03
   54      54.000s     9.050e-01     9.114e-01    6.439e-03
   55      55.000s     9.033e-01     9.095e-01    6.191e-03
   56      56.000s     9.017e-01     9.076e-01    5.954e-03
   57      57.000s     9.000e-01     9.057e-01    5.724e-03
   58      58.000s     8.984e-01     9.039e-01    5.496e-03
   59      59.000s     8.967e-01     9.020e-01    5.265e-03
   60      60.000s     8.951e-01     9.001e-01    5.028e-03
   61      61.000s     8.935e-01     8.983e-01    4.784e-03
   62      62.000s     8.919e-01     8.964e-01    4.532e-03
   63      63.000s     8.903e-01     8.945e-01    4.273e-03
   64      64.000s     8.887e-01     8.927e-01    4.009e-03
   65      65.000s     8.871e-01     8.908e-01    3.739e-03
   66      66.000s     8.855e-01     8.890e-01    3.463e-03
   67      67.000s     8.840e-01     8.872e-01    3.180e-03
   68      68.000s     8.824e-01     8.853e-01    2.890e-03
   69      69.000s     8.809e-01     8.835e-01    2.596e-03
   70      70.000s     8.793e-01     8.816e-01    2.302e-03
   71      71.000s     8.778e-01     8.798e-01    2.016e-03
   72      72.000s     8.763e-01     8.780e-01    1.746e-03
   73      73.000s     8.747e-01     8.762e-01    1.499e-03
   74      74.000s     8.731e-01     8.744e-01    1.282e-03
   75      75.000s     8.715e-01     8.726e-01    1.100e-03
   76      76.000s     8.698e-01     8.707e-01    9.515e-04
   77      77.000s     8.681e-01     8.689e-01    8.336e-04
   78      78.000s     8.664e-01     8.671e-01    7.369e-04
   79      79.000s     8.647e-01     8.653e-01    6.494e-04
   80      80.000s     8.630e-01     8.635e-01    5.587e-04
   81      81.000s     8.613e-01     8.618e-01    4.551e-04
   82      82.000s     8.596e-01     8.600e-01    3.332e-04
   83      83.000s     8.580e-01     8.582e-01    1.934e-04
   84      84.000s     8.564e-01     8.564e-01    4.163e-05
   85      85.000s     8.548e-01     8.546e-01   -1.115e-04
   86      86.000s     8.531e-01     8.529e-01   -2.535e-04
   87      87.000s     8.515e-01     8.511e-01   -3.736e-04
   88      88.000s     8.498e-01     8.493e-01   -4.654e-04
   89      89.000s     8.481e-01     8.476e-01   -5.286e-04
   90      90.000s     8.464e-01     8.458e-01   -5.684e-04
   91      91.000s     8.447e-01     8.441e-01   -5.937e-04
   92      92.000s     8.429e-01     8.423e-01   -6.136e-04
   93      93.000s     8.412e-01     8.406e-01   -6.351e-04
   94      94.000s     8.395e-01     8.388e-01   -6.619e-04
   95      95.000s     8.378e-01     8.371e-01   -6.947e-04
   96      96.000s     8.361e-01     8.354e-01   -7.342e-04
   97      97.000s     8.344e-01     8.336e-01   -7.824e-04
   98      98.000s     8.327e-01     8.319e-01   -8.440e-04
   99      99.000s     8.311e-01     8.302e-01   -9.256e-04
  100     100.000s     8.295e-01     8.285e-01   -1.035e-03
  101     101.000s     8.279e-01     8.267e-01   -1.176e-03
  102     102.000s     8.264e-01     8.250e-01   -1.353e-03
  103     103.000s     8.249e-01     8.233e-01   -1.565e-03
  104     104.000s     8.234e-01     8.216e-01   -1.808e-03
  105     105.000s     8.220e-01     8.199e-01   -2.074e-03
  106     106.000s     8.206e-01     8.182e-01   -2.358e-03
  107     107.000s     8.192e-01     8.165e-01   -2.649e-03
  108     108.000s     8.178e-01     8.148e-01   -2.941e-03
  109     109.000s     8.164e-01     8.131e-01   -3.226e-03
  110     110.000s     8.149e-01     8.115e-01   -3.498e-03
  111     111.000s     8.135e-01     8.098e-01   -3.751e-03
  112     112.000s     8.121e-01     8.081e-01   -3.978e-03
  113     113.000s     8.106e-01     8.064e-01   -4.176e-03
  114     114.000s     8.091e-01     8.047e-01   -4.342e-03
  115     115.000s     8.076e-01     8.031e-01   -4.480e-03
  116     116.000s     8.060e-01     8.014e-01   -4.600e-03
  117     117.000s     8.045e-01     7.998e-01   -4.712e-03
  118     118.000s     8.029e-01     7.981e-01   -4.825e-03
  119     119.000s     8.014e-01     7.964e-01   -4.944e-03
  120     120.000s     7.999e-01     7.948e-01   -5.070e-03
  121     121.000s     7.983e-01     7.931e-01   -5.199e-03
  122     122.000s     7.968e-01     7.915e-01   -5.324e-03
  123     123.000s     7.953e-01     7.899e-01   -5.441e-03
  124     124.000s     7.938e-01     7.882e-01   -5.547e-03
  125     125.000s     7.922e-01     7.866e-01   -5.642e-03
  126     126.000s     7.907e-01     7.850e-01   -5.731e-03
  127     127.000s     7.892e-01     7.833e-01   -5.817e-03
  128     128.000s     7.876e-01     7.817e-01   -5.905e-03
  129     129.000s     7.861e-01     7.801e-01   -5.997e-03
  130     130.000s     7.846e-01     7.785e-01   -6.092e-03
  131     131.000s     7.830e-01     7.769e-01   -6.184e-03
  132     132.000s     7.815e-01     7.753e-01   -6.265e-03
  133     133.000s     7.800e-01     7.736e-01   -6.326e-03
  134     134.000s     7.784e-01     7.720e-01   -6.360e-03
  135     135.000s     7.768e-01     7.704e-01   -6.362e-03
  136     136.000s     7.752e-01     7.688e-01   -6.330e-03
  137     137.000s     7.735e-01     7.673e-01   -6.267e-03
  138     138.000s     7.718e-01     7.657e-01   -6.179e-03
  139     139.000s     7.702e-01     7.641e-01   -6.076e-03
  140     140.000s     7.685e-01     7.625e-01   -5.969e-03
  141     141.000s     7.668e-01     7.609e-01   -5.871e-03
  142     142.000s     7.651e-01     7.593e-01   -5.790e-03
  143     143.000s     7.635e-01     7.578e-01   -5.733e-03
  144     144.000s     7.619e-01     7.562e-01   -5.702e-03
  145     145.000s     7.603e-01     7.546e-01   -5.696e-03
  146     146.000s     7.588e-01     7.531e-01   -5.713e-03
  147     147.000s     7.573e-01     7.515e-01   -5.750e-03
  148     148.000s     7.557e-01     7.499e-01   -5.802e-03
  149     149.000s     7.543e-01     7.484e-01   -5.865e-03
  150     150.000s     7.528e-01     7.468e-01   -5.931e-03
  151     151.000s     7.513e-01     7.453e-01   -5.994e-03
  152     152.000s     7.498e-01     7.438e-01   -6.051e-03
  153     153.000s     7.483e-01     7.422e-01   -6.098e-03
  154     154.000s     7.468e-01     7.407e-01   -6.137e-03
  155     155.000s     7.453e-01     7.391e-01   -6.174e-03
  156     156.000s     7.438e-01     7.376e-01   -6.214e-03
  157     157.000s     7.423e-01     7.361e-01   -6.262e-03
  158     158.000s     7.409e-01     7.346e-01   -6.321e-03
  159     159.000s     7.394e-01     7.330e-01   -6.392e-03
  160     160.000s     7.380e-01     7.315e-01   -6.475e-03
  161     161.000s     7.366e-01     7.300e-01   -6.570e-03
  162     162.000s     7.352e-01     7.285e-01   -6.676e-03
  163     163.000s     7.338e-01     7.270e-01   -6.792e-03
  164     164.000s     7.324e-01     7.255e-01   -6.917e-03
  165     165.000s     7.310e-01     7.240e-01   -7.047e-03
  166     166.000s     7.296e-01     7.225e-01   -7.178e-03
  167     167.000s     7.283e-01     7.210e-01   -7.301e-03
  168     168.000s     7.269e-01     7.195e-01   -7.409e-03
  169     169.000s     7.255e-01     7.180e-01   -7.489e-03
  170     170.000s     7.240e-01     7.165e-01   -7.529e-03
  171     171.000s     7.225e-01     7.150e-01   -7.520e-03
  172     172.000s     7.210e-01     7.135e-01   -7.458e-03
  173     173.000s     7.194e-01     7.120e-01   -7.347e-03
  174     174.000s     7.178e-01     7.106e-01   -7.199e-03
  175     175.000s     7.161e-01     7.091e-01   -7.031e-03
  176     176.000s     7.145e-01     7.076e-01   -6.861e-03
  177     177.000s     7.129e-01     7.062e-01   -6.703e-03
  178     178.000s     7.113e-01     7.047e-01   -6.569e-03
  179     179.000s     7.097e-01     7.032e-01   -6.467e-03
  180     180.000s     7.082e-01     7.018e-01   -6.401e-03
  181     181.000s     7.067e-01     7.003e-01   -6.373e-03
  182     182.000s     7.053e-01     6.989e-01   -6.381e-03
  183     183.000s     7.039e-01     6.974e-01   -6.423e-03
  184     184.000s     7.025e-01     6.960e-01   -6.496e-03
  185     185.000s     7.011e-01     6.945e-01   -6.598e-03
  186     186.000s     6.998e-01     6.931e-01   -6.725e-03
  187     187.000s     6.985e-01     6.917e-01   -6.876e-03
  188     188.000s     6.973e-01     6.902e-01   -7.044e-03
  189     189.000s     6.960e-01     6.888e-01   -7.222e-03
  190     190.000s     6.948e-01     6.874e-01   -7.402e-03
  191     191.000s     6.935e-01     6.860e-01   -7.572e-03
  192     192.000s     6.923e-01     6.845e-01   -7.725e-03
  193     193.000s     6.910e-01     6.831e-01   -7.856e-03
  194     194.000s     6.897e-01     6.817e-01   -7.960e-03
  195     195.000s     6.883e-01     6.803e-01   -8.036e-03
  196     196.000s     6.870e-01     6.789e-01   -8.084e-03
  197     197.000s     6.856e-01     6.775e-01   -8.104e-03
  198     198.000s     6.842e-01     6.761e-01   -8.096e-03
  199     199.000s     6.827e-01     6.747e-01   -8.059e-03
  200     200.000s     6.813e-01     6.733e-01   -7.993e-03
  201     201.000s     6.798e-01     6.719e-01   -7.898e-03
  202     202.000s     6.783e-01     6.705e-01   -7.777e-03
  203     203.000s     6.767e-01     6.691e-01   -7.632e-03
  204     204.000s     6.752e-01     6.677e-01   -7.472e-03
  205     205.000s     6.736e-01     6.663e-01   -7.303e-03
  206     206.000s     6.721e-01     6.649e-01   -7.135e-03
  207     207.000s     6.705e-01     6.636e-01   -6.974e-03
  208     208.000s     6.690e-01     6.622e-01   -6.824e-03
  209     209.000s     6.675e-01     6.608e-01   -6.686e-03
  210     210.000s     6.660e-01     6.594e-01   -6.561e-03
  211     211.000s     6.645e-01     6.581e-01   -6.450e-03
  212     212.000s     6.631e-01     6.567e-01   -6.354e-03
  213     213.000s     6.616e-01     6.554e-01   -6.278e-03
  214     214.000s     6.602e-01     6.540e-01   -6.225e-03
  215     215.000s     6.588e-01     6.526e-01   -6.197e-03
  216     216.000s     6.575e-01     6.513e-01   -6.190e-03
  217     217.000s     6.561e-01     6.499e-01   -6.197e-03
  218     218.000s     6.548e-01     6.486e-01   -6.210e-03
  219     219.000s     6.535e-01     6.472e-01   -6.225e-03
  220     220.000s     6.521e-01     6.459e-01   -6.241e-03
  221     221.000s     6.508e-01     6.446e-01   -6.263e-03
  222     222.000s     6.495e-01     6.432e-01   -6.297e-03
  223     223.000s     6.482e-01     6.419e-01   -6.348e-03
  224     224.000s     6.470e-01     6.406e-01   -6.420e-03
  225     225.000s     6.458e-01     6.392e-01   -6.512e-03
  226     226.000s     6.445e-01     6.379e-01   -6.621e-03
  227     227.000s     6.433e-01     6.366e-01   -6.743e-03
  228     228.000s     6.421e-01     6.353e-01   -6.869e-03
  229     229.000s     6.410e-01     6.340e-01   -6.990e-03
  230     230.000s     6.397e-01     6.326e-01   -7.095e-03
  231     231.000s     6.385e-01     6.313e-01   -7.173e-03
  232     232.000s     6.372e-01     6.300e-01   -7.211e-03
  233     233.000s     6.359e-01     6.287e-01   -7.203e-03
  234     234.000s     6.346e-01     6.274e-01   -7.145e-03
  235     235.000s     6.332e-01     6.261e-01   -7.044e-03
  236     236.000s     6.317e-01     6.248e-01   -6.912e-03
  237     237.000s     6.303e-01     6.235e-01   -6.770e-03
  238     238.000s     6.289e-01     6.222e-01   -6.635e-03
  239     239.000s     6.275e-01     6.209e-01   -6.527e-03
  240     240.000s     6.261e-01     6.197e-01   -6.453e-03
  241     241.000s     6.248e-01     6.184e-01   -6.418e-03
  242     242.000s     6.235e-01     6.171e-01   -6.418e-03
  243     243.000s     6.223e-01     6.158e-01   -6.445e-03
  244     244.000s     6.210e-01     6.145e-01   -6.491e-03
  245     245.000s     6.198e-01     6.133e-01   -6.548e-03
  246     246.000s     6.186e-01     6.120e-01   -6.607e-03
  247     247.000s     6.174e-01     6.107e-01   -6.662e-03
  248     248.000s     6.162e-01     6.095e-01   -6.708e-03
  249     249.000s     6.149e-01     6.082e-01   -6.741e-03
  250     250.000s     6.137e-01     6.069e-01   -6.754e-03
  251     251.000s     6.124e-01     6.057e-01   -6.739e-03
  252     252.000s     6.111e-01     6.044e-01   -6.690e-03
  253     253.000s     6.098e-01     6.032e-01   -6.604e-03
  254     254.000s     6.084e-01     6.019e-01   -6.479e-03
  255     255.000s     6.070e-01     6.007e-01   -6.320e-03
  256     256.000s     6.056e-01     5.994e-01   -6.135e-03
  257     257.000s     6.041e-01     5.982e-01   -5.931e-03
  258     258.000s     6.027e-01     5.970e-01   -5.717e-03
  259     259.000s     6.012e-01     5.957e-01   -5.500e-03
  260     260.000s     5.998e-01     5.945e-01   -5.286e-03
  261     261.000s     5.983e-01     5.932e-01   -5.076e-03
  262     262.000s     5.969e-01     5.920e-01   -4.872e-03
  263     263.000s     5.955e-01     5.908e-01   -4.670e-03
  264     264.000s     5.940e-01     5.896e-01   -4.471e-03
  265     265.000s     5.926e-01     5.883e-01   -4.272e-03
  266     266.000s     5.912e-01     5.871e-01   -4.073e-03
  267     267.000s     5.898e-01     5.859e-01   -3.874e-03
  268     268.000s     5.884e-01     5.847e-01   -3.677e-03
  269     269.000s     5.870e-01     5.835e-01   -3.487e-03
  270     270.000s     5.856e-01     5.823e-01   -3.310e-03
  271     271.000s     5.842e-01     5.811e-01   -3.154e-03
  272     272.000s     5.829e-01     5.799e-01   -3.028e-03
  273     273.000s     5.816e-01     5.787e-01   -2.940e-03
  274     274.000s     5.804e-01     5.775e-01   -2.899e-03
  275     275.000s     5.792e-01     5.763e-01   -2.908e-03
  276     276.000s     5.780e-01     5.751e-01   -2.963e-03
  277     277.000s     5.769e-01     5.739e-01   -3.056e-03
  278     278.000s     5.759e-01     5.727e-01   -3.175e-03
  279     279.000s     5.748e-01     5.715e-01   -3.304e-03
  280     280.000s     5.738e-01     5.703e-01   -3.430e-03
  281     281.000s     5.727e-01     5.691e-01   -3.542e-03
  282     282.000s     5.716e-01     5.680e-01   -3.635e-03
  283     283.000s     5.705e-01     5.668e-01   -3.707e-03
  284     284.000s     5.694e-01     5.656e-01   -3.762e-03
  285     285.000s     5.682e-01     5.644e-01   -3.806e-03
  286     286.000s     5.671e-01     5.633e-01   -3.844e-03
  287     287.000s     5.660e-01     5.621e-01   -3.881e-03
  288     288.000s     5.649e-01     5.609e-01   -3.920e-03
  289     289.000s     5.637e-01     5.598e-01   -3.960e-03
  290     290.000s     5.626e-01     5.586e-01   -3.998e-03
  291     291.000s     5.615e-01     5.575e-01   -4.032e-03
  292     292.000s     5.604e-01     5.563e-01   -4.062e-03
  293     293.000s     5.592e-01     5.552e-01   -4.085e-03
  294     294.000s     5.581e-01     5.540e-01   -4.103e-03
  295     295.000s     5.570e-01     5.529e-01   -4.114e-03
  296     296.000s     5.558e-01     5.517e-01   -4.116e-03
  297     297.000s     5.547e-01     5.506e-01   -4.106e-03
  298     298.000s     5.535e-01     5.494e-01   -4.082e-03
  299     299.000s     5.523e-01     5.483e-01   -4.043e-03
  300     300.000s     5.511e-01     5.471e-01   -3.993e-03
  301     301.000s     5.500e-01     5.460e-01   -3.943e-03
  302     302.000s     5.488e-01     5.449e-01   -3.902e-03
  303     303.000s     5.476e-01     5.438e-01   -3.883e-03
  304     304.000s     5.465e-01     5.426e-01   -3.893e-03
  305     305.000s     5.454e-01     5.415e-01   -3.933e-03
  306     306.000s     5.444e-01     5.404e-01   -4.004e-03
  307     307.000s     5.434e-01     5.393e-01   -4.101e-03
  308     308.000s     5.424e-01     5.381e-01   -4.219e-03
  309     309.000s     5.414e-01     5.370e-01   -4.351e-03
  310     310.000s     5.404e-01     5.359e-01   -4.492e-03
  311     311.000s     5.394e-01     5.348e-01   -4.636e-03
  312     312.000s     5.385e-01     5.337e-01   -4.780e-03
  313     313.000s     5.375e-01     5.326e-01   -4.919e-03
  314     314.000s     5.365e-01     5.315e-01   -5.054e-03
  315     315.000s     5.356e-01     5.304e-01   -5.181e-03
  316     316.000s     5.346e-01     5.293e-01   -5.299e-03
  317     317.000s     5.336e-01     5.282e-01   -5.409e-03
  318     318.000s     5.326e-01     5.271e-01   -5.509e-03
  319     319.000s     5.316e-01     5.260e-01   -5.602e-03
  320     320.000s     5.306e-01     5.249e-01   -5.690e-03
  321     321.000s     5.296e-01     5.238e-01   -5.775e-03
  322     322.000s     5.286e-01     5.227e-01   -5.857e-03
  323     323.000s     5.276e-01     5.217e-01   -5.933e-03
  324     324.000s     5.266e-01     5.206e-01   -5.998e-03
  325     325.000s     5.255e-01     5.195e-01   -6.047e-03
  326     326.000s     5.245e-01     5.184e-01   -6.078e-03
  327     327.000s     5.234e-01     5.173e-01   -6.087e-03
  328     328.000s     5.223e-01     5.163e-01   -6.071e-03
  329     329.000s     5.212e-01     5.152e-01   -6.026e-03
  330     330.000s     5.201e-01     5.141e-01   -5.949e-03
  331     331.000s     5.189e-01     5.131e-01   -5.838e-03
  332     332.000s     5.177e-01     5.120e-01   -5.693e-03
  333     333.000s     5.165e-01     5.109e-01   -5.520e-03
  334     334.000s     5.152e-01     5.099e-01   -5.324e-03
  335     335.000s     5.139e-01     5.088e-01   -5.115e-03
  336     336.000s     5.127e-01     5.078e-01   -4.904e-03
  337     337.000s     5.114e-01     5.067e-01   -4.702e-03
  338     338.000s     5.102e-01     5.057e-01   -4.518e-03
  339     339.000s     5.090e-01     5.046e-01   -4.358e-03
  340     340.000s     5.078e-01     5.036e-01   -4.221e-03
  341     341.000s     5.066e-01     5.025e-01   -4.101e-03
  342     342.000s     5.055e-01     5.015e-01   -3.989e-03
  343     343.000s     5.043e-01     5.005e-01   -3.872e-03
  344     344.000s     5.032e-01     4.994e-01   -3.738e-03
  345     345.000s     5.020e-01     4.984e-01   -3.581e-03
  346     346.000s     5.008e-01     4.974e-01   -3.396e-03
  347     347.000s     4.995e-01     4.963e-01   -3.185e-03
  348     348.000s     4.982e-01     4.953e-01   -2.953e-03
  349     349.000s     4.970e-01     4.943e-01   -2.712e-03
  350     350.000s     4.957e-01     4.932e-01   -2.476e-03
  351     351.000s     4.945e-01     4.922e-01   -2.259e-03
  352     352.000s     4.933e-01     4.912e-01   -2.070e-03
  353     353.000s     4.921e-01     4.902e-01   -1.915e-03
  354     354.000s     4.910e-01     4.892e-01   -1.797e-03
  355     355.000s     4.899e-01     4.882e-01   -1.714e-03
  356     356.000s     4.888e-01     4.871e-01   -1.663e-03
  357     357.000s     4.878e-01     4.861e-01   -1.638e-03
  358     358.000s     4.868e-01     4.851e-01   -1.632e-03
  359     359.000s     4.858e-01     4.841e-01   -1.638e-03
  360     360.000s     4.848e-01     4.831e-01   -1.649e-03
  361     361.000s     4.838e-01     4.821e-01   -1.661e-03
  362     362.000s     4.828e-01     4.811e-01   -1.669e-03
  363     363.000s     4.818e-01     4.801e-01   -1.669e-03
  364     364.000s     4.808e-01     4.791e-01   -1.658e-03
  365     365.000s     4.798e-01     4.781e-01   -1.636e-03
  366     366.000s     4.788e-01     4.771e-01   -1.606e-03
  367     367.000s     4.777e-01     4.762e-01   -1.576e-03
  368     368.000s     4.767e-01     4.752e-01   -1.560e-03
  369     369.000s     4.758e-01     4.742e-01   -1.573e-03
  370     370.000s     4.748e-01     4.732e-01   -1.628e-03
  371     371.000s     4.740e-01     4.722e-01   -1.730e-03
  372     372.000s     4.731e-01     4.712e-01   -1.877e-03
  373     373.000s     4.723e-01     4.703e-01   -2.053e-03
  374     374.000s     4.715e-01     4.693e-01   -2.242e-03
  375     375.000s     4.707e-01     4.683e-01   -2.423e-03
  376     376.000s     4.699e-01     4.673e-01   -2.583e-03
  377     377.000s     4.691e-01     4.664e-01   -2.717e-03
  378     378.000s     4.682e-01     4.654e-01   -2.824e-03
  379     379.000s     4.674e-01     4.645e-01   -2.912e-03
  380     380.000s     4.665e-01     4.635e-01   -2.986e-03
  381     381.000s     4.656e-01     4.625e-01   -3.054e-03
  382     382.000s     4.647e-01     4.616e-01   -3.116e-03
  383     383.000s     4.638e-01     4.606e-01   -3.174e-03
  384     384.000s     4.629e-01     4.597e-01   -3.224e-03
  385     385.000s     4.620e-01     4.587e-01   -3.268e-03
  386     386.000s     4.611e-01     4.578e-01   -3.305e-03
  387     387.000s     4.601e-01     4.568e-01   -3.336e-03
  388     388.000s     4.592e-01     4.559e-01   -3.358e-03
  389     389.000s     4.583e-01     4.549e-01   -3.368e-03
  390     390.000s     4.573e-01     4.540e-01   -3.358e-03
  391     391.000s     4.564e-01     4.530e-01   -3.324e-03
  392     392.000s     4.554e-01     4.521e-01   -3.264e-03
  393     393.000s     4.543e-01     4.512e-01   -3.181e-03
  394     394.000s     4.533e-01     4.502e-01   -3.083e-03
  395     395.000s     4.523e-01     4.493e-01   -2.984e-03
  396     396.000s     4.513e-01     4.484e-01   -2.897e-03
  397     397.000s     4.503e-01     4.474e-01   -2.833e-03
  398     398.000s     4.493e-01     4.465e-01   -2.799e-03
  399     399.000s     4.484e-01     4.456e-01   -2.791e-03
  400     400.000s     4.475e-01     4.447e-01   -2.802e-03
  401     401.000s     4.466e-01     4.437e-01   -2.818e-03
  402     402.000s     4.456e-01     4.428e-01   -2.823e-03
  403     403.000s     4.447e-01     4.419e-01   -2.804e-03
  404     404.000s     4.437e-01     4.410e-01   -2.751e-03
  405     405.000s     4.427e-01     4.401e-01   -2.662e-03
  406     406.000s     4.417e-01     4.392e-01   -2.537e-03
  407     407.000s     4.406e-01     4.382e-01   -2.381e-03
  408     408.000s     4.395e-01     4.373e-01   -2.198e-03
  409     409.000s     4.384e-01     4.364e-01   -1.994e-03
  410     410.000s     4.373e-01     4.355e-01   -1.771e-03
  411     411.000s     4.362e-01     4.346e-01   -1.532e-03
  412     412.000s     4.350e-01     4.337e-01   -1.277e-03
  413     413.000s     4.338e-01     4.328e-01   -1.007e-03
  414     414.000s     4.327e-01     4.319e-01   -7.243e-04
  415     415.000s     4.315e-01     4.310e-01   -4.322e-04
  416     416.000s     4.303e-01     4.301e-01   -1.372e-04
  417     417.000s     4.291e-01     4.292e-01    1.515e-04
  418     418.000s     4.279e-01     4.284e-01    4.230e-04
  419     419.000s     4.268e-01     4.275e-01    6.667e-04
  420     420.000s     4.257e-01     4.266e-01    8.743e-04
  421     421.000s     4.247e-01     4.257e-01    1.041e-03
  422     422.000s     4.237e-01     4.248e-01    1.167e-03
  423     423.000s     4.227e-01     4.239e-01    1.254e-03
  424     424.000s     4.218e-01     4.231e-01    1.306e-03
  425     425.000s     4.209e-01     4.222e-01    1.327e-03
  426     426.000s     4.200e-01     4.213e-01    1.321e-03
  427     427.000s     4.191e-01     4.204e-01    1.292e-03
  428     428.000s     4.183e-01     4.196e-01    1.245e-03
  429     429.000s     4.175e-01     4.187e-01    1.185e-03
  430     430.000s     4.167e-01     4.178e-01    1.119e-03
  431     431.000s     4.159e-01     4.170e-01    1.054e-03
  432     432.000s     4.151e-01     4.161e-01    1.002e-03
  433     433.000s     4.143e-01     4.152e-01    9.686e-04
  434     434.000s     4.134e-01     4.144e-01    9.614e-04
  435     435.000s     4.125e-01     4.135e-01    9.825e-04
  436     436.000s     4.116e-01     4.127e-01    1.032e-03
  437     437.000s     4.107e-01     4.118e-01    1.107e-03
  438     438.000s     4.097e-01     4.110e-01    1.207e-03
  439     439.000s     4.088e-01     4.101e-01    1.328e-03
  440     440.000s     4.078e-01     4.092e-01    1.465e-03
  441     441.000s     4.068e-01     4.084e-01    1.613e-03
  442     442.000s     4.058e-01     4.076e-01    1.762e-03
  443     443.000s     4.048e-01     4.067e-01    1.904e-03
  444     444.000s     4.038e-01     4.059e-01    2.030e-03
  445     445.000s     4.029e-01     4.050e-01    2.134e-03
  446     446.000s     4.020e-01     4.042e-01    2.210e-03
  447     447.000s     4.011e-01     4.034e-01    2.257e-03
  448     448.000s     4.002e-01     4.025e-01    2.273e-03
  449     449.000s     3.994e-01     4.017e-01    2.257e-03
  450     450.000s     3.986e-01     4.008e-01    2.212e-03
  451     451.000s     3.979e-01     4.000e-01    2.140e-03
  452     452.000s     3.971e-01     3.992e-01    2.052e-03
  453     453.000s     3.964e-01     3.984e-01    1.959e-03
  454     454.000s     3.957e-01     3.975e-01    1.873e-03
  455     455.000s     3.949e-01     3.967e-01    1.804e-03
  456     456.000s     3.941e-01     3.959e-01    1.753e-03
  457     457.000s     3.934e-01     3.951e-01    1.718e-03
  458     458.000s     3.926e-01     3.943e-01    1.692e-03
  459     459.000s     3.918e-01     3.934e-01    1.664e-03
  460     460.000s     3.910e-01     3.926e-01    1.628e-03
  461     461.000s     3.902e-01     3.918e-01    1.575e-03
  462     462.000s     3.895e-01     3.910e-01    1.501e-03
  463     463.000s     3.888e-01     3.902e-01    1.406e-03
  464     464.000s     3.881e-01     3.894e-01    1.294e-03
  465     465.000s     3.874e-01     3.886e-01    1.171e-03
  466     466.000s     3.867e-01     3.878e-01    1.045e-03
  467     467.000s     3.860e-01     3.870e-01    9.218e-04
  468     468.000s     3.854e-01     3.862e-01    8.047e-04
  469     469.000s     3.847e-01     3.854e-01    6.914e-04
  470     470.000s     3.840e-01     3.846e-01    5.767e-04
  471     471.000s     3.833e-01     3.838e-01    4.547e-04
  472     472.000s     3.826e-01     3.830e-01    3.211e-04
  473     473.000s     3.820e-01     3.822e-01    1.752e-04
  474     474.000s     3.814e-01     3.814e-01    1.977e-05
  475     475.000s     3.807e-01     3.806e-01   -1.399e-04
  476     476.000s     3.801e-01     3.798e-01   -2.974e-04
  477     477.000s     3.795e-01     3.790e-01   -4.468e-04
  478     478.000s     3.788e-01     3.782e-01   -5.839e-04
  479     479.000s     3.782e-01     3.774e-01   -7.064e-04
  480     480.000s     3.775e-01     3.767e-01   -8.129e-04
  481     481.000s     3.768e-01     3.759e-01   -9.015e-04
  482     482.000s     3.761e-01     3.751e-01   -9.693e-04
  483     483.000s     3.753e-01     3.743e-01   -1.012e-03
  484     484.000s     3.746e-01     3.736e-01   -1.026e-03
  485     485.000s     3.738e-01     3.728e-01   -1.007e-03
  486     486.000s     3.730e-01     3.720e-01   -9.565e-04
  487     487.000s     3.721e-01     3.712e-01   -8.756e-04
  488     488.000s     3.712e-01     3.705e-01   -7.671e-04
  489     489.000s     3.703e-01     3.697e-01   -6.340e-04
  490     490.000s     3.694e-01     3.689e-01   -4.805e-04
  491     491.000s     3.685e-01     3.682e-01   -3.129e-04
  492     492.000s     3.675e-01     3.674e-01   -1.407e-04
  493     493.000s     3.666e-01     3.666e-01    2.515e-05
  494     494.000s     3.657e-01     3.659e-01    1.747e-04
  495     495.000s     3.648e-01     3.651e-01    3.022e-04
  496     496.000s     3.640e-01     3.644e-01    4.072e-04
  497     497.000s     3.631e-01     3.636e-01    4.946e-04
  498     498.000s     3.623e-01     3.629e-01    5.734e-04
  499     499.000s     3.615e-01     3.621e-01    6.537e-04
  500     500.000s     3.606e-01     3.614e-01    7.440e-04
  501     501.000s     3.598e-01     3.606e-01    8.487e-04
  502     502.000s     3.589e-01     3.599e-01    9.672e-04
  503     503.000s     3.580e-01     3.591e-01    1.095e-03
  504     504.000s     3.571e-01     3.584e-01    1.226e-03
  505     505.000s     3.563e-01     3.576e-01    1.355e-03
  506     506.000s     3.554e-01     3.569e-01    1.476e-03
  507     507.000s     3.546e-01     3.562e-01    1.587e-03
  508     508.000s     3.537e-01     3.554e-01    1.686e-03
  509     509.000s     3.529e-01     3.547e-01    1.773e-03
  510     510.000s     3.521e-01     3.539e-01    1.847e-03
  511     511.000s     3.513e-01     3.532e-01    1.909e-03
  512     512.000s     3.505e-01     3.525e-01    1.958e-03
  513     513.000s     3.498e-01     3.517e-01    1.994e-03
  514     514.000s     3.490e-01     3.510e-01    2.016e-03
  515     515.000s     3.483e-01     3.503e-01    2.023e-03
  516     516.000s     3.475e-01     3.496e-01    2.016e-03
  517     517.000s     3.468e-01     3.488e-01    2.000e-03
  518     518.000s     3.461e-01     3.481e-01    1.980e-03
  519     519.000s     3.454e-01     3.474e-01    1.963e-03
  520     520.000s     3.447e-01     3.467e-01    1.957e-03
  521     521.000s     3.440e-01     3.460e-01    1.964e-03
  522     522.000s     3.433e-01     3.452e-01    1.983e-03
  523     523.000s     3.425e-01     3.445e-01    2.005e-03
  524     524.000s     3.418e-01     3.438e-01    2.019e-03
  525     525.000s     3.411e-01     3.431e-01    2.017e-03
  526     526.000s     3.404e-01     3.424e-01    1.994e-03
  527     527.000s     3.397e-01     3.417e-01    1.951e-03
  528     528.000s     3.391e-01     3.410e-01    1.894e-03
  529     529.000s     3.384e-01     3.403e-01    1.829e-03
  530     530.000s     3.378e-01     3.396e-01    1.763e-03
  531     531.000s     3.372e-01     3.389e-01    1.703e-03
  532     532.000s     3.365e-01     3.382e-01    1.655e-03
  533     533.000s     3.358e-01     3.375e-01    1.624e-03
  534     534.000s     3.351e-01     3.368e-01    1.619e-03
  535     535.000s     3.344e-01     3.361e-01    1.645e-03
  536     536.000s     3.337e-01     3.354e-01    1.706e-03
  537     537.000s     3.329e-01     3.347e-01    1.803e-03
  538     538.000s     3.320e-01     3.340e-01    1.933e-03
  539     539.000s     3.312e-01     3.333e-01    2.093e-03
  540     540.000s     3.303e-01     3.326e-01    2.274e-03
  541     541.000s     3.294e-01     3.319e-01    2.470e-03
  542     542.000s     3.285e-01     3.312e-01    2.670e-03
  543     543.000s     3.277e-01     3.305e-01    2.864e-03
  544     544.000s     3.268e-01     3.298e-01    3.040e-03
  545     545.000s     3.260e-01     3.292e-01    3.189e-03
  546     546.000s     3.252e-01     3.285e-01    3.305e-03
  547     547.000s     3.244e-01     3.278e-01    3.384e-03
  548     548.000s     3.237e-01     3.271e-01    3.429e-03
  549     549.000s     3.230e-01     3.264e-01    3.443e-03
  550     550.000s     3.223e-01     3.258e-01    3.434e-03
  551     551.000s     3.217e-01     3.251e-01    3.410e-03
  552     552.000s     3.210e-01     3.244e-01    3.383e-03
  553     553.000s     3.204e-01     3.237e-01    3.364e-03
  554     554.000s     3.197e-01     3.231e-01    3.364e-03
  555     555.000s     3.190e-01     3.224e-01    3.387e-03
  556     556.000s     3.183e-01     3.217e-01    3.435e-03
  557     557.000s     3.176e-01     3.211e-01    3.505e-03
  558     558.000s     3.168e-01     3.204e-01    3.590e-03
  559     559.000s     3.161e-01     3.197e-01    3.683e-03
  560     560.000s     3.153e-01     3.191e-01    3.776e-03
  561     561.000s     3.145e-01     3.184e-01    3.862e-03
  562     562.000s     3.138e-01     3.178e-01    3.934e-03
  563     563.000s     3.131e-01     3.171e-01    3.988e-03
  564     564.000s     3.124e-01     3.164e-01    4.024e-03
  565     565.000s     3.117e-01     3.158e-01    4.046e-03
  566     566.000s     3.111e-01     3.151e-01    4.064e-03
  567     567.000s     3.104e-01     3.145e-01    4.089e-03
  568     568.000s     3.097e-01     3.138e-01    4.133e-03
  569     569.000s     3.090e-01     3.132e-01    4.204e-03
  570     570.000s     3.082e-01     3.125e-01    4.304e-03
  571     571.000s     3.074e-01     3.119e-01    4.430e-03
  572     572.000s     3.067e-01     3.112e-01    4.576e-03
  573     573.000s     3.059e-01     3.106e-01    4.729e-03
  574     574.000s     3.051e-01     3.099e-01    4.877e-03
  575     575.000s     3.043e-01     3.093e-01    5.008e-03
  576     576.000s     3.035e-01     3.087e-01    5.114e-03
  577     577.000s     3.028e-01     3.080e-01    5.188e-03
  578     578.000s     3.021e-01     3.074e-01    5.230e-03
  579     579.000s     3.015e-01     3.067e-01    5.241e-03
  580     580.000s     3.009e-01     3.061e-01    5.228e-03
  581     581.000s     3.003e-01     3.055e-01    5.199e-03
  582     582.000s     2.997e-01     3.048e-01    5.166e-03
  583     583.000s     2.991e-01     3.042e-01    5.139e-03
  584     584.000s     2.984e-01     3.036e-01    5.129e-03
  585     585.000s     2.978e-01     3.029e-01    5.141e-03
  586     586.000s     2.971e-01     3.023e-01    5.176e-03
  587     587.000s     2.965e-01     3.017e-01    5.231e-03
  588     588.000s     2.958e-01     3.011e-01    5.297e-03
  589     589.000s     2.951e-01     3.004e-01    5.368e-03
  590     590.000s     2.944e-01     2.998e-01    5.441e-03
  591     591.000s     2.937e-01     2.992e-01    5.514e-03
  592     592.000s     2.930e-01     2.986e-01    5.589e-03
  593     593.000s     2.923e-01     2.980e-01    5.665e-03
  594     594.000s     2.916e-01     2.973e-01    5.741e-03
  595     595.000s     2.909e-01     2.967e-01    5.813e-03
  596     596.000s     2.902e-01     2.961e-01    5.876e-03
  597     597.000s     2.896e-01     2.955e-01    5.929e-03
  598     598.000s     2.889e-01     2.949e-01    5.974e-03
  599     599.000s     2.883e-01     2.943e-01    6.019e-03
  600     600.000s     2.876e-01     2.937e-01    6.075e-03
  601     601.000s     2.869e-01     2.931e-01    6.151e-03
  602     602.000s     2.862e-01     2.925e-01    6.254e-03
  603     603.000s     2.855e-01     2.918e-01    6.386e-03
  604     604.000s     2.847e-01     2.912e-01    6.543e-03
  605     605.000s     2.839e-01     2.906e-01    6.715e-03
  606     606.000s     2.831e-01     2.900e-01    6.892e-03
  607     607.000s     2.824e-01     2.894e-01    7.060e-03
  608     608.000s     2.816e-01     2.888e-01    7.205e-03
  609     609.000s     2.809e-01     2.882e-01    7.313e-03
  610     610.000s     2.803e-01     2.876e-01    7.373e-03
  611     611.000s     2.797e-01     2.870e-01    7.376e-03
  612     612.000s     2.791e-01     2.864e-01    7.321e-03
  613     613.000s     2.786e-01     2.859e-01    7.210e-03
  614     614.000s     2.782e-01     2.853e-01    7.047e-03
  615     615.000s     2.778e-01     2.847e-01    6.841e-03
  616     616.000s     2.775e-01     2.841e-01    6.601e-03
  617     617.000s     2.772e-01     2.835e-01    6.335e-03
  618     618.000s     2.769e-01     2.829e-01    6.053e-03
  619     619.000s     2.766e-01     2.823e-01    5.762e-03
  620     620.000s     2.763e-01     2.817e-01    5.472e-03
  621     621.000s     2.760e-01     2.812e-01    5.196e-03
  622     622.000s     2.756e-01     2.806e-01    4.944e-03
  623     623.000s     2.753e-01     2.800e-01    4.725e-03
  624     624.000s     2.749e-01     2.794e-01    4.546e-03
  625     625.000s     2.744e-01     2.788e-01    4.408e-03
  626     626.000s     2.739e-01     2.782e-01    4.308e-03
  627     627.000s     2.734e-01     2.777e-01    4.238e-03
  628     628.000s     2.729e-01     2.771e-01    4.190e-03
  629     629.000s     2.724e-01     2.765e-01    4.154e-03
  630     630.000s     2.718e-01     2.760e-01    4.124e-03
  631     631.000s     2.713e-01     2.754e-01    4.103e-03
  632     632.000s     2.707e-01     2.748e-01    4.095e-03
  633     633.000s     2.701e-01     2.742e-01    4.109e-03
  634     634.000s     2.695e-01     2.737e-01    4.151e-03
  635     635.000s     2.689e-01     2.731e-01    4.222e-03
  636     636.000s     2.682e-01     2.725e-01    4.320e-03
  637     637.000s     2.675e-01     2.720e-01    4.436e-03
  638     638.000s     2.668e-01     2.714e-01    4.561e-03
  639     639.000s     2.662e-01     2.708e-01    4.688e-03
  640     640.000s     2.655e-01     2.703e-01    4.812e-03
  641     641.000s     2.648e-01     2.697e-01    4.934e-03
  642     642.000s     2.641e-01     2.692e-01    5.053e-03
  643     643.000s     2.634e-01     2.686e-01    5.171e-03
  644     644.000s     2.628e-01     2.681e-01    5.288e-03
  645     645.000s     2.621e-01     2.675e-01    5.404e-03
  646     646.000s     2.614e-01     2.669e-01    5.512e-03
  647     647.000s     2.608e-01     2.664e-01    5.604e-03
  648     648.000s     2.602e-01     2.658e-01    5.668e-03
  649     649.000s     2.596e-01     2.653e-01    5.694e-03
  650     650.000s     2.591e-01     2.647e-01    5.673e-03
  651     651.000s     2.586e-01     2.642e-01    5.602e-03
  652     652.000s     2.582e-01     2.636e-01    5.485e-03
  653     653.000s     2.578e-01     2.631e-01    5.328e-03
  654     654.000s     2.574e-01     2.625e-01    5.145e-03
  655     655.000s     2.571e-01     2.620e-01    4.949e-03
  656     656.000s     2.567e-01     2.615e-01    4.754e-03
  657     657.000s     2.563e-01     2.609e-01    4.575e-03
  658     658.000s     2.560e-01     2.604e-01    4.423e-03
  659     659.000s     2.555e-01     2.598e-01    4.306e-03
  660     660.000s     2.551e-01     2.593e-01    4.230e-03
  661     661.000s     2.546e-01     2.588e-01    4.198e-03
  662     662.000s     2.540e-01     2.582e-01    4.209e-03
  663     663.000s     2.534e-01     2.577e-01    4.256e-03
  664     664.000s     2.528e-01     2.572e-01    4.329e-03
  665     665.000s     2.522e-01     2.566e-01    4.415e-03
  666     666.000s     2.516e-01     2.561e-01    4.499e-03
  667     667.000s     2.510e-01     2.556e-01    4.571e-03
  668     668.000s     2.504e-01     2.550e-01    4.627e-03
  669     669.000s     2.498e-01     2.545e-01    4.670e-03
  670     670.000s     2.493e-01     2.540e-01    4.706e-03
  671     671.000s     2.487e-01     2.535e-01    4.742e-03
  672     672.000s     2.481e-01     2.529e-01    4.784e-03
  673     673.000s     2.476e-01     2.524e-01    4.837e-03
  674     674.000s     2.470e-01     2.519e-01    4.900e-03
  675     675.000s     2.464e-01     2.514e-01    4.975e-03
  676     676.000s     2.458e-01     2.508e-01    5.063e-03
  677     677.000s     2.452e-01     2.503e-01    5.164e-03
  678     678.000s     2.445e-01     2.498e-01    5.279e-03
  679     679.000s     2.439e-01     2.493e-01    5.410e-03
  680     680.000s     2.432e-01     2.488e-01    5.556e-03
  681     681.000s     2.425e-01     2.482e-01    5.715e-03
  682     682.000s     2.418e-01     2.477e-01    5.887e-03
  683     683.000s     2.412e-01     2.472e-01    6.071e-03
  684     684.000s     2.404e-01     2.467e-01    6.267e-03
  685     685.000s     2.397e-01     2.462e-01    6.472e-03
  686     686.000s     2.390e-01     2.457e-01    6.682e-03
  687     687.000s     2.383e-01     2.452e-01    6.891e-03
  688     688.000s     2.376e-01     2.447e-01    7.094e-03
  689     689.000s     2.369e-01     2.442e-01    7.286e-03
  690     690.000s     2.362e-01     2.437e-01    7.464e-03
  691     691.000s     2.355e-01     2.432e-01    7.629e-03
  692     692.000s     2.349e-01     2.426e-01    7.782e-03
  693     693.000s     2.342e-01     2.421e-01    7.923e-03
  694     694.000s     2.336e-01     2.416e-01    8.050e-03
  695     695.000s     2.330e-01     2.411e-01    8.159e-03
  696     696.000s     2.324e-01     2.406e-01    8.244e-03
  697     697.000s     2.318e-01     2.401e-01    8.302e-03
  698     698.000s     2.313e-01     2.396e-01    8.332e-03
  699     699.000s     2.308e-01     2.392e-01    8.333e-03
  700     700.000s     2.304e-01     2.387e-01    8.306e-03
  701     701.000s     2.299e-01     2.382e-01    8.252e-03
  702     702.000s     2.295e-01     2.377e-01    8.173e-03
  703     703.000s     2.291e-01     2.372e-01    8.072e-03
  704     704.000s     2.287e-01     2.367e-01    7.955e-03
  705     705.000s     2.284e-01     2.362e-01    7.826e-03
  706     706.000s     2.280e-01     2.357e-01    7.691e-03
  707     707.000s     2.277e-01     2.352e-01    7.555e-03
  708     708.000s     2.273e-01     2.347e-01    7.421e-03
  709     709.000s     2.270e-01     2.342e-01    7.292e-03
  710     710.000s     2.266e-01     2.338e-01    7.168e-03
  711     711.000s     2.262e-01     2.333e-01    7.048e-03
  712     712.000s     2.259e-01     2.328e-01    6.931e-03
  713     713.000s     2.255e-01     2.323e-01    6.816e-03
  714     714.000s     2.251e-01     2.318e-01    6.704e-03
  715     715.000s     2.247e-01     2.313e-01    6.597e-03
  716     716.000s     2.244e-01     2.309e-01    6.499e-03
  717     717.000s     2.240e-01     2.304e-01    6.414e-03
  718     718.000s     2.236e-01     2.299e-01    6.346e-03
  719     719.000s     2.231e-01     2.294e-01    6.295e-03
  720     720.000s     2.227e-01     2.290e-01    6.263e-03
  721     721.000s     2.222e-01     2.285e-01    6.247e-03
  722     722.000s     2.218e-01     2.280e-01    6.247e-03
  723     723.000s     2.213e-01     2.275e-01    6.258e-03
  724     724.000s     2.208e-01     2.271e-01    6.275e-03
  725     725.000s     2.203e-01     2.266e-01    6.297e-03
  726     726.000s     2.198e-01     2.261e-01    6.318e-03

============================================================

