SIMFIT 1
1   389408723
2   388665282
3   387918088
4   387170602
5   386424854
6   385682124
7   384943733
8   384211516
9   383487741
10   382774562
11   382073399
12   381384578
13   380707334
14   380040019
15   379380379
16   378725855
17   378073901
18   377422280
19   376769304
20   376114067
21   375456656
22   374798232
23   374140772
24   373486393
25   372836358
26   372190125
27   371544859
28   370895789
29   370237375
30   369564883
31   368875702
32   368169920
33   367450095
34   366720413
35   365985482
36   365248992
37   364512610
38   363775606
39   363035523
40   362289629
41   361536448
42   360776653
43   360013119
44   359250390
45   358493953
46   357749461
47   357021900
48   356314672
49   355628826
50   354962700
51   354312209
52   353671767
53   353035651
54   352399363
55   351760515
56   351118933
57   350476041
58   349833923
59   349194492
60   348559005
61   347927960
62   347301276
63   346678617
64   346059712
65   345444542
66   344833326
67   344226298
68   343623326
69   343023509
70   342424953
71   341824914
72   341220240
73   340607881
74   339985311
75   339350935
76   338704576
77   338047902
78   337384413
79   336718799
80   336055860
81   335399425
82   334751554
83   334112111
84   333478733
85   332847315
86   332213028
87   331571632
88   330920639
89   330259918
90   329591532
91   328918893
92   328245584
93   327574309
94   326906459
95   326242415
96   325582356
97   324927081
98   324278406
99   323638953
100   323011504
101   322398226
102   321800128
103   321216887
104   320646966
105   320087897
106   319536631
107   318989938
108   318444753
109   317898343
110   317348206
111   316791883
112   316227010
113   315651790
114   315065773
115   314470431
116   313869064
117   313265861
118   312664513
119   312067057
120   311473492
121   310882223
122   310290997
123   309697850
124   309101770
125   308502961
126   307902702
127   307302858
128   306705151
129   306110394
130   305517951
131   304925662
132   304330327
133   303728524
134   303117396
135   302495128
136   301861150
137   301216294
138   300562934
139   299904880
140   299246793
141   298593248
142   297947870
143   297312905
144   296689249
145   296076754
146   295474559
147   294881325
148   294295339
149   293714504
150   293136396
151   292558566
152   291979115
153   291397299
154   290813800
155   290230467
156   289649598
157   289073153
158   288502271
159   287937299
160   287378163
161   286824731
162   286276899
163   285734387
164   285196470
165   284661823
166   284128458
167   283593638
168   283053743
169   282504324
170   281940676
171   281359020
172   280757881
173   280138950
174   279506891
175   278868185
176   278229617
177   277597113
178   276975184
179   276366855
180   275773803
181   275196542
182   274634655
183   274087148
184   273552862
185   273030775
186   272519978
187   272019280
188   271526716
189   271039316
190   270553383
191   270065120
192   269571296
193   269069646
194   268558908
195   268038563
196   267508464
197   266968538
198   266418673
199   265858737
200   265288658
201   264708576
202   264119146
203   263521904
204   262919414
205   262314953
206   261711807
207   261112556
208   260518710
209   259930816
210   259348956
211   258773402
212   258205096
213   257645594
214   257096348
215   256557702
216   256028297
217   255505415
218   254986127
219   254468594
220   253952766
221   253440205
222   252933263
223   252434109
224   251944004
225   251462977
226   250989859
227   250522487
228   250057910
229   249592488
230   249121953
231   248641662
232   248147220
233   247635489
234   247105656
235   246559944
236   246003575
237   245443841
238   244888505
239   244344054
240   243814444
241   243300754
242   242801670
243   242314386
244   241835480
245   241361555
246   240889644
247   240417363
248   239942724
249   239463705
250   238977869
251   238482403
252   237974712
253   237453234
254   236917993
255   236370586
256   235813717
257   235250623
258   234684574
259   234118439
260   233554259
261   232992994
262   232434623
263   231878568
264   231324167
265   230770932
266   230218644
267   229667476
268   229118219
269   228572482
270   228032707
271   227502021
272   226983959
273   226482048
274   225999114
275   225536421
276   225092967
277   224665383
278   224248551
279   223836706
280   223424551
281   223008075
282   222584994
283   222154878
284   221718939
285   221279442
286   220838843
287   220398962
288   219960549
289   219523352
290   219086545
291   218649240
292   218210841
293   217771133
294   217330059
295   216887329
296   216442115
297   215993149
298   215539350
299   215080726
300   214619066
301   214157908
302   213701714
303   213254632
304   212819485
305   212397397
306   211987979
307   211589756
308   211200574
309   210817964
310   210439512
311   210063183
312   209687457
313   209311274
314   208933843
315   208554503
316   208172709
317   207788167
318   207401032
319   207011971
320   206621912
321   206231520
322   205840666
323   205448268
324   205052618
325   204651941
326   204244779
327   203829946
328   203406220
329   202972179
330   202526456
331   202068291
332   201598020
333   201117238
334   200628668
335   200135938
336   199643259
337   199154919
338   198674507
339   198204068
340   197743515
341   197290563
342   196841263
343   196390953
344   195935305
345   195471142
346   194996955
347   194513201
348   194022430
349   193529030
350   193038393
351   192555710
352   192084939
353   191628389
354   191186862
355   190759935
356   190346171
357   189943316
358   189548655
359   189159455
360   188773289
361   188388112
362   188002178
363   187613982
364   187222415
365   186827219
366   186429653
367   186033005
368   185642468
369   185264063
370   184902841
371   184561030
372   184237000
373   183925547
374   183619402
375   183311318
376   182995925
377   182670765
378   182336255
379   181994742
380   181649086
381   181301411
382   180952567
383   180602398
384   180250472
385   179896639
386   179541049
387   179183672
388   178823738
389   178459511
390   178088664
391   177709143
392   177320185
393   176923034
394   176521052
395   176119156
396   175722700
397   175336101
398   174961581
399   174598458
400   174243251
401   173890570
402   173534443
403   173169649
404   172792680
405   172402121
406   171998421
407   171583208
408   171158496
409   170726059
410   170287149
411   169842501
412   169392500
413   168937484
414   168478124
415   168015858
416   167553189
417   167093691
418   166641601
419   166201066
420   165775315
421   165366100
422   164973640
423   164597024
424   164234774
425   163885270
426   163546924
427   163218148
428   162897218
429   162582070
430   162270066
431   161957928
432   161642044
433   161319121
434   160986872
435   160644309
436   160291508
437   159929119
438   159558026
439   159179390
440   158794939
441   158407207
442   158019470
443   157635325
444   157258105
445   156890388
446   156533843
447   156189433
448   155857731
449   155538977
450   155232711
451   154937136
452   154648773
453   154362892
454   154074733
455   153780959
456   153480554
457   153174774
458   152866410
459   152558905
460   152255651
461   151959444
462   151671979
463   151393431
464   151122368
465   150856143
466   150591723
467   150326691
468   150060075
469   149792617
470   149526334
471   149263550
472   149005899
473   148753698
474   148505871
475   148260323
476   148014544
477   147766255
478   147513831
479   147256349
480   146993255
481   146723852
482   146446958
483   146160936
484   145864148
485   145555552
486   145235055
487   144903368
488   144561565
489   144210829
490   143852728
491   143489776
492   143125643
493   142764623
494   142410540
495   142065673
496   141730176
497   141402117
498   141078049
499   140754002
500   140426658
501   140094310
502   139757185
503   139417018
504   139076200
505   138736998
506   138401171
507   138069913
508   137743915
509   137423426
510   137108402
511   136798749
512   136494563
513   136196169
514   135903934
515   135617948
516   135337720
517   135061930
518   134788324
519   134513999
520   134236230
521   133953674
522   133667273
523   133380183
524   133096587
525   132820029
526   132552172
527   132292540
528   132039117
529   131789239
530   131540250
531   131289689
532   131035156
533   130774117
534   130503923
535   130222179
536   129927300
537   129618942
538   129298039
539   128966505
540   128626902
541   128282348
542   127936583
543   127593878
544   127258571
545   126934358
546   126623702
547   126327599
548   126045654
549   125776250
550   125516652
551   125263136
552   125011312
553   124756741
554   124495726
555   124226020
556   123947180
557   123660446
558   123368234
559   123073498
560   122779262
561   122488383
562   122203344
563   121925807
564   121655948
565   121391970
566   121130249
567   120866174
568   120595352
569   120314676
570   120023016
571   119721458
572   119413083
573   119102340
574   118794144
575   118493003
576   118202396
577   117924422
578   117659667
579   117407210
580   117164762
581   116928906
582   116695448
583   116459955
584   116218557
585   115968870
586   115710613
587   115445489
588   115176272
589   114905564
590   114634867
591   114364454
592   114093975
593   113823342
594   113553324
595   113285473
596   113021419
597   112761857
598   112505757
599   112250217
600   111991152
601   111724565
602   111447844
603   111160495
604   110864130
605   110562006
606   110258539
607   109958957
608   109668907
609   109393821
610   109138145
611   108904712
612   108694518
613   108506828
614   108339510
615   108189497
616   108053326
617   107927564
618   107808911
619   107693935
620   107578744
621   107458990
622   107330323
623   107189093
624   107032971
625   106861334
626   106675383
627   106477932
628   106272714
629   106063224
630   105851466
631   105637192
632   105418108
633   105191021
634   104953410
635   104704631
636   104446225
637   104181254
638   103913159
639   103644725
640   103377582
641   103112211
642   102848291
643   102585214
644   102322698
645   102061414
646   101803426
647   101552216
648   101312170
649   101087614
650   100881714
651   100695645
652   100528298
653   100376517
654   100235658
655   100100231
656   99964548
657   99823325
658   99672127
659   99507578
660   99327408
661   99130574
662   98917574
663   98690769
664   98454334
665   98213598
666   97973860
667   97739063
668   97510855
669   97288429
670   97069251
671   96850314
672   96629243
673   96404745
674   96176362
675   95943903
676   95707045
677   95465293
678   95218220
679   94965695
680   94707918
681   94445231
682   94177915
683   93906181
684   93630420
685   93351540
686   93071141
687   92791391
688   92514577
689   92242527
690   91976130
691   91715316
692   91459586
693   91208848
694   90963978
695   90726707
696   90498941
697   90282075
698   90076731
699   89882948
700   89700492
701   89528946
702   89367547
703   89214988
704   89069402
705   88928618
706   88790514
707   88653297
708   88515606
709   88376574
710   88235900
711   88093869
712   87951102
713   87808035
714   87664409
715   87519128
716   87370589
717   87217231
718   87057932
719   86892110
720   86719655
721   86540919
722   86356767
723   86168577
724   85978002
725   85786571
726   85595371
