2179
1 0 0
0 0 1
1 3.89409e+08 0
2 0 0
0 0 1
1 3.88665e+08 0
3 0 0
0 0 1
1 3.87918e+08 0
4 0 0
0 0 1
1 3.87171e+08 0
5 0 0
0 0 1
1 3.86425e+08 0
6 0 0
0 0 1
1 3.85682e+08 0
7 0 0
0 0 1
1 3.84944e+08 0
8 0 0
0 0 1
1 3.84212e+08 0
9 0 0
0 0 1
1 3.83488e+08 0
10 0 0
0 0 1
1 3.82775e+08 0
11 0 0
0 0 1
1 3.82073e+08 0
12 0 0
0 0 1
1 3.81385e+08 0
13 0 0
0 0 1
1 3.80707e+08 0
14 0 0
0 0 1
1 3.8004e+08 0
15 0 0
0 0 1
1 3.7938e+08 0
16 0 0
0 0 1
1 3.78726e+08 0
17 0 0
0 0 1
1 3.78074e+08 0
18 0 0
0 0 1
1 3.77422e+08 0
19 0 0
0 0 1
1 3.76769e+08 0
20 0 0
0 0 1
1 3.76114e+08 0
21 0 0
0 0 1
1 3.75457e+08 0
22 0 0
0 0 1
1 3.74798e+08 0
23 0 0
0 0 1
1 3.74141e+08 0
24 0 0
0 0 1
1 3.73486e+08 0
25 0 0
0 0 1
1 3.72836e+08 0
26 0 0
0 0 1
1 3.7219e+08 0
27 0 0
0 0 1
1 3.71545e+08 0
28 0 0
0 0 1
1 3.70896e+08 0
29 0 0
0 0 1
1 3.70237e+08 0
30 0 0
0 0 1
1 3.69565e+08 0
31 0 0
0 0 1
1 3.68876e+08 0
32 0 0
0 0 1
1 3.6817e+08 0
33 0 0
0 0 1
1 3.6745e+08 0
34 0 0
0 0 1
1 3.6672e+08 0
35 0 0
0 0 1
1 3.65985e+08 0
36 0 0
0 0 1
1 3.65249e+08 0
37 0 0
0 0 1
1 3.64513e+08 0
38 0 0
0 0 1
1 3.63776e+08 0
39 0 0
0 0 1
1 3.63036e+08 0
40 0 0
0 0 1
1 3.6229e+08 0
41 0 0
0 0 1
1 3.61536e+08 0
42 0 0
0 0 1
1 3.60777e+08 0
43 0 0
0 0 1
1 3.60013e+08 0
44 0 0
0 0 1
1 3.5925e+08 0
45 0 0
0 0 1
1 3.58494e+08 0
46 0 0
0 0 1
1 3.57749e+08 0
47 0 0
0 0 1
1 3.57022e+08 0
48 0 0
0 0 1
1 3.56315e+08 0
49 0 0
0 0 1
1 3.55629e+08 0
50 0 0
0 0 1
1 3.54963e+08 0
51 0 0
0 0 1
1 3.54312e+08 0
52 0 0
0 0 1
1 3.53672e+08 0
53 0 0
0 0 1
1 3.53036e+08 0
54 0 0
0 0 1
1 3.52399e+08 0
55 0 0
0 0 1
1 3.51761e+08 0
56 0 0
0 0 1
1 3.51119e+08 0
57 0 0
0 0 1
1 3.50476e+08 0
58 0 0
0 0 1
1 3.49834e+08 0
59 0 0
0 0 1
1 3.49194e+08 0
60 0 0
0 0 1
1 3.48559e+08 0
61 0 0
0 0 1
1 3.47928e+08 0
62 0 0
0 0 1
1 3.47301e+08 0
63 0 0
0 0 1
1 3.46679e+08 0
64 0 0
0 0 1
1 3.4606e+08 0
65 0 0
0 0 1
1 3.45445e+08 0
66 0 0
0 0 1
1 3.44833e+08 0
67 0 0
0 0 1
1 3.44226e+08 0
68 0 0
0 0 1
1 3.43623e+08 0
69 0 0
0 0 1
1 3.43024e+08 0
70 0 0
0 0 1
1 3.42425e+08 0
71 0 0
0 0 1
1 3.41825e+08 0
72 0 0
0 0 1
1 3.4122e+08 0
73 0 0
0 0 1
1 3.40608e+08 0
74 0 0
0 0 1
1 3.39985e+08 0
75 0 0
0 0 1
1 3.39351e+08 0
76 0 0
0 0 1
1 3.38705e+08 0
77 0 0
0 0 1
1 3.38048e+08 0
78 0 0
0 0 1
1 3.37384e+08 0
79 0 0
0 0 1
1 3.36719e+08 0
80 0 0
0 0 1
1 3.36056e+08 0
81 0 0
0 0 1
1 3.35399e+08 0
82 0 0
0 0 1
1 3.34752e+08 0
83 0 0
0 0 1
1 3.34112e+08 0
84 0 0
0 0 1
1 3.33479e+08 0
85 0 0
0 0 1
1 3.32847e+08 0
86 0 0
0 0 1
1 3.32213e+08 0
87 0 0
0 0 1
1 3.31572e+08 0
88 0 0
0 0 1
1 3.30921e+08 0
89 0 0
0 0 1
1 3.3026e+08 0
90 0 0
0 0 1
1 3.29592e+08 0
91 0 0
0 0 1
1 3.28919e+08 0
92 0 0
0 0 1
1 3.28246e+08 0
93 0 0
0 0 1
1 3.27574e+08 0
94 0 0
0 0 1
1 3.26906e+08 0
95 0 0
0 0 1
1 3.26242e+08 0
96 0 0
0 0 1
1 3.25582e+08 0
97 0 0
0 0 1
1 3.24927e+08 0
98 0 0
0 0 1
1 3.24278e+08 0
99 0 0
0 0 1
1 3.23639e+08 0
100 0 0
0 0 1
1 3.23012e+08 0
101 0 0
0 0 1
1 3.22398e+08 0
102 0 0
0 0 1
1 3.218e+08 0
103 0 0
0 0 1
1 3.21217e+08 0
104 0 0
0 0 1
1 3.20647e+08 0
105 0 0
0 0 1
1 3.20088e+08 0
106 0 0
0 0 1
1 3.19537e+08 0
107 0 0
0 0 1
1 3.1899e+08 0
108 0 0
0 0 1
1 3.18445e+08 0
109 0 0
0 0 1
1 3.17898e+08 0
110 0 0
0 0 1
1 3.17348e+08 0
111 0 0
0 0 1
1 3.16792e+08 0
112 0 0
0 0 1
1 3.16227e+08 0
113 0 0
0 0 1
1 3.15652e+08 0
114 0 0
0 0 1
1 3.15066e+08 0
115 0 0
0 0 1
1 3.1447e+08 0
116 0 0
0 0 1
1 3.13869e+08 0
117 0 0
0 0 1
1 3.13266e+08 0
118 0 0
0 0 1
1 3.12665e+08 0
119 0 0
0 0 1
1 3.12067e+08 0
120 0 0
0 0 1
1 3.11474e+08 0
121 0 0
0 0 1
1 3.10882e+08 0
122 0 0
0 0 1
1 3.10291e+08 0
123 0 0
0 0 1
1 3.09698e+08 0
124 0 0
0 0 1
1 3.09102e+08 0
125 0 0
0 0 1
1 3.08503e+08 0
126 0 0
0 0 1
1 3.07903e+08 0
127 0 0
0 0 1
1 3.07303e+08 0
128 0 0
0 0 1
1 3.06705e+08 0
129 0 0
0 0 1
1 3.0611e+08 0
130 0 0
0 0 1
1 3.05518e+08 0
131 0 0
0 0 1
1 3.04926e+08 0
132 0 0
0 0 1
1 3.0433e+08 0
133 0 0
0 0 1
1 3.03729e+08 0
134 0 0
0 0 1
1 3.03117e+08 0
135 0 0
0 0 1
1 3.02495e+08 0
136 0 0
0 0 1
1 3.01861e+08 0
137 0 0
0 0 1
1 3.01216e+08 0
138 0 0
0 0 1
1 3.00563e+08 0
139 0 0
0 0 1
1 2.99905e+08 0
140 0 0
0 0 1
1 2.99247e+08 0
141 0 0
0 0 1
1 2.98593e+08 0
142 0 0
0 0 1
1 2.97948e+08 0
143 0 0
0 0 1
1 2.97313e+08 0
144 0 0
0 0 1
1 2.96689e+08 0
145 0 0
0 0 1
1 2.96077e+08 0
146 0 0
0 0 1
1 2.95475e+08 0
147 0 0
0 0 1
1 2.94881e+08 0
148 0 0
0 0 1
1 2.94295e+08 0
149 0 0
0 0 1
1 2.93714e+08 0
150 0 0
0 0 1
1 2.93136e+08 0
151 0 0
0 0 1
1 2.92559e+08 0
152 0 0
0 0 1
1 2.91979e+08 0
153 0 0
0 0 1
1 2.91397e+08 0
154 0 0
0 0 1
1 2.90814e+08 0
155 0 0
0 0 1
1 2.9023e+08 0
156 0 0
0 0 1
1 2.8965e+08 0
157 0 0
0 0 1
1 2.89073e+08 0
158 0 0
0 0 1
1 2.88502e+08 0
159 0 0
0 0 1
1 2.87937e+08 0
160 0 0
0 0 1
1 2.87378e+08 0
161 0 0
0 0 1
1 2.86825e+08 0
162 0 0
0 0 1
1 2.86277e+08 0
163 0 0
0 0 1
1 2.85734e+08 0
164 0 0
0 0 1
1 2.85196e+08 0
165 0 0
0 0 1
1 2.84662e+08 0
166 0 0
0 0 1
1 2.84128e+08 0
167 0 0
0 0 1
1 2.83594e+08 0
168 0 0
0 0 1
1 2.83054e+08 0
169 0 0
0 0 1
1 2.82504e+08 0
170 0 0
0 0 1
1 2.81941e+08 0
171 0 0
0 0 1
1 2.81359e+08 0
172 0 0
0 0 1
1 2.80758e+08 0
173 0 0
0 0 1
1 2.80139e+08 0
174 0 0
0 0 1
1 2.79507e+08 0
175 0 0
0 0 1
1 2.78868e+08 0
176 0 0
0 0 1
1 2.7823e+08 0
177 0 0
0 0 1
1 2.77597e+08 0
178 0 0
0 0 1
1 2.76975e+08 0
179 0 0
0 0 1
1 2.76367e+08 0
180 0 0
0 0 1
1 2.75774e+08 0
181 0 0
0 0 1
1 2.75197e+08 0
182 0 0
0 0 1
1 2.74635e+08 0
183 0 0
0 0 1
1 2.74087e+08 0
184 0 0
0 0 1
1 2.73553e+08 0
185 0 0
0 0 1
1 2.73031e+08 0
186 0 0
0 0 1
1 2.7252e+08 0
187 0 0
0 0 1
1 2.72019e+08 0
188 0 0
0 0 1
1 2.71527e+08 0
189 0 0
0 0 1
1 2.71039e+08 0
190 0 0
0 0 1
1 2.70553e+08 0
191 0 0
0 0 1
1 2.70065e+08 0
192 0 0
0 0 1
1 2.69571e+08 0
193 0 0
0 0 1
1 2.6907e+08 0
194 0 0
0 0 1
1 2.68559e+08 0
195 0 0
0 0 1
1 2.68039e+08 0
196 0 0
0 0 1
1 2.67508e+08 0
197 0 0
0 0 1
1 2.66969e+08 0
198 0 0
0 0 1
1 2.66419e+08 0
199 0 0
0 0 1
1 2.65859e+08 0
200 0 0
0 0 1
1 2.65289e+08 0
201 0 0
0 0 1
1 2.64709e+08 0
202 0 0
0 0 1
1 2.64119e+08 0
203 0 0
0 0 1
1 2.63522e+08 0
204 0 0
0 0 1
1 2.62919e+08 0
205 0 0
0 0 1
1 2.62315e+08 0
206 0 0
0 0 1
1 2.61712e+08 0
207 0 0
0 0 1
1 2.61113e+08 0
208 0 0
0 0 1
1 2.60519e+08 0
209 0 0
0 0 1
1 2.59931e+08 0
210 0 0
0 0 1
1 2.59349e+08 0
211 0 0
0 0 1
1 2.58773e+08 0
212 0 0
0 0 1
1 2.58205e+08 0
213 0 0
0 0 1
1 2.57646e+08 0
214 0 0
0 0 1
1 2.57096e+08 0
215 0 0
0 0 1
1 2.56558e+08 0
216 0 0
0 0 1
1 2.56028e+08 0
217 0 0
0 0 1
1 2.55505e+08 0
218 0 0
0 0 1
1 2.54986e+08 0
219 0 0
0 0 1
1 2.54469e+08 0
220 0 0
0 0 1
1 2.53953e+08 0
221 0 0
0 0 1
1 2.5344e+08 0
222 0 0
0 0 1
1 2.52933e+08 0
223 0 0
0 0 1
1 2.52434e+08 0
224 0 0
0 0 1
1 2.51944e+08 0
225 0 0
0 0 1
1 2.51463e+08 0
226 0 0
0 0 1
1 2.5099e+08 0
227 0 0
0 0 1
1 2.50522e+08 0
228 0 0
0 0 1
1 2.50058e+08 0
229 0 0
0 0 1
1 2.49592e+08 0
230 0 0
0 0 1
1 2.49122e+08 0
231 0 0
0 0 1
1 2.48642e+08 0
232 0 0
0 0 1
1 2.48147e+08 0
233 0 0
0 0 1
1 2.47635e+08 0
234 0 0
0 0 1
1 2.47106e+08 0
235 0 0
0 0 1
1 2.4656e+08 0
236 0 0
0 0 1
1 2.46004e+08 0
237 0 0
0 0 1
1 2.45444e+08 0
238 0 0
0 0 1
1 2.44889e+08 0
239 0 0
0 0 1
1 2.44344e+08 0
240 0 0
0 0 1
1 2.43814e+08 0
241 0 0
0 0 1
1 2.43301e+08 0
242 0 0
0 0 1
1 2.42802e+08 0
243 0 0
0 0 1
1 2.42314e+08 0
244 0 0
0 0 1
1 2.41835e+08 0
245 0 0
0 0 1
1 2.41362e+08 0
246 0 0
0 0 1
1 2.4089e+08 0
247 0 0
0 0 1
1 2.40417e+08 0
248 0 0
0 0 1
1 2.39943e+08 0
249 0 0
0 0 1
1 2.39464e+08 0
250 0 0
0 0 1
1 2.38978e+08 0
251 0 0
0 0 1
1 2.38482e+08 0
252 0 0
0 0 1
1 2.37975e+08 0
253 0 0
0 0 1
1 2.37453e+08 0
254 0 0
0 0 1
1 2.36918e+08 0
255 0 0
0 0 1
1 2.36371e+08 0
256 0 0
0 0 1
1 2.35814e+08 0
257 0 0
0 0 1
1 2.35251e+08 0
258 0 0
0 0 1
1 2.34685e+08 0
259 0 0
0 0 1
1 2.34118e+08 0
260 0 0
0 0 1
1 2.33554e+08 0
261 0 0
0 0 1
1 2.32993e+08 0
262 0 0
0 0 1
1 2.32435e+08 0
263 0 0
0 0 1
1 2.31879e+08 0
264 0 0
0 0 1
1 2.31324e+08 0
265 0 0
0 0 1
1 2.30771e+08 0
266 0 0
0 0 1
1 2.30219e+08 0
267 0 0
0 0 1
1 2.29667e+08 0
268 0 0
0 0 1
1 2.29118e+08 0
269 0 0
0 0 1
1 2.28572e+08 0
270 0 0
0 0 1
1 2.28033e+08 0
271 0 0
0 0 1
1 2.27502e+08 0
272 0 0
0 0 1
1 2.26984e+08 0
273 0 0
0 0 1
1 2.26482e+08 0
274 0 0
0 0 1
1 2.25999e+08 0
275 0 0
0 0 1
1 2.25536e+08 0
276 0 0
0 0 1
1 2.25093e+08 0
277 0 0
0 0 1
1 2.24665e+08 0
278 0 0
0 0 1
1 2.24249e+08 0
279 0 0
0 0 1
1 2.23837e+08 0
280 0 0
0 0 1
1 2.23425e+08 0
281 0 0
0 0 1
1 2.23008e+08 0
282 0 0
0 0 1
1 2.22585e+08 0
283 0 0
0 0 1
1 2.22155e+08 0
284 0 0
0 0 1
1 2.21719e+08 0
285 0 0
0 0 1
1 2.21279e+08 0
286 0 0
0 0 1
1 2.20839e+08 0
287 0 0
0 0 1
1 2.20399e+08 0
288 0 0
0 0 1
1 2.19961e+08 0
289 0 0
0 0 1
1 2.19523e+08 0
290 0 0
0 0 1
1 2.19087e+08 0
291 0 0
0 0 1
1 2.18649e+08 0
292 0 0
0 0 1
1 2.18211e+08 0
293 0 0
0 0 1
1 2.17771e+08 0
294 0 0
0 0 1
1 2.1733e+08 0
295 0 0
0 0 1
1 2.16887e+08 0
296 0 0
0 0 1
1 2.16442e+08 0
297 0 0
0 0 1
1 2.15993e+08 0
298 0 0
0 0 1
1 2.15539e+08 0
299 0 0
0 0 1
1 2.15081e+08 0
300 0 0
0 0 1
1 2.14619e+08 0
301 0 0
0 0 1
1 2.14158e+08 0
302 0 0
0 0 1
1 2.13702e+08 0
303 0 0
0 0 1
1 2.13255e+08 0
304 0 0
0 0 1
1 2.12819e+08 0
305 0 0
0 0 1
1 2.12397e+08 0
306 0 0
0 0 1
1 2.11988e+08 0
307 0 0
0 0 1
1 2.1159e+08 0
308 0 0
0 0 1
1 2.11201e+08 0
309 0 0
0 0 1
1 2.10818e+08 0
310 0 0
0 0 1
1 2.1044e+08 0
311 0 0
0 0 1
1 2.10063e+08 0
312 0 0
0 0 1
1 2.09687e+08 0
313 0 0
0 0 1
1 2.09311e+08 0
314 0 0
0 0 1
1 2.08934e+08 0
315 0 0
0 0 1
1 2.08554e+08 0
316 0 0
0 0 1
1 2.08173e+08 0
317 0 0
0 0 1
1 2.07788e+08 0
318 0 0
0 0 1
1 2.07401e+08 0
319 0 0
0 0 1
1 2.07012e+08 0
320 0 0
0 0 1
1 2.06622e+08 0
321 0 0
0 0 1
1 2.06232e+08 0
322 0 0
0 0 1
1 2.05841e+08 0
323 0 0
0 0 1
1 2.05448e+08 0
324 0 0
0 0 1
1 2.05053e+08 0
325 0 0
0 0 1
1 2.04652e+08 0
326 0 0
0 0 1
1 2.04245e+08 0
327 0 0
0 0 1
1 2.0383e+08 0
328 0 0
0 0 1
1 2.03406e+08 0
329 0 0
0 0 1
1 2.02972e+08 0
330 0 0
0 0 1
1 2.02526e+08 0
331 0 0
0 0 1
1 2.02068e+08 0
332 0 0
0 0 1
1 2.01598e+08 0
333 0 0
0 0 1
1 2.01117e+08 0
334 0 0
0 0 1
1 2.00629e+08 0
335 0 0
0 0 1
1 2.00136e+08 0
336 0 0
0 0 1
1 1.99643e+08 0
337 0 0
0 0 1
1 1.99155e+08 0
338 0 0
0 0 1
1 1.98675e+08 0
339 0 0
0 0 1
1 1.98204e+08 0
340 0 0
0 0 1
1 1.97744e+08 0
341 0 0
0 0 1
1 1.97291e+08 0
342 0 0
0 0 1
1 1.96841e+08 0
343 0 0
0 0 1
1 1.96391e+08 0
344 0 0
0 0 1
1 1.95935e+08 0
345 0 0
0 0 1
1 1.95471e+08 0
346 0 0
0 0 1
1 1.94997e+08 0
347 0 0
0 0 1
1 1.94513e+08 0
348 0 0
0 0 1
1 1.94022e+08 0
349 0 0
0 0 1
1 1.93529e+08 0
350 0 0
0 0 1
1 1.93038e+08 0
351 0 0
0 0 1
1 1.92556e+08 0
352 0 0
0 0 1
1 1.92085e+08 0
353 0 0
0 0 1
1 1.91628e+08 0
354 0 0
0 0 1
1 1.91187e+08 0
355 0 0
0 0 1
1 1.9076e+08 0
356 0 0
0 0 1
1 1.90346e+08 0
357 0 0
0 0 1
1 1.89943e+08 0
358 0 0
0 0 1
1 1.89549e+08 0
359 0 0
0 0 1
1 1.89159e+08 0
360 0 0
0 0 1
1 1.88773e+08 0
361 0 0
0 0 1
1 1.88388e+08 0
362 0 0
0 0 1
1 1.88002e+08 0
363 0 0
0 0 1
1 1.87614e+08 0
364 0 0
0 0 1
1 1.87222e+08 0
365 0 0
0 0 1
1 1.86827e+08 0
366 0 0
0 0 1
1 1.8643e+08 0
367 0 0
0 0 1
1 1.86033e+08 0
368 0 0
0 0 1
1 1.85642e+08 0
369 0 0
0 0 1
1 1.85264e+08 0
370 0 0
0 0 1
1 1.84903e+08 0
371 0 0
0 0 1
1 1.84561e+08 0
372 0 0
0 0 1
1 1.84237e+08 0
373 0 0
0 0 1
1 1.83926e+08 0
374 0 0
0 0 1
1 1.83619e+08 0
375 0 0
0 0 1
1 1.83311e+08 0
376 0 0
0 0 1
1 1.82996e+08 0
377 0 0
0 0 1
1 1.82671e+08 0
378 0 0
0 0 1
1 1.82336e+08 0
379 0 0
0 0 1
1 1.81995e+08 0
380 0 0
0 0 1
1 1.81649e+08 0
381 0 0
0 0 1
1 1.81301e+08 0
382 0 0
0 0 1
1 1.80953e+08 0
383 0 0
0 0 1
1 1.80602e+08 0
384 0 0
0 0 1
1 1.8025e+08 0
385 0 0
0 0 1
1 1.79897e+08 0
386 0 0
0 0 1
1 1.79541e+08 0
387 0 0
0 0 1
1 1.79184e+08 0
388 0 0
0 0 1
1 1.78824e+08 0
389 0 0
0 0 1
1 1.7846e+08 0
390 0 0
0 0 1
1 1.78089e+08 0
391 0 0
0 0 1
1 1.77709e+08 0
392 0 0
0 0 1
1 1.7732e+08 0
393 0 0
0 0 1
1 1.76923e+08 0
394 0 0
0 0 1
1 1.76521e+08 0
395 0 0
0 0 1
1 1.76119e+08 0
396 0 0
0 0 1
1 1.75723e+08 0
397 0 0
0 0 1
1 1.75336e+08 0
398 0 0
0 0 1
1 1.74962e+08 0
399 0 0
0 0 1
1 1.74598e+08 0
400 0 0
0 0 1
1 1.74243e+08 0
401 0 0
0 0 1
1 1.73891e+08 0
402 0 0
0 0 1
1 1.73534e+08 0
403 0 0
0 0 1
1 1.7317e+08 0
404 0 0
0 0 1
1 1.72793e+08 0
405 0 0
0 0 1
1 1.72402e+08 0
406 0 0
0 0 1
1 1.71998e+08 0
407 0 0
0 0 1
1 1.71583e+08 0
408 0 0
0 0 1
1 1.71158e+08 0
409 0 0
0 0 1
1 1.70726e+08 0
410 0 0
0 0 1
1 1.70287e+08 0
411 0 0
0 0 1
1 1.69842e+08 0
412 0 0
0 0 1
1 1.69392e+08 0
413 0 0
0 0 1
1 1.68937e+08 0
414 0 0
0 0 1
1 1.68478e+08 0
415 0 0
0 0 1
1 1.68016e+08 0
416 0 0
0 0 1
1 1.67553e+08 0
417 0 0
0 0 1
1 1.67094e+08 0
418 0 0
0 0 1
1 1.66642e+08 0
419 0 0
0 0 1
1 1.66201e+08 0
420 0 0
0 0 1
1 1.65775e+08 0
421 0 0
0 0 1
1 1.65366e+08 0
422 0 0
0 0 1
1 1.64974e+08 0
423 0 0
0 0 1
1 1.64597e+08 0
424 0 0
0 0 1
1 1.64235e+08 0
425 0 0
0 0 1
1 1.63885e+08 0
426 0 0
0 0 1
1 1.63547e+08 0
427 0 0
0 0 1
1 1.63218e+08 0
428 0 0
0 0 1
1 1.62897e+08 0
429 0 0
0 0 1
1 1.62582e+08 0
430 0 0
0 0 1
1 1.6227e+08 0
431 0 0
0 0 1
1 1.61958e+08 0
432 0 0
0 0 1
1 1.61642e+08 0
433 0 0
0 0 1
1 1.61319e+08 0
434 0 0
0 0 1
1 1.60987e+08 0
435 0 0
0 0 1
1 1.60644e+08 0
436 0 0
0 0 1
1 1.60292e+08 0
437 0 0
0 0 1
1 1.59929e+08 0
438 0 0
0 0 1
1 1.59558e+08 0
439 0 0
0 0 1
1 1.59179e+08 0
440 0 0
0 0 1
1 1.58795e+08 0
441 0 0
0 0 1
1 1.58407e+08 0
442 0 0
0 0 1
1 1.58019e+08 0
443 0 0
0 0 1
1 1.57635e+08 0
444 0 0
0 0 1
1 1.57258e+08 0
445 0 0
0 0 1
1 1.5689e+08 0
446 0 0
0 0 1
1 1.56534e+08 0
447 0 0
0 0 1
1 1.56189e+08 0
448 0 0
0 0 1
1 1.55858e+08 0
449 0 0
0 0 1
1 1.55539e+08 0
450 0 0
0 0 1
1 1.55233e+08 0
451 0 0
0 0 1
1 1.54937e+08 0
452 0 0
0 0 1
1 1.54649e+08 0
453 0 0
0 0 1
1 1.54363e+08 0
454 0 0
0 0 1
1 1.54075e+08 0
455 0 0
0 0 1
1 1.53781e+08 0
456 0 0
0 0 1
1 1.53481e+08 0
457 0 0
0 0 1
1 1.53175e+08 0
458 0 0
0 0 1
1 1.52866e+08 0
459 0 0
0 0 1
1 1.52559e+08 0
460 0 0
0 0 1
1 1.52256e+08 0
461 0 0
0 0 1
1 1.51959e+08 0
462 0 0
0 0 1
1 1.51672e+08 0
463 0 0
0 0 1
1 1.51393e+08 0
464 0 0
0 0 1
1 1.51122e+08 0
465 0 0
0 0 1
1 1.50856e+08 0
466 0 0
0 0 1
1 1.50592e+08 0
467 0 0
0 0 1
1 1.50327e+08 0
468 0 0
0 0 1
1 1.5006e+08 0
469 0 0
0 0 1
1 1.49793e+08 0
470 0 0
0 0 1
1 1.49526e+08 0
471 0 0
0 0 1
1 1.49264e+08 0
472 0 0
0 0 1
1 1.49006e+08 0
473 0 0
0 0 1
1 1.48754e+08 0
474 0 0
0 0 1
1 1.48506e+08 0
475 0 0
0 0 1
1 1.4826e+08 0
476 0 0
0 0 1
1 1.48015e+08 0
477 0 0
0 0 1
1 1.47766e+08 0
478 0 0
0 0 1
1 1.47514e+08 0
479 0 0
0 0 1
1 1.47256e+08 0
480 0 0
0 0 1
1 1.46993e+08 0
481 0 0
0 0 1
1 1.46724e+08 0
482 0 0
0 0 1
1 1.46447e+08 0
483 0 0
0 0 1
1 1.46161e+08 0
484 0 0
0 0 1
1 1.45864e+08 0
485 0 0
0 0 1
1 1.45556e+08 0
486 0 0
0 0 1
1 1.45235e+08 0
487 0 0
0 0 1
1 1.44903e+08 0
488 0 0
0 0 1
1 1.44562e+08 0
489 0 0
0 0 1
1 1.44211e+08 0
490 0 0
0 0 1
1 1.43853e+08 0
491 0 0
0 0 1
1 1.4349e+08 0
492 0 0
0 0 1
1 1.43126e+08 0
493 0 0
0 0 1
1 1.42765e+08 0
494 0 0
0 0 1
1 1.42411e+08 0
495 0 0
0 0 1
1 1.42066e+08 0
496 0 0
0 0 1
1 1.4173e+08 0
497 0 0
0 0 1
1 1.41402e+08 0
498 0 0
0 0 1
1 1.41078e+08 0
499 0 0
0 0 1
1 1.40754e+08 0
500 0 0
0 0 1
1 1.40427e+08 0
501 0 0
0 0 1
1 1.40094e+08 0
502 0 0
0 0 1
1 1.39757e+08 0
503 0 0
0 0 1
1 1.39417e+08 0
504 0 0
0 0 1
1 1.39076e+08 0
505 0 0
0 0 1
1 1.38737e+08 0
506 0 0
0 0 1
1 1.38401e+08 0
507 0 0
0 0 1
1 1.3807e+08 0
508 0 0
0 0 1
1 1.37744e+08 0
509 0 0
0 0 1
1 1.37423e+08 0
510 0 0
0 0 1
1 1.37108e+08 0
511 0 0
0 0 1
1 1.36799e+08 0
512 0 0
0 0 1
1 1.36495e+08 0
513 0 0
0 0 1
1 1.36196e+08 0
514 0 0
0 0 1
1 1.35904e+08 0
515 0 0
0 0 1
1 1.35618e+08 0
516 0 0
0 0 1
1 1.35338e+08 0
517 0 0
0 0 1
1 1.35062e+08 0
518 0 0
0 0 1
1 1.34788e+08 0
519 0 0
0 0 1
1 1.34514e+08 0
520 0 0
0 0 1
1 1.34236e+08 0
521 0 0
0 0 1
1 1.33954e+08 0
522 0 0
0 0 1
1 1.33667e+08 0
523 0 0
0 0 1
1 1.3338e+08 0
524 0 0
0 0 1
1 1.33097e+08 0
525 0 0
0 0 1
1 1.3282e+08 0
526 0 0
0 0 1
1 1.32552e+08 0
527 0 0
0 0 1
1 1.32293e+08 0
528 0 0
0 0 1
1 1.32039e+08 0
529 0 0
0 0 1
1 1.31789e+08 0
530 0 0
0 0 1
1 1.3154e+08 0
531 0 0
0 0 1
1 1.3129e+08 0
532 0 0
0 0 1
1 1.31035e+08 0
533 0 0
0 0 1
1 1.30774e+08 0
534 0 0
0 0 1
1 1.30504e+08 0
535 0 0
0 0 1
1 1.30222e+08 0
536 0 0
0 0 1
1 1.29927e+08 0
537 0 0
0 0 1
1 1.29619e+08 0
538 0 0
0 0 1
1 1.29298e+08 0
539 0 0
0 0 1
1 1.28967e+08 0
540 0 0
0 0 1
1 1.28627e+08 0
541 0 0
0 0 1
1 1.28282e+08 0
542 0 0
0 0 1
1 1.27937e+08 0
543 0 0
0 0 1
1 1.27594e+08 0
544 0 0
0 0 1
1 1.27259e+08 0
545 0 0
0 0 1
1 1.26934e+08 0
546 0 0
0 0 1
1 1.26624e+08 0
547 0 0
0 0 1
1 1.26328e+08 0
548 0 0
0 0 1
1 1.26046e+08 0
549 0 0
0 0 1
1 1.25776e+08 0
550 0 0
0 0 1
1 1.25517e+08 0
551 0 0
0 0 1
1 1.25263e+08 0
552 0 0
0 0 1
1 1.25011e+08 0
553 0 0
0 0 1
1 1.24757e+08 0
554 0 0
0 0 1
1 1.24496e+08 0
555 0 0
0 0 1
1 1.24226e+08 0
556 0 0
0 0 1
1 1.23947e+08 0
557 0 0
0 0 1
1 1.2366e+08 0
558 0 0
0 0 1
1 1.23368e+08 0
559 0 0
0 0 1
1 1.23073e+08 0
560 0 0
0 0 1
1 1.22779e+08 0
561 0 0
0 0 1
1 1.22488e+08 0
562 0 0
0 0 1
1 1.22203e+08 0
563 0 0
0 0 1
1 1.21926e+08 0
564 0 0
0 0 1
1 1.21656e+08 0
565 0 0
0 0 1
1 1.21392e+08 0
566 0 0
0 0 1
1 1.2113e+08 0
567 0 0
0 0 1
1 1.20866e+08 0
568 0 0
0 0 1
1 1.20595e+08 0
569 0 0
0 0 1
1 1.20315e+08 0
570 0 0
0 0 1
1 1.20023e+08 0
571 0 0
0 0 1
1 1.19721e+08 0
572 0 0
0 0 1
1 1.19413e+08 0
573 0 0
0 0 1
1 1.19102e+08 0
574 0 0
0 0 1
1 1.18794e+08 0
575 0 0
0 0 1
1 1.18493e+08 0
576 0 0
0 0 1
1 1.18202e+08 0
577 0 0
0 0 1
1 1.17924e+08 0
578 0 0
0 0 1
1 1.1766e+08 0
579 0 0
0 0 1
1 1.17407e+08 0
580 0 0
0 0 1
1 1.17165e+08 0
581 0 0
0 0 1
1 1.16929e+08 0
582 0 0
0 0 1
1 1.16695e+08 0
583 0 0
0 0 1
1 1.1646e+08 0
584 0 0
0 0 1
1 1.16219e+08 0
585 0 0
0 0 1
1 1.15969e+08 0
586 0 0
0 0 1
1 1.15711e+08 0
587 0 0
0 0 1
1 1.15445e+08 0
588 0 0
0 0 1
1 1.15176e+08 0
589 0 0
0 0 1
1 1.14906e+08 0
590 0 0
0 0 1
1 1.14635e+08 0
591 0 0
0 0 1
1 1.14364e+08 0
592 0 0
0 0 1
1 1.14094e+08 0
593 0 0
0 0 1
1 1.13823e+08 0
594 0 0
0 0 1
1 1.13553e+08 0
595 0 0
0 0 1
1 1.13285e+08 0
596 0 0
0 0 1
1 1.13021e+08 0
597 0 0
0 0 1
1 1.12762e+08 0
598 0 0
0 0 1
1 1.12506e+08 0
599 0 0
0 0 1
1 1.1225e+08 0
600 0 0
0 0 1
1 1.11991e+08 0
601 0 0
0 0 1
1 1.11725e+08 0
602 0 0
0 0 1
1 1.11448e+08 0
603 0 0
0 0 1
1 1.1116e+08 0
604 0 0
0 0 1
1 1.10864e+08 0
605 0 0
0 0 1
1 1.10562e+08 0
606 0 0
0 0 1
1 1.10259e+08 0
607 0 0
0 0 1
1 1.09959e+08 0
608 0 0
0 0 1
1 1.09669e+08 0
609 0 0
0 0 1
1 1.09394e+08 0
610 0 0
0 0 1
1 1.09138e+08 0
611 0 0
0 0 1
1 1.08905e+08 0
612 0 0
0 0 1
1 1.08695e+08 0
613 0 0
0 0 1
1 1.08507e+08 0
614 0 0
0 0 1
1 1.0834e+08 0
615 0 0
0 0 1
1 1.08189e+08 0
616 0 0
0 0 1
1 1.08053e+08 0
617 0 0
0 0 1
1 1.07928e+08 0
618 0 0
0 0 1
1 1.07809e+08 0
619 0 0
0 0 1
1 1.07694e+08 0
620 0 0
0 0 1
1 1.07579e+08 0
621 0 0
0 0 1
1 1.07459e+08 0
622 0 0
0 0 1
1 1.0733e+08 0
623 0 0
0 0 1
1 1.07189e+08 0
624 0 0
0 0 1
1 1.07033e+08 0
625 0 0
0 0 1
1 1.06861e+08 0
626 0 0
0 0 1
1 1.06675e+08 0
627 0 0
0 0 1
1 1.06478e+08 0
628 0 0
0 0 1
1 1.06273e+08 0
629 0 0
0 0 1
1 1.06063e+08 0
630 0 0
0 0 1
1 1.05851e+08 0
631 0 0
0 0 1
1 1.05637e+08 0
632 0 0
0 0 1
1 1.05418e+08 0
633 0 0
0 0 1
1 1.05191e+08 0
634 0 0
0 0 1
1 1.04953e+08 0
635 0 0
0 0 1
1 1.04705e+08 0
636 0 0
0 0 1
1 1.04446e+08 0
637 0 0
0 0 1
1 1.04181e+08 0
638 0 0
0 0 1
1 1.03913e+08 0
639 0 0
0 0 1
1 1.03645e+08 0
640 0 0
0 0 1
1 1.03378e+08 0
641 0 0
0 0 1
1 1.03112e+08 0
642 0 0
0 0 1
1 1.02848e+08 0
643 0 0
0 0 1
1 1.02585e+08 0
644 0 0
0 0 1
1 1.02323e+08 0
645 0 0
0 0 1
1 1.02061e+08 0
646 0 0
0 0 1
1 1.01803e+08 0
647 0 0
0 0 1
1 1.01552e+08 0
648 0 0
0 0 1
1 1.01312e+08 0
649 0 0
0 0 1
1 1.01088e+08 0
650 0 0
0 0 1
1 1.00882e+08 0
651 0 0
0 0 1
1 1.00696e+08 0
652 0 0
0 0 1
1 1.00528e+08 0
653 0 0
0 0 1
1 1.00377e+08 0
654 0 0
0 0 1
1 1.00236e+08 0
655 0 0
0 0 1
1 1.001e+08 0
656 0 0
0 0 1
1 9.99645e+07 0
657 0 0
0 0 1
1 9.98233e+07 0
658 0 0
0 0 1
1 9.96721e+07 0
659 0 0
0 0 1
1 9.95076e+07 0
660 0 0
0 0 1
1 9.93274e+07 0
661 0 0
0 0 1
1 9.91306e+07 0
662 0 0
0 0 1
1 9.89176e+07 0
663 0 0
0 0 1
1 9.86908e+07 0
664 0 0
0 0 1
1 9.84543e+07 0
665 0 0
0 0 1
1 9.82136e+07 0
666 0 0
0 0 1
1 9.79739e+07 0
667 0 0
0 0 1
1 9.77391e+07 0
668 0 0
0 0 1
1 9.75109e+07 0
669 0 0
0 0 1
1 9.72884e+07 0
670 0 0
0 0 1
1 9.70692e+07 0
671 0 0
0 0 1
1 9.68503e+07 0
672 0 0
0 0 1
1 9.66292e+07 0
673 0 0
0 0 1
1 9.64047e+07 0
674 0 0
0 0 1
1 9.61764e+07 0
675 0 0
0 0 1
1 9.59439e+07 0
676 0 0
0 0 1
1 9.5707e+07 0
677 0 0
0 0 1
1 9.54653e+07 0
678 0 0
0 0 1
1 9.52182e+07 0
679 0 0
0 0 1
1 9.49657e+07 0
680 0 0
0 0 1
1 9.47079e+07 0
681 0 0
0 0 1
1 9.44452e+07 0
682 0 0
0 0 1
1 9.41779e+07 0
683 0 0
0 0 1
1 9.39062e+07 0
684 0 0
0 0 1
1 9.36304e+07 0
685 0 0
0 0 1
1 9.33515e+07 0
686 0 0
0 0 1
1 9.30711e+07 0
687 0 0
0 0 1
1 9.27914e+07 0
688 0 0
0 0 1
1 9.25146e+07 0
689 0 0
0 0 1
1 9.22425e+07 0
690 0 0
0 0 1
1 9.19761e+07 0
691 0 0
0 0 1
1 9.17153e+07 0
692 0 0
0 0 1
1 9.14596e+07 0
693 0 0
0 0 1
1 9.12088e+07 0
694 0 0
0 0 1
1 9.0964e+07 0
695 0 0
0 0 1
1 9.07267e+07 0
696 0 0
0 0 1
1 9.04989e+07 0
697 0 0
0 0 1
1 9.02821e+07 0
698 0 0
0 0 1
1 9.00767e+07 0
699 0 0
0 0 1
1 8.98829e+07 0
700 0 0
0 0 1
1 8.97005e+07 0
701 0 0
0 0 1
1 8.95289e+07 0
702 0 0
0 0 1
1 8.93675e+07 0
703 0 0
0 0 1
1 8.9215e+07 0
704 0 0
0 0 1
1 8.90694e+07 0
705 0 0
0 0 1
1 8.89286e+07 0
706 0 0
0 0 1
1 8.87905e+07 0
707 0 0
0 0 1
1 8.86533e+07 0
708 0 0
0 0 1
1 8.85156e+07 0
709 0 0
0 0 1
1 8.83766e+07 0
710 0 0
0 0 1
1 8.82359e+07 0
711 0 0
0 0 1
1 8.80939e+07 0
712 0 0
0 0 1
1 8.79511e+07 0
713 0 0
0 0 1
1 8.7808e+07 0
714 0 0
0 0 1
1 8.76644e+07 0
715 0 0
0 0 1
1 8.75191e+07 0
716 0 0
0 0 1
1 8.73706e+07 0
717 0 0
0 0 1
1 8.72172e+07 0
718 0 0
0 0 1
1 8.70579e+07 0
719 0 0
0 0 1
1 8.68921e+07 0
720 0 0
0 0 1
1 8.67197e+07 0
721 0 0
0 0 1
1 8.65409e+07 0
722 0 0
0 0 1
1 8.63568e+07 0
723 0 0
0 0 1
1 8.61686e+07 0
724 0 0
0 0 1
1 8.5978e+07 0
725 0 0
0 0 1
1 8.57866e+07 0
726 0 0
0 0 1
1 8.55954e+07 0
-1 0 0
