SIMFIT RESULTS
==============

Dataset : /opt/topspin3.5pl6/data/e3b/joachim/87Rb-CRN/2/pdata/992/ct1t2.txt

INTENSITY fit : Exponential decay (T2 or T1rho) : I[t]=I[0]*exp(-t/T)

1374 points for Peak 1

Converged after 10000 iterations!

Results     Comp. 1       Comp. 2    

I[0]  =   -8.414e+01     8.514e+01  
T     =     489.754s      493.437s  

RSS   =    4.874e-03
SD    =    1.883e-03

Point       Tau          Expt          Calc       Difference

    1       1.000s     1.000e+00     9.938e-01   -6.232e-03
    2       2.000s     9.992e-01     9.930e-01   -6.125e-03
    3       3.000s     9.983e-01     9.923e-01   -6.010e-03
    4       4.000s     9.974e-01     9.916e-01   -5.888e-03
    5       5.000s     9.966e-01     9.908e-01   -5.765e-03
    6       6.000s     9.957e-01     9.901e-01   -5.649e-03
    7       7.000s     9.949e-01     9.893e-01   -5.547e-03
    8       8.000s     9.941e-01     9.886e-01   -5.466e-03
    9       9.000s     9.933e-01     9.879e-01   -5.413e-03
   10      10.000s     9.925e-01     9.871e-01   -5.388e-03
   11      11.000s     9.918e-01     9.864e-01   -5.388e-03
   12      12.000s     9.910e-01     9.856e-01   -5.407e-03
   13      13.000s     9.903e-01     9.849e-01   -5.434e-03
   14      14.000s     9.896e-01     9.841e-01   -5.459e-03
   15      15.000s     9.889e-01     9.834e-01   -5.472e-03
   16      16.000s     9.881e-01     9.826e-01   -5.466e-03
   17      17.000s     9.873e-01     9.819e-01   -5.436e-03
   18      18.000s     9.865e-01     9.811e-01   -5.380e-03
   19      19.000s     9.857e-01     9.804e-01   -5.297e-03
   20      20.000s     9.848e-01     9.796e-01   -5.186e-03
   21      21.000s     9.839e-01     9.789e-01   -5.048e-03
   22      22.000s     9.830e-01     9.781e-01   -4.888e-03
   23      23.000s     9.821e-01     9.774e-01   -4.709e-03
   24      24.000s     9.811e-01     9.766e-01   -4.518e-03
   25      25.000s     9.802e-01     9.758e-01   -4.322e-03
   26      26.000s     9.792e-01     9.751e-01   -4.129e-03
   27      27.000s     9.783e-01     9.743e-01   -3.946e-03
   28      28.000s     9.773e-01     9.736e-01   -3.781e-03
   29      29.000s     9.764e-01     9.728e-01   -3.637e-03
   30      30.000s     9.755e-01     9.720e-01   -3.511e-03
   31      31.000s     9.747e-01     9.713e-01   -3.400e-03
   32      32.000s     9.738e-01     9.705e-01   -3.293e-03
   33      33.000s     9.729e-01     9.697e-01   -3.185e-03
   34      34.000s     9.720e-01     9.690e-01   -3.071e-03
   35      35.000s     9.712e-01     9.682e-01   -2.950e-03
   36      36.000s     9.703e-01     9.674e-01   -2.826e-03
   37      37.000s     9.694e-01     9.667e-01   -2.701e-03
   38      38.000s     9.685e-01     9.659e-01   -2.575e-03
   39      39.000s     9.676e-01     9.651e-01   -2.445e-03
   40      40.000s     9.667e-01     9.644e-01   -2.306e-03
   41      41.000s     9.657e-01     9.636e-01   -2.153e-03
   42      42.000s     9.648e-01     9.628e-01   -1.984e-03
   43      43.000s     9.638e-01     9.620e-01   -1.802e-03
   44      44.000s     9.629e-01     9.613e-01   -1.616e-03
   45      45.000s     9.619e-01     9.605e-01   -1.440e-03
   46      46.000s     9.610e-01     9.597e-01   -1.286e-03
   47      47.000s     9.601e-01     9.589e-01   -1.167e-03
   48      48.000s     9.592e-01     9.581e-01   -1.091e-03
   49      49.000s     9.584e-01     9.574e-01   -1.058e-03
   50      50.000s     9.577e-01     9.566e-01   -1.065e-03
   51      51.000s     9.569e-01     9.558e-01   -1.104e-03
   52      52.000s     9.562e-01     9.550e-01   -1.163e-03
   53      53.000s     9.555e-01     9.542e-01   -1.229e-03
   54      54.000s     9.547e-01     9.535e-01   -1.286e-03
   55      55.000s     9.540e-01     9.527e-01   -1.324e-03
   56      56.000s     9.532e-01     9.519e-01   -1.331e-03
   57      57.000s     9.524e-01     9.511e-01   -1.303e-03
   58      58.000s     9.516e-01     9.503e-01   -1.237e-03
   59      59.000s     9.507e-01     9.495e-01   -1.133e-03
   60      60.000s     9.497e-01     9.487e-01   -9.936e-04
   61      61.000s     9.488e-01     9.480e-01   -8.211e-04
   62      62.000s     9.478e-01     9.472e-01   -6.228e-04
   63      63.000s     9.468e-01     9.464e-01   -4.082e-04
   64      64.000s     9.458e-01     9.456e-01   -1.883e-04
   65      65.000s     9.448e-01     9.448e-01    2.706e-05
   66      66.000s     9.438e-01     9.440e-01    2.322e-04
   67      67.000s     9.428e-01     9.432e-01    4.263e-04
   68      68.000s     9.418e-01     9.424e-01    6.120e-04
   69      69.000s     9.408e-01     9.416e-01    7.935e-04
   70      70.000s     9.399e-01     9.408e-01    9.739e-04
   71      71.000s     9.389e-01     9.400e-01    1.153e-03
   72      72.000s     9.379e-01     9.392e-01    1.330e-03
   73      73.000s     9.369e-01     9.384e-01    1.499e-03
   74      74.000s     9.360e-01     9.376e-01    1.655e-03
   75      75.000s     9.351e-01     9.368e-01    1.792e-03
   76      76.000s     9.341e-01     9.360e-01    1.905e-03
   77      77.000s     9.333e-01     9.352e-01    1.993e-03
   78      78.000s     9.324e-01     9.344e-01    2.056e-03
   79      79.000s     9.315e-01     9.336e-01    2.096e-03
   80      80.000s     9.307e-01     9.328e-01    2.118e-03
   81      81.000s     9.299e-01     9.320e-01    2.126e-03
   82      82.000s     9.291e-01     9.312e-01    2.122e-03
   83      83.000s     9.283e-01     9.304e-01    2.103e-03
   84      84.000s     9.276e-01     9.296e-01    2.069e-03
   85      85.000s     9.268e-01     9.288e-01    2.020e-03
   86      86.000s     9.261e-01     9.280e-01    1.959e-03
   87      87.000s     9.253e-01     9.272e-01    1.889e-03
   88      88.000s     9.246e-01     9.264e-01    1.816e-03
   89      89.000s     9.239e-01     9.256e-01    1.743e-03
   90      90.000s     9.231e-01     9.248e-01    1.671e-03
   91      91.000s     9.224e-01     9.240e-01    1.602e-03
   92      92.000s     9.217e-01     9.232e-01    1.536e-03
   93      93.000s     9.209e-01     9.224e-01    1.474e-03
   94      94.000s     9.202e-01     9.216e-01    1.418e-03
   95      95.000s     9.194e-01     9.208e-01    1.372e-03
   96      96.000s     9.186e-01     9.199e-01    1.337e-03
   97      97.000s     9.178e-01     9.191e-01    1.317e-03
   98      98.000s     9.170e-01     9.183e-01    1.314e-03
   99      99.000s     9.162e-01     9.175e-01    1.326e-03
  100     100.000s     9.154e-01     9.167e-01    1.351e-03
  101     101.000s     9.145e-01     9.159e-01    1.383e-03
  102     102.000s     9.137e-01     9.151e-01    1.414e-03
  103     103.000s     9.128e-01     9.143e-01    1.437e-03
  104     104.000s     9.120e-01     9.135e-01    1.445e-03
  105     105.000s     9.112e-01     9.126e-01    1.432e-03
  106     106.000s     9.104e-01     9.118e-01    1.396e-03
  107     107.000s     9.097e-01     9.110e-01    1.334e-03
  108     108.000s     9.089e-01     9.102e-01    1.251e-03
  109     109.000s     9.082e-01     9.094e-01    1.155e-03
  110     110.000s     9.075e-01     9.086e-01    1.055e-03
  111     111.000s     9.068e-01     9.077e-01    9.607e-04
  112     112.000s     9.060e-01     9.069e-01    8.771e-04
  113     113.000s     9.053e-01     9.061e-01    8.069e-04
  114     114.000s     9.045e-01     9.053e-01    7.498e-04
  115     115.000s     9.038e-01     9.045e-01    7.051e-04
  116     116.000s     9.030e-01     9.037e-01    6.729e-04
  117     117.000s     9.022e-01     9.028e-01    6.538e-04
  118     118.000s     9.014e-01     9.020e-01    6.481e-04
  119     119.000s     9.005e-01     9.012e-01    6.556e-04
  120     120.000s     8.997e-01     9.004e-01    6.760e-04
  121     121.000s     8.988e-01     8.995e-01    7.100e-04
  122     122.000s     8.980e-01     8.987e-01    7.585e-04
  123     123.000s     8.971e-01     8.979e-01    8.222e-04
  124     124.000s     8.962e-01     8.971e-01    9.003e-04
  125     125.000s     8.953e-01     8.963e-01    9.906e-04
  126     126.000s     8.943e-01     8.954e-01    1.091e-03
  127     127.000s     8.934e-01     8.946e-01    1.198e-03
  128     128.000s     8.925e-01     8.938e-01    1.312e-03
  129     129.000s     8.915e-01     8.930e-01    1.431e-03
  130     130.000s     8.906e-01     8.921e-01    1.555e-03
  131     131.000s     8.896e-01     8.913e-01    1.683e-03
  132     132.000s     8.887e-01     8.905e-01    1.814e-03
  133     133.000s     8.877e-01     8.897e-01    1.949e-03
  134     134.000s     8.868e-01     8.888e-01    2.087e-03
  135     135.000s     8.858e-01     8.880e-01    2.229e-03
  136     136.000s     8.848e-01     8.872e-01    2.374e-03
  137     137.000s     8.838e-01     8.864e-01    2.521e-03
  138     138.000s     8.829e-01     8.855e-01    2.665e-03
  139     139.000s     8.819e-01     8.847e-01    2.797e-03
  140     140.000s     8.810e-01     8.839e-01    2.910e-03
  141     141.000s     8.801e-01     8.831e-01    2.997e-03
  142     142.000s     8.792e-01     8.822e-01    3.052e-03
  143     143.000s     8.783e-01     8.814e-01    3.075e-03
  144     144.000s     8.775e-01     8.806e-01    3.070e-03
  145     145.000s     8.767e-01     8.797e-01    3.042e-03
  146     146.000s     8.759e-01     8.789e-01    2.996e-03
  147     147.000s     8.751e-01     8.781e-01    2.938e-03
  148     148.000s     8.744e-01     8.773e-01    2.872e-03
  149     149.000s     8.736e-01     8.764e-01    2.800e-03
  150     150.000s     8.729e-01     8.756e-01    2.725e-03
  151     151.000s     8.721e-01     8.748e-01    2.649e-03
  152     152.000s     8.714e-01     8.739e-01    2.574e-03
  153     153.000s     8.706e-01     8.731e-01    2.500e-03
  154     154.000s     8.698e-01     8.723e-01    2.426e-03
  155     155.000s     8.691e-01     8.714e-01    2.348e-03
  156     156.000s     8.683e-01     8.706e-01    2.266e-03
  157     157.000s     8.676e-01     8.698e-01    2.176e-03
  158     158.000s     8.669e-01     8.689e-01    2.079e-03
  159     159.000s     8.661e-01     8.681e-01    1.976e-03
  160     160.000s     8.654e-01     8.673e-01    1.871e-03
  161     161.000s     8.647e-01     8.664e-01    1.769e-03
  162     162.000s     8.639e-01     8.656e-01    1.678e-03
  163     163.000s     8.632e-01     8.648e-01    1.605e-03
  164     164.000s     8.624e-01     8.639e-01    1.557e-03
  165     165.000s     8.616e-01     8.631e-01    1.534e-03
  166     166.000s     8.607e-01     8.623e-01    1.534e-03
  167     167.000s     8.599e-01     8.614e-01    1.551e-03
  168     168.000s     8.590e-01     8.606e-01    1.580e-03
  169     169.000s     8.582e-01     8.598e-01    1.614e-03
  170     170.000s     8.573e-01     8.589e-01    1.651e-03
  171     171.000s     8.564e-01     8.581e-01    1.690e-03
  172     172.000s     8.555e-01     8.573e-01    1.728e-03
  173     173.000s     8.547e-01     8.564e-01    1.765e-03
  174     174.000s     8.538e-01     8.556e-01    1.796e-03
  175     175.000s     8.529e-01     8.548e-01    1.817e-03
  176     176.000s     8.521e-01     8.539e-01    1.826e-03
  177     177.000s     8.513e-01     8.531e-01    1.822e-03
  178     178.000s     8.505e-01     8.523e-01    1.808e-03
  179     179.000s     8.496e-01     8.514e-01    1.786e-03
  180     180.000s     8.488e-01     8.506e-01    1.762e-03
  181     181.000s     8.480e-01     8.498e-01    1.741e-03
  182     182.000s     8.472e-01     8.489e-01    1.726e-03
  183     183.000s     8.464e-01     8.481e-01    1.720e-03
  184     184.000s     8.455e-01     8.472e-01    1.724e-03
  185     185.000s     8.447e-01     8.464e-01    1.739e-03
  186     186.000s     8.438e-01     8.456e-01    1.766e-03
  187     187.000s     8.429e-01     8.447e-01    1.808e-03
  188     188.000s     8.420e-01     8.439e-01    1.868e-03
  189     189.000s     8.411e-01     8.431e-01    1.950e-03
  190     190.000s     8.402e-01     8.422e-01    2.055e-03
  191     191.000s     8.392e-01     8.414e-01    2.186e-03
  192     192.000s     8.382e-01     8.406e-01    2.342e-03
  193     193.000s     8.372e-01     8.397e-01    2.520e-03
  194     194.000s     8.362e-01     8.389e-01    2.716e-03
  195     195.000s     8.351e-01     8.380e-01    2.921e-03
  196     196.000s     8.341e-01     8.372e-01    3.125e-03
  197     197.000s     8.330e-01     8.364e-01    3.320e-03
  198     198.000s     8.320e-01     8.355e-01    3.495e-03
  199     199.000s     8.310e-01     8.347e-01    3.643e-03
  200     200.000s     8.301e-01     8.339e-01    3.757e-03
  201     201.000s     8.292e-01     8.330e-01    3.832e-03
  202     202.000s     8.283e-01     8.322e-01    3.866e-03
  203     203.000s     8.275e-01     8.313e-01    3.859e-03
  204     204.000s     8.267e-01     8.305e-01    3.814e-03
  205     205.000s     8.259e-01     8.297e-01    3.737e-03
  206     206.000s     8.252e-01     8.288e-01    3.639e-03
  207     207.000s     8.245e-01     8.280e-01    3.530e-03
  208     208.000s     8.237e-01     8.272e-01    3.418e-03
  209     209.000s     8.230e-01     8.263e-01    3.307e-03
  210     210.000s     8.223e-01     8.255e-01    3.196e-03
  211     211.000s     8.216e-01     8.246e-01    3.080e-03
  212     212.000s     8.209e-01     8.238e-01    2.951e-03
  213     213.000s     8.202e-01     8.230e-01    2.805e-03
  214     214.000s     8.195e-01     8.221e-01    2.640e-03
  215     215.000s     8.188e-01     8.213e-01    2.459e-03
  216     216.000s     8.182e-01     8.205e-01    2.269e-03
  217     217.000s     8.175e-01     8.196e-01    2.077e-03
  218     218.000s     8.169e-01     8.188e-01    1.887e-03
  219     219.000s     8.162e-01     8.179e-01    1.705e-03
  220     220.000s     8.156e-01     8.171e-01    1.536e-03
  221     221.000s     8.149e-01     8.163e-01    1.387e-03
  222     222.000s     8.142e-01     8.154e-01    1.267e-03
  223     223.000s     8.134e-01     8.146e-01    1.182e-03
  224     224.000s     8.126e-01     8.138e-01    1.139e-03
  225     225.000s     8.118e-01     8.129e-01    1.140e-03
  226     226.000s     8.109e-01     8.121e-01    1.184e-03
  227     227.000s     8.100e-01     8.112e-01    1.263e-03
  228     228.000s     8.090e-01     8.104e-01    1.365e-03
  229     229.000s     8.081e-01     8.096e-01    1.477e-03
  230     230.000s     8.071e-01     8.087e-01    1.582e-03
  231     231.000s     8.062e-01     8.079e-01    1.667e-03
  232     232.000s     8.053e-01     8.071e-01    1.722e-03
  233     233.000s     8.045e-01     8.062e-01    1.744e-03
  234     234.000s     8.036e-01     8.054e-01    1.734e-03
  235     235.000s     8.028e-01     8.045e-01    1.696e-03
  236     236.000s     8.021e-01     8.037e-01    1.640e-03
  237     237.000s     8.013e-01     8.029e-01    1.572e-03
  238     238.000s     8.005e-01     8.020e-01    1.499e-03
  239     239.000s     7.998e-01     8.012e-01    1.422e-03
  240     240.000s     7.990e-01     8.004e-01    1.342e-03
  241     241.000s     7.983e-01     7.995e-01    1.256e-03
  242     242.000s     7.975e-01     7.987e-01    1.162e-03
  243     243.000s     7.968e-01     7.979e-01    1.060e-03
  244     244.000s     7.961e-01     7.970e-01    9.485e-04
  245     245.000s     7.954e-01     7.962e-01    8.247e-04
  246     246.000s     7.947e-01     7.953e-01    6.859e-04
  247     247.000s     7.940e-01     7.945e-01    5.299e-04
  248     248.000s     7.933e-01     7.937e-01    3.563e-04
  249     249.000s     7.927e-01     7.928e-01    1.687e-04
  250     250.000s     7.920e-01     7.920e-01   -2.611e-05
  251     251.000s     7.914e-01     7.912e-01   -2.180e-04
  252     252.000s     7.907e-01     7.903e-01   -3.958e-04
  253     253.000s     7.900e-01     7.895e-01   -5.487e-04
  254     254.000s     7.893e-01     7.887e-01   -6.680e-04
  255     255.000s     7.886e-01     7.878e-01   -7.477e-04
  256     256.000s     7.878e-01     7.870e-01   -7.858e-04
  257     257.000s     7.869e-01     7.862e-01   -7.837e-04
  258     258.000s     7.861e-01     7.853e-01   -7.455e-04
  259     259.000s     7.852e-01     7.845e-01   -6.760e-04
  260     260.000s     7.842e-01     7.837e-01   -5.800e-04
  261     261.000s     7.833e-01     7.828e-01   -4.619e-04
  262     262.000s     7.823e-01     7.820e-01   -3.259e-04
  263     263.000s     7.813e-01     7.812e-01   -1.774e-04
  264     264.000s     7.803e-01     7.803e-01   -2.183e-05
  265     265.000s     7.794e-01     7.795e-01    1.361e-04
  266     266.000s     7.784e-01     7.787e-01    2.941e-04
  267     267.000s     7.774e-01     7.778e-01    4.525e-04
  268     268.000s     7.764e-01     7.770e-01    6.141e-04
  269     269.000s     7.754e-01     7.762e-01    7.825e-04
  270     270.000s     7.744e-01     7.753e-01    9.613e-04
  271     271.000s     7.733e-01     7.745e-01    1.152e-03
  272     272.000s     7.723e-01     7.737e-01    1.355e-03
  273     273.000s     7.713e-01     7.728e-01    1.565e-03
  274     274.000s     7.702e-01     7.720e-01    1.775e-03
  275     275.000s     7.692e-01     7.712e-01    1.973e-03
  276     276.000s     7.682e-01     7.703e-01    2.148e-03
  277     277.000s     7.672e-01     7.695e-01    2.291e-03
  278     278.000s     7.663e-01     7.687e-01    2.396e-03
  279     279.000s     7.654e-01     7.678e-01    2.467e-03
  280     280.000s     7.645e-01     7.670e-01    2.509e-03
  281     281.000s     7.636e-01     7.662e-01    2.532e-03
  282     282.000s     7.628e-01     7.653e-01    2.543e-03
  283     283.000s     7.620e-01     7.645e-01    2.548e-03
  284     284.000s     7.611e-01     7.637e-01    2.548e-03
  285     285.000s     7.603e-01     7.629e-01    2.542e-03
  286     286.000s     7.595e-01     7.620e-01    2.527e-03
  287     287.000s     7.587e-01     7.612e-01    2.498e-03
  288     288.000s     7.579e-01     7.604e-01    2.450e-03
  289     289.000s     7.572e-01     7.595e-01    2.380e-03
  290     290.000s     7.564e-01     7.587e-01    2.288e-03
  291     291.000s     7.557e-01     7.579e-01    2.177e-03
  292     292.000s     7.550e-01     7.571e-01    2.050e-03
  293     293.000s     7.543e-01     7.562e-01    1.914e-03
  294     294.000s     7.536e-01     7.554e-01    1.773e-03
  295     295.000s     7.529e-01     7.546e-01    1.635e-03
  296     296.000s     7.522e-01     7.538e-01    1.504e-03
  297     297.000s     7.515e-01     7.529e-01    1.388e-03
  298     298.000s     7.508e-01     7.521e-01    1.293e-03
  299     299.000s     7.500e-01     7.513e-01    1.225e-03
  300     300.000s     7.493e-01     7.504e-01    1.185e-03
  301     301.000s     7.484e-01     7.496e-01    1.173e-03
  302     302.000s     7.476e-01     7.488e-01    1.187e-03
  303     303.000s     7.467e-01     7.480e-01    1.220e-03
  304     304.000s     7.459e-01     7.471e-01    1.270e-03
  305     305.000s     7.450e-01     7.463e-01    1.331e-03
  306     306.000s     7.441e-01     7.455e-01    1.399e-03
  307     307.000s     7.432e-01     7.447e-01    1.464e-03
  308     308.000s     7.423e-01     7.438e-01    1.517e-03
  309     309.000s     7.415e-01     7.430e-01    1.546e-03
  310     310.000s     7.407e-01     7.422e-01    1.543e-03
  311     311.000s     7.399e-01     7.414e-01    1.503e-03
  312     312.000s     7.391e-01     7.406e-01    1.427e-03
  313     313.000s     7.384e-01     7.397e-01    1.317e-03
  314     314.000s     7.377e-01     7.389e-01    1.183e-03
  315     315.000s     7.371e-01     7.381e-01    1.030e-03
  316     316.000s     7.364e-01     7.373e-01    8.680e-04
  317     317.000s     7.357e-01     7.364e-01    7.073e-04
  318     318.000s     7.351e-01     7.356e-01    5.593e-04
  319     319.000s     7.344e-01     7.348e-01    4.349e-04
  320     320.000s     7.336e-01     7.340e-01    3.424e-04
  321     321.000s     7.329e-01     7.332e-01    2.857e-04
  322     322.000s     7.321e-01     7.323e-01    2.643e-04
  323     323.000s     7.313e-01     7.315e-01    2.735e-04
  324     324.000s     7.304e-01     7.307e-01    3.061e-04
  325     325.000s     7.295e-01     7.299e-01    3.547e-04
  326     326.000s     7.287e-01     7.291e-01    4.134e-04
  327     327.000s     7.278e-01     7.282e-01    4.793e-04
  328     328.000s     7.269e-01     7.274e-01    5.534e-04
  329     329.000s     7.260e-01     7.266e-01    6.395e-04
  330     330.000s     7.251e-01     7.258e-01    7.438e-04
  331     331.000s     7.241e-01     7.250e-01    8.721e-04
  332     332.000s     7.231e-01     7.242e-01    1.027e-03
  333     333.000s     7.221e-01     7.233e-01    1.208e-03
  334     334.000s     7.211e-01     7.225e-01    1.410e-03
  335     335.000s     7.201e-01     7.217e-01    1.624e-03
  336     336.000s     7.191e-01     7.209e-01    1.842e-03
  337     337.000s     7.180e-01     7.201e-01    2.056e-03
  338     338.000s     7.170e-01     7.193e-01    2.261e-03
  339     339.000s     7.160e-01     7.185e-01    2.454e-03
  340     340.000s     7.150e-01     7.176e-01    2.636e-03
  341     341.000s     7.140e-01     7.168e-01    2.807e-03
  342     342.000s     7.130e-01     7.160e-01    2.968e-03
  343     343.000s     7.121e-01     7.152e-01    3.115e-03
  344     344.000s     7.111e-01     7.144e-01    3.247e-03
  345     345.000s     7.102e-01     7.136e-01    3.355e-03
  346     346.000s     7.093e-01     7.128e-01    3.433e-03
  347     347.000s     7.085e-01     7.120e-01    3.472e-03
  348     348.000s     7.077e-01     7.111e-01    3.464e-03
  349     349.000s     7.069e-01     7.103e-01    3.407e-03
  350     350.000s     7.062e-01     7.095e-01    3.302e-03
  351     351.000s     7.056e-01     7.087e-01    3.159e-03
  352     352.000s     7.049e-01     7.079e-01    2.989e-03
  353     353.000s     7.043e-01     7.071e-01    2.805e-03
  354     354.000s     7.037e-01     7.063e-01    2.616e-03
  355     355.000s     7.030e-01     7.055e-01    2.430e-03
  356     356.000s     7.024e-01     7.047e-01    2.251e-03
  357     357.000s     7.018e-01     7.039e-01    2.085e-03
  358     358.000s     7.011e-01     7.030e-01    1.931e-03
  359     359.000s     7.004e-01     7.022e-01    1.794e-03
  360     360.000s     6.998e-01     7.014e-01    1.674e-03
  361     361.000s     6.991e-01     7.006e-01    1.570e-03
  362     362.000s     6.983e-01     6.998e-01    1.479e-03
  363     363.000s     6.976e-01     6.990e-01    1.396e-03
  364     364.000s     6.969e-01     6.982e-01    1.316e-03
  365     365.000s     6.962e-01     6.974e-01    1.238e-03
  366     366.000s     6.954e-01     6.966e-01    1.161e-03
  367     367.000s     6.947e-01     6.958e-01    1.091e-03
  368     368.000s     6.940e-01     6.950e-01    1.029e-03
  369     369.000s     6.932e-01     6.942e-01    9.788e-04
  370     370.000s     6.924e-01     6.934e-01    9.397e-04
  371     371.000s     6.917e-01     6.926e-01    9.111e-04
  372     372.000s     6.909e-01     6.918e-01    8.929e-04
  373     373.000s     6.901e-01     6.910e-01    8.858e-04
  374     374.000s     6.893e-01     6.902e-01    8.907e-04
  375     375.000s     6.885e-01     6.894e-01    9.074e-04
  376     376.000s     6.876e-01     6.886e-01    9.324e-04
  377     377.000s     6.868e-01     6.878e-01    9.579e-04
  378     378.000s     6.860e-01     6.870e-01    9.728e-04
  379     379.000s     6.852e-01     6.862e-01    9.641e-04
  380     380.000s     6.845e-01     6.854e-01    9.206e-04
  381     381.000s     6.837e-01     6.846e-01    8.356e-04
  382     382.000s     6.831e-01     6.838e-01    7.084e-04
  383     383.000s     6.824e-01     6.830e-01    5.444e-04
  384     384.000s     6.818e-01     6.822e-01    3.545e-04
  385     385.000s     6.812e-01     6.814e-01    1.526e-04
  386     386.000s     6.806e-01     6.806e-01   -4.556e-05
  387     387.000s     6.800e-01     6.798e-01   -2.256e-04
  388     388.000s     6.794e-01     6.790e-01   -3.763e-04
  389     389.000s     6.787e-01     6.782e-01   -4.920e-04
  390     390.000s     6.780e-01     6.774e-01   -5.723e-04
  391     391.000s     6.772e-01     6.766e-01   -6.219e-04
  392     392.000s     6.765e-01     6.758e-01   -6.479e-04
  393     393.000s     6.757e-01     6.750e-01   -6.589e-04
  394     394.000s     6.749e-01     6.742e-01   -6.639e-04
  395     395.000s     6.741e-01     6.734e-01   -6.721e-04
  396     396.000s     6.733e-01     6.727e-01   -6.930e-04
  397     397.000s     6.726e-01     6.719e-01   -7.348e-04
  398     398.000s     6.719e-01     6.711e-01   -8.023e-04
  399     399.000s     6.712e-01     6.703e-01   -8.946e-04
  400     400.000s     6.705e-01     6.695e-01   -1.004e-03
  401     401.000s     6.698e-01     6.687e-01   -1.119e-03
  402     402.000s     6.691e-01     6.679e-01   -1.221e-03
  403     403.000s     6.684e-01     6.671e-01   -1.296e-03
  404     404.000s     6.677e-01     6.663e-01   -1.332e-03
  405     405.000s     6.669e-01     6.655e-01   -1.322e-03
  406     406.000s     6.660e-01     6.648e-01   -1.268e-03
  407     407.000s     6.652e-01     6.640e-01   -1.178e-03
  408     408.000s     6.642e-01     6.632e-01   -1.064e-03
  409     409.000s     6.633e-01     6.624e-01   -9.405e-04
  410     410.000s     6.624e-01     6.616e-01   -8.221e-04
  411     411.000s     6.615e-01     6.608e-01   -7.176e-04
  412     412.000s     6.607e-01     6.600e-01   -6.306e-04
  413     413.000s     6.598e-01     6.593e-01   -5.606e-04
  414     414.000s     6.590e-01     6.585e-01   -5.063e-04
  415     415.000s     6.582e-01     6.577e-01   -4.680e-04
  416     416.000s     6.574e-01     6.569e-01   -4.480e-04
  417     417.000s     6.566e-01     6.561e-01   -4.486e-04
  418     418.000s     6.558e-01     6.553e-01   -4.699e-04
  419     419.000s     6.551e-01     6.546e-01   -5.082e-04
  420     420.000s     6.543e-01     6.538e-01   -5.566e-04
  421     421.000s     6.536e-01     6.530e-01   -6.068e-04
  422     422.000s     6.529e-01     6.522e-01   -6.511e-04
  423     423.000s     6.521e-01     6.514e-01   -6.837e-04
  424     424.000s     6.514e-01     6.507e-01   -7.013e-04
  425     425.000s     6.506e-01     6.499e-01   -7.035e-04
  426     426.000s     6.498e-01     6.491e-01   -6.918e-04
  427     427.000s     6.490e-01     6.483e-01   -6.698e-04
  428     428.000s     6.482e-01     6.475e-01   -6.421e-04
  429     429.000s     6.474e-01     6.468e-01   -6.142e-04
  430     430.000s     6.466e-01     6.460e-01   -5.910e-04
  431     431.000s     6.458e-01     6.452e-01   -5.755e-04
  432     432.000s     6.450e-01     6.444e-01   -5.667e-04
  433     433.000s     6.442e-01     6.437e-01   -5.598e-04
  434     434.000s     6.434e-01     6.429e-01   -5.476e-04
  435     435.000s     6.426e-01     6.421e-01   -5.235e-04
  436     436.000s     6.418e-01     6.413e-01   -4.837e-04
  437     437.000s     6.410e-01     6.406e-01   -4.277e-04
  438     438.000s     6.402e-01     6.398e-01   -3.582e-04
  439     439.000s     6.393e-01     6.390e-01   -2.805e-04
  440     440.000s     6.385e-01     6.383e-01   -2.008e-04
  441     441.000s     6.376e-01     6.375e-01   -1.257e-04
  442     442.000s     6.368e-01     6.367e-01   -6.120e-05
  443     443.000s     6.360e-01     6.359e-01   -1.120e-05
  444     444.000s     6.352e-01     6.352e-01    2.307e-05
  445     445.000s     6.344e-01     6.344e-01    4.401e-05
  446     446.000s     6.336e-01     6.336e-01    5.762e-05
  447     447.000s     6.328e-01     6.329e-01    7.212e-05
  448     448.000s     6.320e-01     6.321e-01    9.554e-05
  449     449.000s     6.312e-01     6.313e-01    1.331e-04
  450     450.000s     6.304e-01     6.306e-01    1.853e-04
  451     451.000s     6.296e-01     6.298e-01    2.477e-04
  452     452.000s     6.287e-01     6.290e-01    3.120e-04
  453     453.000s     6.279e-01     6.283e-01    3.680e-04
  454     454.000s     6.271e-01     6.275e-01    4.062e-04
  455     455.000s     6.263e-01     6.267e-01    4.197e-04
  456     456.000s     6.256e-01     6.260e-01    4.058e-04
  457     457.000s     6.249e-01     6.252e-01    3.660e-04
  458     458.000s     6.242e-01     6.245e-01    3.053e-04
  459     459.000s     6.235e-01     6.237e-01    2.304e-04
  460     460.000s     6.228e-01     6.229e-01    1.485e-04
  461     461.000s     6.221e-01     6.222e-01    6.531e-05
  462     462.000s     6.214e-01     6.214e-01   -1.445e-05
  463     463.000s     6.207e-01     6.207e-01   -8.738e-05
  464     464.000s     6.200e-01     6.199e-01   -1.508e-04
  465     465.000s     6.193e-01     6.191e-01   -2.027e-04
  466     466.000s     6.186e-01     6.184e-01   -2.417e-04
  467     467.000s     6.179e-01     6.176e-01   -2.669e-04
  468     468.000s     6.171e-01     6.169e-01   -2.779e-04
  469     469.000s     6.164e-01     6.161e-01   -2.753e-04
  470     470.000s     6.156e-01     6.153e-01   -2.602e-04
  471     471.000s     6.148e-01     6.146e-01   -2.346e-04
  472     472.000s     6.140e-01     6.138e-01   -2.016e-04
  473     473.000s     6.132e-01     6.131e-01   -1.643e-04
  474     474.000s     6.125e-01     6.123e-01   -1.262e-04
  475     475.000s     6.117e-01     6.116e-01   -9.075e-05
  476     476.000s     6.109e-01     6.108e-01   -6.136e-05
  477     477.000s     6.101e-01     6.101e-01   -4.201e-05
  478     478.000s     6.094e-01     6.093e-01   -3.735e-05
  479     479.000s     6.086e-01     6.086e-01   -5.227e-05
  480     480.000s     6.079e-01     6.078e-01   -9.051e-05
  481     481.000s     6.072e-01     6.071e-01   -1.531e-04
  482     482.000s     6.066e-01     6.063e-01   -2.376e-04
  483     483.000s     6.059e-01     6.056e-01   -3.385e-04
  484     484.000s     6.053e-01     6.048e-01   -4.481e-04
  485     485.000s     6.046e-01     6.041e-01   -5.588e-04
  486     486.000s     6.040e-01     6.033e-01   -6.628e-04
  487     487.000s     6.033e-01     6.026e-01   -7.528e-04
  488     488.000s     6.027e-01     6.018e-01   -8.218e-04
  489     489.000s     6.019e-01     6.011e-01   -8.644e-04
  490     490.000s     6.012e-01     6.003e-01   -8.774e-04
  491     491.000s     6.005e-01     5.996e-01   -8.625e-04
  492     492.000s     5.997e-01     5.988e-01   -8.262e-04
  493     493.000s     5.989e-01     5.981e-01   -7.786e-04
  494     494.000s     5.981e-01     5.974e-01   -7.317e-04
  495     495.000s     5.973e-01     5.966e-01   -6.962e-04
  496     496.000s     5.966e-01     5.959e-01   -6.796e-04
  497     497.000s     5.958e-01     5.951e-01   -6.863e-04
  498     498.000s     5.951e-01     5.944e-01   -7.173e-04
  499     499.000s     5.944e-01     5.937e-01   -7.711e-04
  500     500.000s     5.938e-01     5.929e-01   -8.439e-04
  501     501.000s     5.931e-01     5.922e-01   -9.298e-04
  502     502.000s     5.925e-01     5.914e-01   -1.020e-03
  503     503.000s     5.918e-01     5.907e-01   -1.106e-03
  504     504.000s     5.911e-01     5.900e-01   -1.176e-03
  505     505.000s     5.904e-01     5.892e-01   -1.220e-03
  506     506.000s     5.897e-01     5.885e-01   -1.231e-03
  507     507.000s     5.890e-01     5.878e-01   -1.209e-03
  508     508.000s     5.882e-01     5.870e-01   -1.158e-03
  509     509.000s     5.874e-01     5.863e-01   -1.089e-03
  510     510.000s     5.866e-01     5.855e-01   -1.015e-03
  511     511.000s     5.858e-01     5.848e-01   -9.454e-04
  512     512.000s     5.850e-01     5.841e-01   -8.885e-04
  513     513.000s     5.842e-01     5.833e-01   -8.451e-04
  514     514.000s     5.834e-01     5.826e-01   -8.126e-04
  515     515.000s     5.827e-01     5.819e-01   -7.875e-04
  516     516.000s     5.819e-01     5.812e-01   -7.674e-04
  517     517.000s     5.812e-01     5.804e-01   -7.525e-04
  518     518.000s     5.804e-01     5.797e-01   -7.448e-04
  519     519.000s     5.797e-01     5.790e-01   -7.465e-04
  520     520.000s     5.790e-01     5.782e-01   -7.589e-04
  521     521.000s     5.783e-01     5.775e-01   -7.810e-04
  522     522.000s     5.776e-01     5.768e-01   -8.098e-04
  523     523.000s     5.769e-01     5.761e-01   -8.410e-04
  524     524.000s     5.762e-01     5.753e-01   -8.693e-04
  525     525.000s     5.755e-01     5.746e-01   -8.889e-04
  526     526.000s     5.748e-01     5.739e-01   -8.942e-04
  527     527.000s     5.740e-01     5.732e-01   -8.806e-04
  528     528.000s     5.733e-01     5.724e-01   -8.452e-04
  529     529.000s     5.725e-01     5.717e-01   -7.890e-04
  530     530.000s     5.717e-01     5.710e-01   -7.174e-04
  531     531.000s     5.709e-01     5.703e-01   -6.410e-04
  532     532.000s     5.701e-01     5.695e-01   -5.744e-04
  533     533.000s     5.693e-01     5.688e-01   -5.338e-04
  534     534.000s     5.686e-01     5.681e-01   -5.333e-04
  535     535.000s     5.680e-01     5.674e-01   -5.816e-04
  536     536.000s     5.673e-01     5.667e-01   -6.796e-04
  537     537.000s     5.668e-01     5.659e-01   -8.206e-04
  538     538.000s     5.662e-01     5.652e-01   -9.918e-04
  539     539.000s     5.657e-01     5.645e-01   -1.178e-03
  540     540.000s     5.651e-01     5.638e-01   -1.363e-03
  541     541.000s     5.646e-01     5.631e-01   -1.535e-03
  542     542.000s     5.640e-01     5.624e-01   -1.688e-03
  543     543.000s     5.635e-01     5.616e-01   -1.820e-03
  544     544.000s     5.629e-01     5.609e-01   -1.937e-03
  545     545.000s     5.623e-01     5.602e-01   -2.044e-03
  546     546.000s     5.616e-01     5.595e-01   -2.151e-03
  547     547.000s     5.610e-01     5.588e-01   -2.264e-03
  548     548.000s     5.605e-01     5.581e-01   -2.387e-03
  549     549.000s     5.599e-01     5.574e-01   -2.519e-03
  550     550.000s     5.593e-01     5.566e-01   -2.653e-03
  551     551.000s     5.587e-01     5.559e-01   -2.779e-03
  552     552.000s     5.581e-01     5.552e-01   -2.885e-03
  553     553.000s     5.575e-01     5.545e-01   -2.962e-03
  554     554.000s     5.568e-01     5.538e-01   -3.000e-03
  555     555.000s     5.561e-01     5.531e-01   -2.998e-03
  556     556.000s     5.553e-01     5.524e-01   -2.956e-03
  557     557.000s     5.546e-01     5.517e-01   -2.879e-03
  558     558.000s     5.538e-01     5.510e-01   -2.774e-03
  559     559.000s     5.529e-01     5.503e-01   -2.651e-03
  560     560.000s     5.521e-01     5.496e-01   -2.520e-03
  561     561.000s     5.513e-01     5.489e-01   -2.393e-03
  562     562.000s     5.504e-01     5.482e-01   -2.278e-03
  563     563.000s     5.496e-01     5.475e-01   -2.181e-03
  564     564.000s     5.489e-01     5.468e-01   -2.105e-03
  565     565.000s     5.481e-01     5.460e-01   -2.053e-03
  566     566.000s     5.474e-01     5.453e-01   -2.024e-03
  567     567.000s     5.467e-01     5.446e-01   -2.014e-03
  568     568.000s     5.460e-01     5.439e-01   -2.016e-03
  569     569.000s     5.453e-01     5.432e-01   -2.020e-03
  570     570.000s     5.446e-01     5.425e-01   -2.013e-03
  571     571.000s     5.438e-01     5.418e-01   -1.985e-03
  572     572.000s     5.431e-01     5.411e-01   -1.927e-03
  573     573.000s     5.423e-01     5.405e-01   -1.835e-03
  574     574.000s     5.415e-01     5.398e-01   -1.707e-03
  575     575.000s     5.406e-01     5.391e-01   -1.549e-03
  576     576.000s     5.397e-01     5.384e-01   -1.365e-03
  577     577.000s     5.388e-01     5.377e-01   -1.167e-03
  578     578.000s     5.379e-01     5.370e-01   -9.645e-04
  579     579.000s     5.370e-01     5.363e-01   -7.690e-04
  580     580.000s     5.362e-01     5.356e-01   -5.915e-04
  581     581.000s     5.353e-01     5.349e-01   -4.421e-04
  582     582.000s     5.345e-01     5.342e-01   -3.296e-04
  583     583.000s     5.338e-01     5.335e-01   -2.596e-04
  584     584.000s     5.331e-01     5.328e-01   -2.336e-04
  585     585.000s     5.324e-01     5.321e-01   -2.480e-04
  586     586.000s     5.317e-01     5.314e-01   -2.939e-04
  587     587.000s     5.311e-01     5.307e-01   -3.599e-04
  588     588.000s     5.305e-01     5.301e-01   -4.342e-04
  589     589.000s     5.299e-01     5.294e-01   -5.079e-04
  590     590.000s     5.293e-01     5.287e-01   -5.759e-04
  591     591.000s     5.286e-01     5.280e-01   -6.374e-04
  592     592.000s     5.280e-01     5.273e-01   -6.951e-04
  593     593.000s     5.274e-01     5.266e-01   -7.530e-04
  594     594.000s     5.268e-01     5.259e-01   -8.147e-04
  595     595.000s     5.261e-01     5.253e-01   -8.817e-04
  596     596.000s     5.255e-01     5.246e-01   -9.514e-04
  597     597.000s     5.249e-01     5.239e-01   -1.018e-03
  598     598.000s     5.243e-01     5.232e-01   -1.074e-03
  599     599.000s     5.236e-01     5.225e-01   -1.115e-03
  600     600.000s     5.230e-01     5.218e-01   -1.140e-03
  601     601.000s     5.223e-01     5.212e-01   -1.153e-03
  602     602.000s     5.216e-01     5.205e-01   -1.162e-03
  603     603.000s     5.210e-01     5.198e-01   -1.178e-03
  604     604.000s     5.203e-01     5.191e-01   -1.210e-03
  605     605.000s     5.197e-01     5.184e-01   -1.266e-03
  606     606.000s     5.191e-01     5.178e-01   -1.352e-03
  607     607.000s     5.186e-01     5.171e-01   -1.471e-03
  608     608.000s     5.180e-01     5.164e-01   -1.621e-03
  609     609.000s     5.175e-01     5.157e-01   -1.797e-03
  610     610.000s     5.171e-01     5.151e-01   -1.989e-03
  611     611.000s     5.166e-01     5.144e-01   -2.183e-03
  612     612.000s     5.161e-01     5.137e-01   -2.362e-03
  613     613.000s     5.156e-01     5.130e-01   -2.516e-03
  614     614.000s     5.150e-01     5.124e-01   -2.641e-03
  615     615.000s     5.144e-01     5.117e-01   -2.737e-03
  616     616.000s     5.138e-01     5.110e-01   -2.812e-03
  617     617.000s     5.132e-01     5.104e-01   -2.876e-03
  618     618.000s     5.126e-01     5.097e-01   -2.933e-03
  619     619.000s     5.120e-01     5.090e-01   -2.985e-03
  620     620.000s     5.114e-01     5.084e-01   -3.032e-03
  621     621.000s     5.108e-01     5.077e-01   -3.068e-03
  622     622.000s     5.101e-01     5.070e-01   -3.092e-03
  623     623.000s     5.095e-01     5.063e-01   -3.103e-03
  624     624.000s     5.088e-01     5.057e-01   -3.101e-03
  625     625.000s     5.081e-01     5.050e-01   -3.089e-03
  626     626.000s     5.074e-01     5.044e-01   -3.069e-03
  627     627.000s     5.067e-01     5.037e-01   -3.041e-03
  628     628.000s     5.060e-01     5.030e-01   -3.004e-03
  629     629.000s     5.053e-01     5.024e-01   -2.957e-03
  630     630.000s     5.046e-01     5.017e-01   -2.900e-03
  631     631.000s     5.039e-01     5.010e-01   -2.834e-03
  632     632.000s     5.031e-01     5.004e-01   -2.762e-03
  633     633.000s     5.024e-01     4.997e-01   -2.688e-03
  634     634.000s     5.017e-01     4.991e-01   -2.615e-03
  635     635.000s     5.009e-01     4.984e-01   -2.548e-03
  636     636.000s     5.002e-01     4.977e-01   -2.489e-03
  637     637.000s     4.995e-01     4.971e-01   -2.441e-03
  638     638.000s     4.988e-01     4.964e-01   -2.409e-03
  639     639.000s     4.982e-01     4.958e-01   -2.397e-03
  640     640.000s     4.975e-01     4.951e-01   -2.407e-03
  641     641.000s     4.969e-01     4.944e-01   -2.439e-03
  642     642.000s     4.963e-01     4.938e-01   -2.491e-03
  643     643.000s     4.957e-01     4.931e-01   -2.559e-03
  644     644.000s     4.951e-01     4.925e-01   -2.640e-03
  645     645.000s     4.946e-01     4.918e-01   -2.726e-03
  646     646.000s     4.940e-01     4.912e-01   -2.810e-03
  647     647.000s     4.934e-01     4.905e-01   -2.880e-03
  648     648.000s     4.928e-01     4.899e-01   -2.922e-03
  649     649.000s     4.921e-01     4.892e-01   -2.928e-03
  650     650.000s     4.915e-01     4.886e-01   -2.892e-03
  651     651.000s     4.907e-01     4.879e-01   -2.816e-03
  652     652.000s     4.900e-01     4.873e-01   -2.711e-03
  653     653.000s     4.892e-01     4.866e-01   -2.595e-03
  654     654.000s     4.885e-01     4.860e-01   -2.488e-03
  655     655.000s     4.877e-01     4.853e-01   -2.407e-03
  656     656.000s     4.870e-01     4.847e-01   -2.362e-03
  657     657.000s     4.864e-01     4.840e-01   -2.359e-03
  658     658.000s     4.858e-01     4.834e-01   -2.396e-03
  659     659.000s     4.852e-01     4.827e-01   -2.469e-03
  660     660.000s     4.847e-01     4.821e-01   -2.570e-03
  661     661.000s     4.841e-01     4.815e-01   -2.684e-03
  662     662.000s     4.836e-01     4.808e-01   -2.797e-03
  663     663.000s     4.831e-01     4.802e-01   -2.887e-03
  664     664.000s     4.825e-01     4.795e-01   -2.938e-03
  665     665.000s     4.818e-01     4.789e-01   -2.938e-03
  666     666.000s     4.811e-01     4.783e-01   -2.883e-03
  667     667.000s     4.804e-01     4.776e-01   -2.780e-03
  668     668.000s     4.796e-01     4.770e-01   -2.642e-03
  669     669.000s     4.788e-01     4.763e-01   -2.483e-03
  670     670.000s     4.780e-01     4.757e-01   -2.316e-03
  671     671.000s     4.772e-01     4.751e-01   -2.148e-03
  672     672.000s     4.764e-01     4.744e-01   -1.982e-03
  673     673.000s     4.756e-01     4.738e-01   -1.817e-03
  674     674.000s     4.748e-01     4.732e-01   -1.654e-03
  675     675.000s     4.740e-01     4.725e-01   -1.492e-03
  676     676.000s     4.732e-01     4.719e-01   -1.330e-03
  677     677.000s     4.724e-01     4.712e-01   -1.170e-03
  678     678.000s     4.716e-01     4.706e-01   -1.011e-03
  679     679.000s     4.708e-01     4.700e-01   -8.562e-04
  680     680.000s     4.701e-01     4.694e-01   -7.072e-04
  681     681.000s     4.693e-01     4.687e-01   -5.674e-04
  682     682.000s     4.685e-01     4.681e-01   -4.395e-04
  683     683.000s     4.678e-01     4.675e-01   -3.266e-04
  684     684.000s     4.671e-01     4.668e-01   -2.316e-04
  685     685.000s     4.664e-01     4.662e-01   -1.576e-04
  686     686.000s     4.657e-01     4.656e-01   -1.084e-04
  687     687.000s     4.650e-01     4.649e-01   -8.782e-05
  688     688.000s     4.644e-01     4.643e-01   -9.995e-05
  689     689.000s     4.638e-01     4.637e-01   -1.478e-04
  690     690.000s     4.633e-01     4.631e-01   -2.323e-04
  691     691.000s     4.628e-01     4.624e-01   -3.508e-04
  692     692.000s     4.623e-01     4.618e-01   -4.963e-04
  693     693.000s     4.619e-01     4.612e-01   -6.574e-04
  694     694.000s     4.614e-01     4.606e-01   -8.202e-04
  695     695.000s     4.609e-01     4.600e-01   -9.719e-04
  696     696.000s     4.604e-01     4.593e-01   -1.105e-03
  697     697.000s     4.599e-01     4.587e-01   -1.218e-03
  698     698.000s     4.594e-01     4.581e-01   -1.320e-03
  699     699.000s     4.589e-01     4.575e-01   -1.421e-03
  700     700.000s     4.584e-01     4.569e-01   -1.534e-03
  701     701.000s     4.579e-01     4.562e-01   -1.672e-03
  702     702.000s     4.575e-01     4.556e-01   -1.840e-03
  703     703.000s     4.570e-01     4.550e-01   -2.037e-03
  704     704.000s     4.566e-01     4.544e-01   -2.254e-03
  705     705.000s     4.562e-01     4.538e-01   -2.478e-03
  706     706.000s     4.558e-01     4.532e-01   -2.690e-03
  707     707.000s     4.554e-01     4.525e-01   -2.871e-03
  708     708.000s     4.549e-01     4.519e-01   -3.006e-03
  709     709.000s     4.544e-01     4.513e-01   -3.085e-03
  710     710.000s     4.538e-01     4.507e-01   -3.105e-03
  711     711.000s     4.532e-01     4.501e-01   -3.070e-03
  712     712.000s     4.525e-01     4.495e-01   -2.994e-03
  713     713.000s     4.518e-01     4.489e-01   -2.891e-03
  714     714.000s     4.510e-01     4.483e-01   -2.777e-03
  715     715.000s     4.503e-01     4.476e-01   -2.667e-03
  716     716.000s     4.496e-01     4.470e-01   -2.570e-03
  717     717.000s     4.489e-01     4.464e-01   -2.492e-03
  718     718.000s     4.482e-01     4.458e-01   -2.434e-03
  719     719.000s     4.476e-01     4.452e-01   -2.395e-03
  720     720.000s     4.470e-01     4.446e-01   -2.373e-03
  721     721.000s     4.464e-01     4.440e-01   -2.367e-03
  722     722.000s     4.458e-01     4.434e-01   -2.377e-03
  723     723.000s     4.452e-01     4.428e-01   -2.401e-03
  724     724.000s     4.446e-01     4.422e-01   -2.438e-03
  725     725.000s     4.441e-01     4.416e-01   -2.483e-03
  726     726.000s     4.435e-01     4.410e-01   -2.528e-03
  727     727.000s     4.429e-01     4.404e-01   -2.565e-03
  728     728.000s     4.424e-01     4.398e-01   -2.586e-03
  729     729.000s     4.418e-01     4.392e-01   -2.585e-03
  730     730.000s     4.411e-01     4.386e-01   -2.557e-03
  731     731.000s     4.405e-01     4.380e-01   -2.504e-03
  732     732.000s     4.398e-01     4.374e-01   -2.429e-03
  733     733.000s     4.391e-01     4.368e-01   -2.339e-03
  734     734.000s     4.384e-01     4.362e-01   -2.240e-03
  735     735.000s     4.377e-01     4.356e-01   -2.142e-03
  736     736.000s     4.370e-01     4.350e-01   -2.050e-03
  737     737.000s     4.364e-01     4.344e-01   -1.973e-03
  738     738.000s     4.357e-01     4.338e-01   -1.914e-03
  739     739.000s     4.351e-01     4.332e-01   -1.875e-03
  740     740.000s     4.345e-01     4.326e-01   -1.855e-03
  741     741.000s     4.339e-01     4.320e-01   -1.846e-03
  742     742.000s     4.333e-01     4.314e-01   -1.844e-03
  743     743.000s     4.327e-01     4.308e-01   -1.840e-03
  744     744.000s     4.321e-01     4.302e-01   -1.830e-03
  745     745.000s     4.315e-01     4.296e-01   -1.810e-03
  746     746.000s     4.308e-01     4.291e-01   -1.779e-03
  747     747.000s     4.302e-01     4.285e-01   -1.735e-03
  748     748.000s     4.296e-01     4.279e-01   -1.677e-03
  749     749.000s     4.289e-01     4.273e-01   -1.608e-03
  750     750.000s     4.282e-01     4.267e-01   -1.528e-03
  751     751.000s     4.275e-01     4.261e-01   -1.438e-03
  752     752.000s     4.269e-01     4.255e-01   -1.341e-03
  753     753.000s     4.262e-01     4.249e-01   -1.237e-03
  754     754.000s     4.255e-01     4.244e-01   -1.128e-03
  755     755.000s     4.248e-01     4.238e-01   -1.017e-03
  756     756.000s     4.241e-01     4.232e-01   -9.073e-04
  757     757.000s     4.234e-01     4.226e-01   -8.035e-04
  758     758.000s     4.227e-01     4.220e-01   -7.099e-04
  759     759.000s     4.221e-01     4.214e-01   -6.285e-04
  760     760.000s     4.214e-01     4.209e-01   -5.579e-04
  761     761.000s     4.208e-01     4.203e-01   -4.941e-04
  762     762.000s     4.201e-01     4.197e-01   -4.307e-04
  763     763.000s     4.195e-01     4.191e-01   -3.611e-04
  764     764.000s     4.188e-01     4.185e-01   -2.804e-04
  765     765.000s     4.181e-01     4.180e-01   -1.867e-04
  766     766.000s     4.175e-01     4.174e-01   -8.313e-05
  767     767.000s     4.168e-01     4.168e-01    2.140e-05
  768     768.000s     4.161e-01     4.162e-01    1.136e-04
  769     769.000s     4.155e-01     4.156e-01    1.790e-04
  770     770.000s     4.149e-01     4.151e-01    2.067e-04
  771     771.000s     4.143e-01     4.145e-01    1.937e-04
  772     772.000s     4.138e-01     4.139e-01    1.462e-04
  773     773.000s     4.133e-01     4.134e-01    7.719e-05
  774     774.000s     4.128e-01     4.128e-01    2.455e-06
  775     775.000s     4.123e-01     4.122e-01   -6.432e-05
  776     776.000s     4.117e-01     4.116e-01   -1.147e-04
  777     777.000s     4.112e-01     4.111e-01   -1.465e-04
  778     778.000s     4.107e-01     4.105e-01   -1.635e-04
  779     779.000s     4.101e-01     4.099e-01   -1.725e-04
  780     780.000s     4.095e-01     4.094e-01   -1.810e-04
  781     781.000s     4.090e-01     4.088e-01   -1.936e-04
  782     782.000s     4.084e-01     4.082e-01   -2.107e-04
  783     783.000s     4.079e-01     4.077e-01   -2.283e-04
  784     784.000s     4.073e-01     4.071e-01   -2.413e-04
  785     785.000s     4.068e-01     4.065e-01   -2.457e-04
  786     786.000s     4.062e-01     4.060e-01   -2.408e-04
  787     787.000s     4.056e-01     4.054e-01   -2.294e-04
  788     788.000s     4.050e-01     4.048e-01   -2.157e-04
  789     789.000s     4.045e-01     4.043e-01   -2.041e-04
  790     790.000s     4.039e-01     4.037e-01   -1.965e-04
  791     791.000s     4.033e-01     4.031e-01   -1.924e-04
  792     792.000s     4.028e-01     4.026e-01   -1.890e-04
  793     793.000s     4.022e-01     4.020e-01   -1.831e-04
  794     794.000s     4.016e-01     4.015e-01   -1.725e-04
  795     795.000s     4.011e-01     4.009e-01   -1.577e-04
  796     796.000s     4.005e-01     4.003e-01   -1.415e-04
  797     797.000s     3.999e-01     3.998e-01   -1.279e-04
  798     798.000s     3.993e-01     3.992e-01   -1.200e-04
  799     799.000s     3.988e-01     3.987e-01   -1.186e-04
  800     800.000s     3.982e-01     3.981e-01   -1.217e-04
  801     801.000s     3.977e-01     3.975e-01   -1.257e-04
  802     802.000s     3.971e-01     3.970e-01   -1.267e-04
  803     803.000s     3.966e-01     3.964e-01   -1.222e-04
  804     804.000s     3.960e-01     3.959e-01   -1.117e-04
  805     805.000s     3.954e-01     3.953e-01   -9.711e-05
  806     806.000s     3.949e-01     3.948e-01   -8.212e-05
  807     807.000s     3.943e-01     3.942e-01   -7.196e-05
  808     808.000s     3.937e-01     3.937e-01   -7.212e-05
  809     809.000s     3.932e-01     3.931e-01   -8.695e-05
  810     810.000s     3.927e-01     3.926e-01   -1.181e-04
  811     811.000s     3.922e-01     3.920e-01   -1.634e-04
  812     812.000s     3.917e-01     3.915e-01   -2.168e-04
  813     813.000s     3.912e-01     3.909e-01   -2.703e-04
  814     814.000s     3.907e-01     3.904e-01   -3.158e-04
  815     815.000s     3.902e-01     3.898e-01   -3.490e-04
  816     816.000s     3.897e-01     3.893e-01   -3.704e-04
  817     817.000s     3.891e-01     3.887e-01   -3.861e-04
  818     818.000s     3.886e-01     3.882e-01   -4.051e-04
  819     819.000s     3.881e-01     3.876e-01   -4.364e-04
  820     820.000s     3.876e-01     3.871e-01   -4.856e-04
  821     821.000s     3.871e-01     3.866e-01   -5.527e-04
  822     822.000s     3.866e-01     3.860e-01   -6.331e-04
  823     823.000s     3.862e-01     3.855e-01   -7.195e-04
  824     824.000s     3.857e-01     3.849e-01   -8.050e-04
  825     825.000s     3.853e-01     3.844e-01   -8.863e-04
  826     826.000s     3.848e-01     3.838e-01   -9.643e-04
  827     827.000s     3.843e-01     3.833e-01   -1.045e-03
  828     828.000s     3.839e-01     3.828e-01   -1.135e-03
  829     829.000s     3.835e-01     3.822e-01   -1.240e-03
  830     830.000s     3.830e-01     3.817e-01   -1.362e-03
  831     831.000s     3.826e-01     3.812e-01   -1.495e-03
  832     832.000s     3.822e-01     3.806e-01   -1.630e-03
  833     833.000s     3.818e-01     3.801e-01   -1.755e-03
  834     834.000s     3.814e-01     3.795e-01   -1.861e-03
  835     835.000s     3.809e-01     3.790e-01   -1.942e-03
  836     836.000s     3.805e-01     3.785e-01   -1.998e-03
  837     837.000s     3.800e-01     3.779e-01   -2.034e-03
  838     838.000s     3.795e-01     3.774e-01   -2.053e-03
  839     839.000s     3.789e-01     3.769e-01   -2.062e-03
  840     840.000s     3.784e-01     3.763e-01   -2.065e-03
  841     841.000s     3.779e-01     3.758e-01   -2.064e-03
  842     842.000s     3.773e-01     3.753e-01   -2.056e-03
  843     843.000s     3.768e-01     3.747e-01   -2.038e-03
  844     844.000s     3.762e-01     3.742e-01   -2.007e-03
  845     845.000s     3.756e-01     3.737e-01   -1.961e-03
  846     846.000s     3.751e-01     3.732e-01   -1.902e-03
  847     847.000s     3.745e-01     3.726e-01   -1.837e-03
  848     848.000s     3.739e-01     3.721e-01   -1.775e-03
  849     849.000s     3.733e-01     3.716e-01   -1.729e-03
  850     850.000s     3.728e-01     3.710e-01   -1.712e-03
  851     851.000s     3.723e-01     3.705e-01   -1.737e-03
  852     852.000s     3.718e-01     3.700e-01   -1.816e-03
  853     853.000s     3.714e-01     3.695e-01   -1.954e-03
  854     854.000s     3.711e-01     3.690e-01   -2.147e-03
  855     855.000s     3.708e-01     3.684e-01   -2.384e-03
  856     856.000s     3.706e-01     3.679e-01   -2.646e-03
  857     857.000s     3.703e-01     3.674e-01   -2.908e-03
  858     858.000s     3.700e-01     3.669e-01   -3.147e-03
  859     859.000s     3.697e-01     3.663e-01   -3.345e-03
  860     860.000s     3.693e-01     3.658e-01   -3.488e-03
  861     861.000s     3.689e-01     3.653e-01   -3.573e-03
  862     862.000s     3.684e-01     3.648e-01   -3.598e-03
  863     863.000s     3.678e-01     3.643e-01   -3.565e-03
  864     864.000s     3.672e-01     3.637e-01   -3.479e-03
  865     865.000s     3.666e-01     3.632e-01   -3.345e-03
  866     866.000s     3.659e-01     3.627e-01   -3.168e-03
  867     867.000s     3.652e-01     3.622e-01   -2.954e-03
  868     868.000s     3.644e-01     3.617e-01   -2.710e-03
  869     869.000s     3.636e-01     3.612e-01   -2.445e-03
  870     870.000s     3.628e-01     3.607e-01   -2.171e-03
  871     871.000s     3.620e-01     3.601e-01   -1.901e-03
  872     872.000s     3.613e-01     3.596e-01   -1.647e-03
  873     873.000s     3.605e-01     3.591e-01   -1.417e-03
  874     874.000s     3.598e-01     3.586e-01   -1.217e-03
  875     875.000s     3.591e-01     3.581e-01   -1.045e-03
  876     876.000s     3.585e-01     3.576e-01   -8.967e-04
  877     877.000s     3.578e-01     3.571e-01   -7.649e-04
  878     878.000s     3.572e-01     3.566e-01   -6.437e-04
  879     879.000s     3.566e-01     3.561e-01   -5.297e-04
  880     880.000s     3.560e-01     3.555e-01   -4.231e-04
  881     881.000s     3.554e-01     3.550e-01   -3.269e-04
  882     882.000s     3.548e-01     3.545e-01   -2.450e-04
  883     883.000s     3.542e-01     3.540e-01   -1.802e-04
  884     884.000s     3.536e-01     3.535e-01   -1.329e-04
  885     885.000s     3.531e-01     3.530e-01   -1.016e-04
  886     886.000s     3.526e-01     3.525e-01   -8.298e-05
  887     887.000s     3.521e-01     3.520e-01   -7.316e-05
  888     888.000s     3.516e-01     3.515e-01   -6.840e-05
  889     889.000s     3.511e-01     3.510e-01   -6.590e-05
  890     890.000s     3.506e-01     3.505e-01   -6.405e-05
  891     891.000s     3.501e-01     3.500e-01   -6.221e-05
  892     892.000s     3.496e-01     3.495e-01   -6.053e-05
  893     893.000s     3.491e-01     3.490e-01   -6.036e-05
  894     894.000s     3.486e-01     3.485e-01   -6.516e-05
  895     895.000s     3.481e-01     3.480e-01   -8.115e-05
  896     896.000s     3.476e-01     3.475e-01   -1.164e-04
  897     897.000s     3.472e-01     3.470e-01   -1.781e-04
  898     898.000s     3.468e-01     3.465e-01   -2.690e-04
  899     899.000s     3.464e-01     3.460e-01   -3.846e-04
  900     900.000s     3.460e-01     3.455e-01   -5.136e-04
  901     901.000s     3.456e-01     3.450e-01   -6.402e-04
  902     902.000s     3.453e-01     3.445e-01   -7.484e-04
  903     903.000s     3.448e-01     3.440e-01   -8.266e-04
  904     904.000s     3.444e-01     3.435e-01   -8.710e-04
  905     905.000s     3.439e-01     3.430e-01   -8.856e-04
  906     906.000s     3.434e-01     3.425e-01   -8.810e-04
  907     907.000s     3.429e-01     3.420e-01   -8.709e-04
  908     908.000s     3.424e-01     3.416e-01   -8.677e-04
  909     909.000s     3.419e-01     3.411e-01   -8.799e-04
  910     910.000s     3.415e-01     3.406e-01   -9.108e-04
  911     911.000s     3.410e-01     3.401e-01   -9.584e-04
  912     912.000s     3.406e-01     3.396e-01   -1.016e-03
  913     913.000s     3.402e-01     3.391e-01   -1.075e-03
  914     914.000s     3.397e-01     3.386e-01   -1.127e-03
  915     915.000s     3.393e-01     3.381e-01   -1.163e-03
  916     916.000s     3.388e-01     3.376e-01   -1.184e-03
  917     917.000s     3.383e-01     3.372e-01   -1.192e-03
  918     918.000s     3.379e-01     3.367e-01   -1.196e-03
  919     919.000s     3.374e-01     3.362e-01   -1.206e-03
  920     920.000s     3.369e-01     3.357e-01   -1.231e-03
  921     921.000s     3.365e-01     3.352e-01   -1.280e-03
  922     922.000s     3.361e-01     3.347e-01   -1.357e-03
  923     923.000s     3.357e-01     3.343e-01   -1.461e-03
  924     924.000s     3.354e-01     3.338e-01   -1.590e-03
  925     925.000s     3.350e-01     3.333e-01   -1.735e-03
  926     926.000s     3.347e-01     3.328e-01   -1.888e-03
  927     927.000s     3.344e-01     3.323e-01   -2.040e-03
  928     928.000s     3.340e-01     3.318e-01   -2.184e-03
  929     929.000s     3.337e-01     3.314e-01   -2.314e-03
  930     930.000s     3.333e-01     3.309e-01   -2.429e-03
  931     931.000s     3.329e-01     3.304e-01   -2.531e-03
  932     932.000s     3.326e-01     3.299e-01   -2.628e-03
  933     933.000s     3.322e-01     3.295e-01   -2.727e-03
  934     934.000s     3.318e-01     3.290e-01   -2.834e-03
  935     935.000s     3.315e-01     3.285e-01   -2.955e-03
  936     936.000s     3.311e-01     3.280e-01   -3.092e-03
  937     937.000s     3.308e-01     3.276e-01   -3.245e-03
  938     938.000s     3.305e-01     3.271e-01   -3.409e-03
  939     939.000s     3.302e-01     3.266e-01   -3.579e-03
  940     940.000s     3.299e-01     3.261e-01   -3.745e-03
  941     941.000s     3.296e-01     3.257e-01   -3.897e-03
  942     942.000s     3.292e-01     3.252e-01   -4.023e-03
  943     943.000s     3.288e-01     3.247e-01   -4.110e-03
  944     944.000s     3.284e-01     3.242e-01   -4.146e-03
  945     945.000s     3.279e-01     3.238e-01   -4.122e-03
  946     946.000s     3.273e-01     3.233e-01   -4.033e-03
  947     947.000s     3.267e-01     3.228e-01   -3.881e-03
  948     948.000s     3.260e-01     3.224e-01   -3.676e-03
  949     949.000s     3.253e-01     3.219e-01   -3.435e-03
  950     950.000s     3.246e-01     3.214e-01   -3.178e-03
  951     951.000s     3.239e-01     3.210e-01   -2.924e-03
  952     952.000s     3.232e-01     3.205e-01   -2.687e-03
  953     953.000s     3.225e-01     3.200e-01   -2.476e-03
  954     954.000s     3.219e-01     3.196e-01   -2.291e-03
  955     955.000s     3.212e-01     3.191e-01   -2.131e-03
  956     956.000s     3.206e-01     3.186e-01   -1.990e-03
  957     957.000s     3.200e-01     3.182e-01   -1.863e-03
  958     958.000s     3.195e-01     3.177e-01   -1.751e-03
  959     959.000s     3.189e-01     3.172e-01   -1.653e-03
  960     960.000s     3.184e-01     3.168e-01   -1.571e-03
  961     961.000s     3.178e-01     3.163e-01   -1.506e-03
  962     962.000s     3.173e-01     3.159e-01   -1.452e-03
  963     963.000s     3.168e-01     3.154e-01   -1.403e-03
  964     964.000s     3.163e-01     3.149e-01   -1.347e-03
  965     965.000s     3.158e-01     3.145e-01   -1.276e-03
  966     966.000s     3.152e-01     3.140e-01   -1.184e-03
  967     967.000s     3.146e-01     3.136e-01   -1.070e-03
  968     968.000s     3.141e-01     3.131e-01   -9.406e-04
  969     969.000s     3.135e-01     3.127e-01   -8.074e-04
  970     970.000s     3.129e-01     3.122e-01   -6.840e-04
  971     971.000s     3.123e-01     3.117e-01   -5.808e-04
  972     972.000s     3.118e-01     3.113e-01   -5.023e-04
  973     973.000s     3.113e-01     3.108e-01   -4.448e-04
  974     974.000s     3.108e-01     3.104e-01   -3.990e-04
  975     975.000s     3.103e-01     3.099e-01   -3.528e-04
  976     976.000s     3.098e-01     3.095e-01   -2.951e-04
  977     977.000s     3.092e-01     3.090e-01   -2.171e-04
  978     978.000s     3.087e-01     3.086e-01   -1.127e-04
  979     979.000s     3.081e-01     3.081e-01    2.181e-05
  980     980.000s     3.075e-01     3.077e-01    1.881e-04
  981     981.000s     3.068e-01     3.072e-01    3.849e-04
  982     982.000s     3.062e-01     3.068e-01    6.071e-04
  983     983.000s     3.055e-01     3.063e-01    8.455e-04
  984     984.000s     3.048e-01     3.059e-01    1.087e-03
  985     985.000s     3.041e-01     3.054e-01    1.317e-03
  986     986.000s     3.035e-01     3.050e-01    1.518e-03
  987     987.000s     3.029e-01     3.045e-01    1.678e-03
  988     988.000s     3.023e-01     3.041e-01    1.788e-03
  989     989.000s     3.018e-01     3.036e-01    1.844e-03
  990     990.000s     3.013e-01     3.032e-01    1.851e-03
  991     991.000s     3.009e-01     3.028e-01    1.819e-03
  992     992.000s     3.006e-01     3.023e-01    1.759e-03
  993     993.000s     3.002e-01     3.019e-01    1.687e-03
  994     994.000s     2.998e-01     3.014e-01    1.614e-03
  995     995.000s     2.994e-01     3.010e-01    1.550e-03
  996     996.000s     2.990e-01     3.005e-01    1.500e-03
  997     997.000s     2.986e-01     3.001e-01    1.466e-03
  998     998.000s     2.982e-01     2.997e-01    1.443e-03
  999     999.000s     2.978e-01     2.992e-01    1.427e-03
 1000    1000.000s     2.974e-01     2.988e-01    1.413e-03
 1001    1001.000s     2.969e-01     2.983e-01    1.400e-03
 1002    1002.000s     2.965e-01     2.979e-01    1.390e-03
 1003    1003.000s     2.961e-01     2.975e-01    1.388e-03
 1004    1004.000s     2.956e-01     2.970e-01    1.398e-03
 1005    1005.000s     2.952e-01     2.966e-01    1.423e-03
 1006    1006.000s     2.947e-01     2.962e-01    1.467e-03
 1007    1007.000s     2.942e-01     2.957e-01    1.527e-03
 1008    1008.000s     2.937e-01     2.953e-01    1.601e-03
 1009    1009.000s     2.932e-01     2.949e-01    1.687e-03
 1010    1010.000s     2.926e-01     2.944e-01    1.781e-03
 1011    1011.000s     2.921e-01     2.940e-01    1.878e-03
 1012    1012.000s     2.916e-01     2.936e-01    1.970e-03
 1013    1013.000s     2.911e-01     2.931e-01    2.051e-03
 1014    1014.000s     2.906e-01     2.927e-01    2.110e-03
 1015    1015.000s     2.901e-01     2.923e-01    2.139e-03
 1016    1016.000s     2.897e-01     2.918e-01    2.131e-03
 1017    1017.000s     2.893e-01     2.914e-01    2.080e-03
 1018    1018.000s     2.890e-01     2.910e-01    1.988e-03
 1019    1019.000s     2.887e-01     2.905e-01    1.859e-03
 1020    1020.000s     2.884e-01     2.901e-01    1.706e-03
 1021    1021.000s     2.881e-01     2.897e-01    1.541e-03
 1022    1022.000s     2.879e-01     2.893e-01    1.380e-03
 1023    1023.000s     2.876e-01     2.888e-01    1.237e-03
 1024    1024.000s     2.873e-01     2.884e-01    1.121e-03
 1025    1025.000s     2.869e-01     2.880e-01    1.039e-03
 1026    1026.000s     2.866e-01     2.876e-01    9.891e-04
 1027    1027.000s     2.862e-01     2.871e-01    9.687e-04
 1028    1028.000s     2.857e-01     2.867e-01    9.728e-04
 1029    1029.000s     2.853e-01     2.863e-01    9.967e-04
 1030    1030.000s     2.848e-01     2.859e-01    1.037e-03
 1031    1031.000s     2.843e-01     2.854e-01    1.089e-03
 1032    1032.000s     2.839e-01     2.850e-01    1.150e-03
 1033    1033.000s     2.834e-01     2.846e-01    1.215e-03
 1034    1034.000s     2.829e-01     2.842e-01    1.278e-03
 1035    1035.000s     2.824e-01     2.837e-01    1.332e-03
 1036    1036.000s     2.820e-01     2.833e-01    1.374e-03
 1037    1037.000s     2.815e-01     2.829e-01    1.401e-03
 1038    1038.000s     2.811e-01     2.825e-01    1.413e-03
 1039    1039.000s     2.807e-01     2.821e-01    1.413e-03
 1040    1040.000s     2.803e-01     2.817e-01    1.403e-03
 1041    1041.000s     2.798e-01     2.812e-01    1.388e-03
 1042    1042.000s     2.795e-01     2.808e-01    1.369e-03
 1043    1043.000s     2.791e-01     2.804e-01    1.346e-03
 1044    1044.000s     2.787e-01     2.800e-01    1.314e-03
 1045    1045.000s     2.783e-01     2.796e-01    1.269e-03
 1046    1046.000s     2.780e-01     2.792e-01    1.208e-03
 1047    1047.000s     2.776e-01     2.787e-01    1.131e-03
 1048    1048.000s     2.773e-01     2.783e-01    1.043e-03
 1049    1049.000s     2.770e-01     2.779e-01    9.503e-04
 1050    1050.000s     2.766e-01     2.775e-01    8.594e-04
 1051    1051.000s     2.763e-01     2.771e-01    7.763e-04
 1052    1052.000s     2.760e-01     2.767e-01    7.053e-04
 1053    1053.000s     2.756e-01     2.763e-01    6.494e-04
 1054    1054.000s     2.753e-01     2.759e-01    6.106e-04
 1055    1055.000s     2.749e-01     2.755e-01    5.887e-04
 1056    1056.000s     2.745e-01     2.750e-01    5.818e-04
 1057    1057.000s     2.740e-01     2.746e-01    5.870e-04
 1058    1058.000s     2.736e-01     2.742e-01    6.018e-04
 1059    1059.000s     2.732e-01     2.738e-01    6.249e-04
 1060    1060.000s     2.728e-01     2.734e-01    6.564e-04
 1061    1061.000s     2.723e-01     2.730e-01    6.967e-04
 1062    1062.000s     2.719e-01     2.726e-01    7.458e-04
 1063    1063.000s     2.714e-01     2.722e-01    8.033e-04
 1064    1064.000s     2.709e-01     2.718e-01    8.686e-04
 1065    1065.000s     2.704e-01     2.714e-01    9.406e-04
 1066    1066.000s     2.700e-01     2.710e-01    1.019e-03
 1067    1067.000s     2.695e-01     2.706e-01    1.102e-03
 1068    1068.000s     2.690e-01     2.702e-01    1.189e-03
 1069    1069.000s     2.685e-01     2.698e-01    1.281e-03
 1070    1070.000s     2.680e-01     2.694e-01    1.375e-03
 1071    1071.000s     2.675e-01     2.690e-01    1.468e-03
 1072    1072.000s     2.670e-01     2.686e-01    1.556e-03
 1073    1073.000s     2.665e-01     2.682e-01    1.636e-03
 1074    1074.000s     2.661e-01     2.678e-01    1.703e-03
 1075    1075.000s     2.656e-01     2.674e-01    1.757e-03
 1076    1076.000s     2.652e-01     2.670e-01    1.799e-03
 1077    1077.000s     2.647e-01     2.666e-01    1.830e-03
 1078    1078.000s     2.643e-01     2.662e-01    1.853e-03
 1079    1079.000s     2.639e-01     2.658e-01    1.871e-03
 1080    1080.000s     2.635e-01     2.654e-01    1.885e-03
 1081    1081.000s     2.631e-01     2.650e-01    1.895e-03
 1082    1082.000s     2.627e-01     2.646e-01    1.899e-03
 1083    1083.000s     2.623e-01     2.642e-01    1.896e-03
 1084    1084.000s     2.619e-01     2.638e-01    1.884e-03
 1085    1085.000s     2.615e-01     2.634e-01    1.867e-03
 1086    1086.000s     2.612e-01     2.630e-01    1.849e-03
 1087    1087.000s     2.608e-01     2.626e-01    1.833e-03
 1088    1088.000s     2.604e-01     2.622e-01    1.823e-03
 1089    1089.000s     2.600e-01     2.618e-01    1.819e-03
 1090    1090.000s     2.596e-01     2.614e-01    1.818e-03
 1091    1091.000s     2.592e-01     2.610e-01    1.816e-03
 1092    1092.000s     2.589e-01     2.607e-01    1.807e-03
 1093    1093.000s     2.585e-01     2.603e-01    1.786e-03
 1094    1094.000s     2.581e-01     2.599e-01    1.747e-03
 1095    1095.000s     2.578e-01     2.595e-01    1.689e-03
 1096    1096.000s     2.575e-01     2.591e-01    1.612e-03
 1097    1097.000s     2.572e-01     2.587e-01    1.517e-03
 1098    1098.000s     2.569e-01     2.583e-01    1.409e-03
 1099    1099.000s     2.566e-01     2.579e-01    1.294e-03
 1100    1100.000s     2.564e-01     2.576e-01    1.176e-03
 1101    1101.000s     2.561e-01     2.572e-01    1.060e-03
 1102    1102.000s     2.558e-01     2.568e-01    9.508e-04
 1103    1103.000s     2.555e-01     2.564e-01    8.509e-04
 1104    1104.000s     2.553e-01     2.560e-01    7.615e-04
 1105    1105.000s     2.549e-01     2.556e-01    6.827e-04
 1106    1106.000s     2.546e-01     2.552e-01    6.133e-04
 1107    1107.000s     2.543e-01     2.549e-01    5.520e-04
 1108    1108.000s     2.540e-01     2.545e-01    4.976e-04
 1109    1109.000s     2.536e-01     2.541e-01    4.503e-04
 1110    1110.000s     2.533e-01     2.537e-01    4.124e-04
 1111    1111.000s     2.529e-01     2.533e-01    3.888e-04
 1112    1112.000s     2.526e-01     2.530e-01    3.865e-04
 1113    1113.000s     2.522e-01     2.526e-01    4.123e-04
 1114    1114.000s     2.517e-01     2.522e-01    4.714e-04
 1115    1115.000s     2.513e-01     2.518e-01    5.648e-04
 1116    1116.000s     2.507e-01     2.514e-01    6.900e-04
 1117    1117.000s     2.502e-01     2.511e-01    8.417e-04
 1118    1118.000s     2.497e-01     2.507e-01    1.014e-03
 1119    1119.000s     2.491e-01     2.503e-01    1.199e-03
 1120    1120.000s     2.485e-01     2.499e-01    1.389e-03
 1121    1121.000s     2.480e-01     2.496e-01    1.576e-03
 1122    1122.000s     2.474e-01     2.492e-01    1.748e-03
 1123    1123.000s     2.469e-01     2.488e-01    1.898e-03
 1124    1124.000s     2.464e-01     2.484e-01    2.017e-03
 1125    1125.000s     2.459e-01     2.481e-01    2.103e-03
 1126    1126.000s     2.455e-01     2.477e-01    2.157e-03
 1127    1127.000s     2.451e-01     2.473e-01    2.180e-03
 1128    1128.000s     2.448e-01     2.469e-01    2.175e-03
 1129    1129.000s     2.444e-01     2.466e-01    2.145e-03
 1130    1130.000s     2.441e-01     2.462e-01    2.090e-03
 1131    1131.000s     2.438e-01     2.458e-01    2.013e-03
 1132    1132.000s     2.435e-01     2.454e-01    1.920e-03
 1133    1133.000s     2.433e-01     2.451e-01    1.818e-03
 1134    1134.000s     2.430e-01     2.447e-01    1.721e-03
 1135    1135.000s     2.427e-01     2.443e-01    1.639e-03
 1136    1136.000s     2.424e-01     2.440e-01    1.584e-03
 1137    1137.000s     2.420e-01     2.436e-01    1.565e-03
 1138    1138.000s     2.417e-01     2.432e-01    1.583e-03
 1139    1139.000s     2.412e-01     2.429e-01    1.635e-03
 1140    1140.000s     2.408e-01     2.425e-01    1.713e-03
 1141    1141.000s     2.403e-01     2.421e-01    1.807e-03
 1142    1142.000s     2.399e-01     2.418e-01    1.905e-03
 1143    1143.000s     2.394e-01     2.414e-01    1.996e-03
 1144    1144.000s     2.390e-01     2.410e-01    2.071e-03
 1145    1145.000s     2.386e-01     2.407e-01    2.122e-03
 1146    1146.000s     2.382e-01     2.403e-01    2.143e-03
 1147    1147.000s     2.378e-01     2.399e-01    2.129e-03
 1148    1148.000s     2.375e-01     2.396e-01    2.080e-03
 1149    1149.000s     2.372e-01     2.392e-01    1.994e-03
 1150    1150.000s     2.370e-01     2.389e-01    1.877e-03
 1151    1151.000s     2.368e-01     2.385e-01    1.736e-03
 1152    1152.000s     2.366e-01     2.381e-01    1.582e-03
 1153    1153.000s     2.364e-01     2.378e-01    1.430e-03
 1154    1154.000s     2.361e-01     2.374e-01    1.293e-03
 1155    1155.000s     2.359e-01     2.371e-01    1.185e-03
 1156    1156.000s     2.356e-01     2.367e-01    1.119e-03
 1157    1157.000s     2.352e-01     2.363e-01    1.102e-03
 1158    1158.000s     2.349e-01     2.360e-01    1.133e-03
 1159    1159.000s     2.344e-01     2.356e-01    1.207e-03
 1160    1160.000s     2.340e-01     2.353e-01    1.311e-03
 1161    1161.000s     2.335e-01     2.349e-01    1.431e-03
 1162    1162.000s     2.330e-01     2.346e-01    1.557e-03
 1163    1163.000s     2.325e-01     2.342e-01    1.680e-03
 1164    1164.000s     2.320e-01     2.338e-01    1.798e-03
 1165    1165.000s     2.316e-01     2.335e-01    1.913e-03
 1166    1166.000s     2.311e-01     2.331e-01    2.026e-03
 1167    1167.000s     2.306e-01     2.328e-01    2.140e-03
 1168    1168.000s     2.302e-01     2.324e-01    2.253e-03
 1169    1169.000s     2.297e-01     2.321e-01    2.360e-03
 1170    1170.000s     2.293e-01     2.317e-01    2.454e-03
 1171    1171.000s     2.288e-01     2.314e-01    2.530e-03
 1172    1172.000s     2.284e-01     2.310e-01    2.581e-03
 1173    1173.000s     2.281e-01     2.307e-01    2.605e-03
 1174    1174.000s     2.277e-01     2.303e-01    2.601e-03
 1175    1175.000s     2.274e-01     2.300e-01    2.574e-03
 1176    1176.000s     2.271e-01     2.296e-01    2.527e-03
 1177    1177.000s     2.268e-01     2.293e-01    2.465e-03
 1178    1178.000s     2.265e-01     2.289e-01    2.393e-03
 1179    1179.000s     2.263e-01     2.286e-01    2.313e-03
 1180    1180.000s     2.260e-01     2.282e-01    2.227e-03
 1181    1181.000s     2.257e-01     2.279e-01    2.137e-03
 1182    1182.000s     2.255e-01     2.275e-01    2.044e-03
 1183    1183.000s     2.252e-01     2.272e-01    1.950e-03
 1184    1184.000s     2.250e-01     2.268e-01    1.856e-03
 1185    1185.000s     2.247e-01     2.265e-01    1.764e-03
 1186    1186.000s     2.245e-01     2.262e-01    1.677e-03
 1187    1187.000s     2.242e-01     2.258e-01    1.599e-03
 1188    1188.000s     2.239e-01     2.255e-01    1.534e-03
 1189    1189.000s     2.236e-01     2.251e-01    1.483e-03
 1190    1190.000s     2.233e-01     2.248e-01    1.447e-03
 1191    1191.000s     2.230e-01     2.244e-01    1.425e-03
 1192    1192.000s     2.227e-01     2.241e-01    1.417e-03
 1193    1193.000s     2.223e-01     2.238e-01    1.424e-03
 1194    1194.000s     2.220e-01     2.234e-01    1.449e-03
 1195    1195.000s     2.216e-01     2.231e-01    1.493e-03
 1196    1196.000s     2.212e-01     2.227e-01    1.556e-03
 1197    1197.000s     2.208e-01     2.224e-01    1.639e-03
 1198    1198.000s     2.203e-01     2.221e-01    1.737e-03
 1199    1199.000s     2.199e-01     2.217e-01    1.845e-03
 1200    1200.000s     2.194e-01     2.214e-01    1.959e-03
 1201    1201.000s     2.190e-01     2.210e-01    2.073e-03
 1202    1202.000s     2.185e-01     2.207e-01    2.180e-03
 1203    1203.000s     2.181e-01     2.204e-01    2.273e-03
 1204    1204.000s     2.177e-01     2.200e-01    2.347e-03
 1205    1205.000s     2.173e-01     2.197e-01    2.398e-03
 1206    1206.000s     2.169e-01     2.194e-01    2.426e-03
 1207    1207.000s     2.166e-01     2.190e-01    2.437e-03
 1208    1208.000s     2.162e-01     2.187e-01    2.442e-03
 1209    1209.000s     2.159e-01     2.184e-01    2.456e-03
 1210    1210.000s     2.155e-01     2.180e-01    2.494e-03
 1211    1211.000s     2.151e-01     2.177e-01    2.568e-03
 1212    1212.000s     2.147e-01     2.174e-01    2.682e-03
 1213    1213.000s     2.142e-01     2.170e-01    2.834e-03
 1214    1214.000s     2.137e-01     2.167e-01    3.010e-03
 1215    1215.000s     2.132e-01     2.164e-01    3.190e-03
 1216    1216.000s     2.127e-01     2.160e-01    3.352e-03
 1217    1217.000s     2.122e-01     2.157e-01    3.473e-03
 1218    1218.000s     2.118e-01     2.154e-01    3.539e-03
 1219    1219.000s     2.115e-01     2.150e-01    3.545e-03
 1220    1220.000s     2.112e-01     2.147e-01    3.495e-03
 1221    1221.000s     2.110e-01     2.144e-01    3.403e-03
 1222    1222.000s     2.108e-01     2.141e-01    3.285e-03
 1223    1223.000s     2.106e-01     2.137e-01    3.157e-03
 1224    1224.000s     2.104e-01     2.134e-01    3.031e-03
 1225    1225.000s     2.102e-01     2.131e-01    2.913e-03
 1226    1226.000s     2.099e-01     2.127e-01    2.806e-03
 1227    1227.000s     2.097e-01     2.124e-01    2.709e-03
 1228    1228.000s     2.095e-01     2.121e-01    2.623e-03
 1229    1229.000s     2.092e-01     2.118e-01    2.544e-03
 1230    1230.000s     2.090e-01     2.114e-01    2.468e-03
 1231    1231.000s     2.087e-01     2.111e-01    2.390e-03
 1232    1232.000s     2.085e-01     2.108e-01    2.302e-03
 1233    1233.000s     2.083e-01     2.105e-01    2.198e-03
 1234    1234.000s     2.081e-01     2.101e-01    2.073e-03
 1235    1235.000s     2.079e-01     2.098e-01    1.923e-03
 1236    1236.000s     2.078e-01     2.095e-01    1.750e-03
 1237    1237.000s     2.076e-01     2.092e-01    1.561e-03
 1238    1238.000s     2.075e-01     2.089e-01    1.365e-03
 1239    1239.000s     2.074e-01     2.085e-01    1.176e-03
 1240    1240.000s     2.072e-01     2.082e-01    1.003e-03
 1241    1241.000s     2.070e-01     2.079e-01    8.546e-04
 1242    1242.000s     2.069e-01     2.076e-01    7.319e-04
 1243    1243.000s     2.066e-01     2.073e-01    6.330e-04
 1244    1244.000s     2.064e-01     2.069e-01    5.542e-04
 1245    1245.000s     2.061e-01     2.066e-01    4.928e-04
 1246    1246.000s     2.059e-01     2.063e-01    4.491e-04
 1247    1247.000s     2.056e-01     2.060e-01    4.270e-04
 1248    1248.000s     2.052e-01     2.057e-01    4.318e-04
 1249    1249.000s     2.049e-01     2.054e-01    4.681e-04
 1250    1250.000s     2.045e-01     2.050e-01    5.370e-04
 1251    1251.000s     2.041e-01     2.047e-01    6.355e-04
 1252    1252.000s     2.037e-01     2.044e-01    7.563e-04
 1253    1253.000s     2.032e-01     2.041e-01    8.893e-04
 1254    1254.000s     2.028e-01     2.038e-01    1.023e-03
 1255    1255.000s     2.023e-01     2.035e-01    1.146e-03
 1256    1256.000s     2.019e-01     2.032e-01    1.251e-03
 1257    1257.000s     2.015e-01     2.028e-01    1.333e-03
 1258    1258.000s     2.011e-01     2.025e-01    1.394e-03
 1259    1259.000s     2.008e-01     2.022e-01    1.440e-03
 1260    1260.000s     2.004e-01     2.019e-01    1.480e-03
 1261    1261.000s     2.001e-01     2.016e-01    1.525e-03
 1262    1262.000s     1.997e-01     2.013e-01    1.580e-03
 1263    1263.000s     1.993e-01     2.010e-01    1.649e-03
 1264    1264.000s     1.989e-01     2.007e-01    1.728e-03
 1265    1265.000s     1.985e-01     2.004e-01    1.812e-03
 1266    1266.000s     1.982e-01     2.000e-01    1.892e-03
 1267    1267.000s     1.978e-01     1.997e-01    1.960e-03
 1268    1268.000s     1.974e-01     1.994e-01    2.008e-03
 1269    1269.000s     1.971e-01     1.991e-01    2.032e-03
 1270    1270.000s     1.968e-01     1.988e-01    2.032e-03
 1271    1271.000s     1.965e-01     1.985e-01    2.005e-03
 1272    1272.000s     1.963e-01     1.982e-01    1.951e-03
 1273    1273.000s     1.960e-01     1.979e-01    1.869e-03
 1274    1274.000s     1.958e-01     1.976e-01    1.755e-03
 1275    1275.000s     1.957e-01     1.973e-01    1.609e-03
 1276    1276.000s     1.955e-01     1.970e-01    1.433e-03
 1277    1277.000s     1.954e-01     1.967e-01    1.233e-03
 1278    1278.000s     1.954e-01     1.964e-01    1.020e-03
 1279    1279.000s     1.953e-01     1.961e-01    8.085e-04
 1280    1280.000s     1.952e-01     1.958e-01    6.128e-04
 1281    1281.000s     1.950e-01     1.955e-01    4.434e-04
 1282    1282.000s     1.949e-01     1.952e-01    3.047e-04
 1283    1283.000s     1.947e-01     1.949e-01    1.953e-04
 1284    1284.000s     1.944e-01     1.946e-01    1.105e-04
 1285    1285.000s     1.942e-01     1.943e-01    4.581e-05
 1286    1286.000s     1.940e-01     1.940e-01   -8.571e-07
 1287    1287.000s     1.937e-01     1.937e-01   -2.827e-05
 1288    1288.000s     1.934e-01     1.934e-01   -3.313e-05
 1289    1289.000s     1.931e-01     1.931e-01   -1.181e-05
 1290    1290.000s     1.927e-01     1.928e-01    3.827e-05
 1291    1291.000s     1.923e-01     1.925e-01    1.182e-04
 1292    1292.000s     1.919e-01     1.922e-01    2.279e-04
 1293    1293.000s     1.915e-01     1.919e-01    3.661e-04
 1294    1294.000s     1.910e-01     1.916e-01    5.307e-04
 1295    1295.000s     1.906e-01     1.913e-01    7.186e-04
 1296    1296.000s     1.901e-01     1.910e-01    9.257e-04
 1297    1297.000s     1.895e-01     1.907e-01    1.147e-03
 1298    1298.000s     1.890e-01     1.904e-01    1.377e-03
 1299    1299.000s     1.885e-01     1.901e-01    1.612e-03
 1300    1300.000s     1.880e-01     1.898e-01    1.845e-03
 1301    1301.000s     1.874e-01     1.895e-01    2.072e-03
 1302    1302.000s     1.869e-01     1.892e-01    2.285e-03
 1303    1303.000s     1.864e-01     1.889e-01    2.477e-03
 1304    1304.000s     1.860e-01     1.886e-01    2.642e-03
 1305    1305.000s     1.856e-01     1.883e-01    2.777e-03
 1306    1306.000s     1.852e-01     1.880e-01    2.883e-03
 1307    1307.000s     1.848e-01     1.877e-01    2.961e-03
 1308    1308.000s     1.844e-01     1.875e-01    3.014e-03
 1309    1309.000s     1.841e-01     1.872e-01    3.047e-03
 1310    1310.000s     1.838e-01     1.869e-01    3.062e-03
 1311    1311.000s     1.835e-01     1.866e-01    3.059e-03
 1312    1312.000s     1.833e-01     1.863e-01    3.036e-03
 1313    1313.000s     1.830e-01     1.860e-01    2.993e-03
 1314    1314.000s     1.828e-01     1.857e-01    2.925e-03
 1315    1315.000s     1.826e-01     1.854e-01    2.834e-03
 1316    1316.000s     1.824e-01     1.851e-01    2.724e-03
 1317    1317.000s     1.822e-01     1.848e-01    2.605e-03
 1318    1318.000s     1.821e-01     1.846e-01    2.487e-03
 1319    1319.000s     1.819e-01     1.843e-01    2.378e-03
 1320    1320.000s     1.817e-01     1.840e-01    2.278e-03
 1321    1321.000s     1.815e-01     1.837e-01    2.182e-03
 1322    1322.000s     1.813e-01     1.834e-01    2.083e-03
 1323    1323.000s     1.812e-01     1.831e-01    1.973e-03
 1324    1324.000s     1.810e-01     1.828e-01    1.848e-03
 1325    1325.000s     1.809e-01     1.826e-01    1.707e-03
 1326    1326.000s     1.807e-01     1.823e-01    1.549e-03
 1327    1327.000s     1.806e-01     1.820e-01    1.379e-03
 1328    1328.000s     1.805e-01     1.817e-01    1.199e-03
 1329    1329.000s     1.804e-01     1.814e-01    1.011e-03
 1330    1330.000s     1.803e-01     1.811e-01    8.166e-04
 1331    1331.000s     1.802e-01     1.809e-01    6.151e-04
 1332    1332.000s     1.802e-01     1.806e-01    4.072e-04
 1333    1333.000s     1.801e-01     1.803e-01    1.961e-04
 1334    1334.000s     1.800e-01     1.800e-01   -1.052e-05
 1335    1335.000s     1.799e-01     1.797e-01   -2.010e-04
 1336    1336.000s     1.798e-01     1.795e-01   -3.618e-04
 1337    1337.000s     1.797e-01     1.792e-01   -4.807e-04
 1338    1338.000s     1.795e-01     1.789e-01   -5.492e-04
 1339    1339.000s     1.792e-01     1.786e-01   -5.653e-04
 1340    1340.000s     1.789e-01     1.783e-01   -5.332e-04
 1341    1341.000s     1.785e-01     1.781e-01   -4.627e-04
 1342    1342.000s     1.782e-01     1.778e-01   -3.653e-04
 1343    1343.000s     1.778e-01     1.775e-01   -2.505e-04
 1344    1344.000s     1.774e-01     1.772e-01   -1.231e-04
 1345    1345.000s     1.769e-01     1.770e-01    1.696e-05
 1346    1346.000s     1.765e-01     1.767e-01    1.716e-04
 1347    1347.000s     1.761e-01     1.764e-01    3.412e-04
 1348    1348.000s     1.756e-01     1.761e-01    5.220e-04
 1349    1349.000s     1.751e-01     1.759e-01    7.054e-04
 1350    1350.000s     1.747e-01     1.756e-01    8.796e-04
 1351    1351.000s     1.743e-01     1.753e-01    1.033e-03
 1352    1352.000s     1.739e-01     1.750e-01    1.154e-03
 1353    1353.000s     1.735e-01     1.748e-01    1.238e-03
 1354    1354.000s     1.732e-01     1.745e-01    1.282e-03
 1355    1355.000s     1.729e-01     1.742e-01    1.285e-03
 1356    1356.000s     1.727e-01     1.739e-01    1.253e-03
 1357    1357.000s     1.725e-01     1.737e-01    1.189e-03
 1358    1358.000s     1.723e-01     1.734e-01    1.100e-03
 1359    1359.000s     1.721e-01     1.731e-01    9.930e-04
 1360    1360.000s     1.720e-01     1.729e-01    8.776e-04
 1361    1361.000s     1.718e-01     1.726e-01    7.628e-04
 1362    1362.000s     1.717e-01     1.723e-01    6.578e-04
 1363    1363.000s     1.715e-01     1.720e-01    5.698e-04
 1364    1364.000s     1.713e-01     1.718e-01    5.036e-04
 1365    1365.000s     1.710e-01     1.715e-01    4.623e-04
 1366    1366.000s     1.708e-01     1.712e-01    4.478e-04
 1367    1367.000s     1.705e-01     1.710e-01    4.612e-04
 1368    1368.000s     1.702e-01     1.707e-01    5.018e-04
 1369    1369.000s     1.699e-01     1.704e-01    5.664e-04
 1370    1370.000s     1.695e-01     1.702e-01    6.480e-04
 1371    1371.000s     1.692e-01     1.699e-01    7.377e-04
 1372    1372.000s     1.688e-01     1.696e-01    8.261e-04
 1373    1373.000s     1.685e-01     1.694e-01    9.068e-04
 1374    1374.000s     1.681e-01     1.691e-01    9.771e-04

============================================================

