SIMFIT 1
1   389278185
2   388950379
3   388619115
4   388284936
5   387949811
6   387616670
7   387288747
8   386968929
9   386659170
10   386360031
11   386070395
12   385787512
13   385507478
14   385226069
15   384939577
16   384645298
17   384341514
18   384027195
19   383701764
20   383365120
21   383017817
22   382661154
23   382297056
24   381927882
25   381556333
26   381185431
27   380818313
28   380457613
29   380104637
30   379758816
31   379417861
32   379078638
33   378738326
34   378395349
35   378049640
36   377702164
37   377353925
38   377005012
39   376654226
40   376299508
41   375938949
42   375571871
43   375199569
44   374825449
45   374454488
46   374092156
47   373743117
48   373410217
49   373094061
50   372793153
51   372504285
52   372222953
53   371943810
54   371661320
55   371370557
56   371067877
57   370751134
58   370419438
59   370072733
60   369711617
61   369337535
62   368953095
63   368562055
64   368168708
65   367776818
66   367388633
67   367004517
68   366623379
69   366243615
70   365864056
71   365484526
72   365105934
73   364730027
74   364358995
75   363995043
76   363639948
77   363294650
78   362958984
79   362631748
80   362311229
81   361996010
82   361685583
83   361380316
84   361080776
85   360786904
86   360497650
87   360211286
88   359926064
89   359640730
90   359354607
91   359067356
92   358778666
93   358488046
94   358194759
95   357897813
96   357596033
97   357288285
98   356973899
99   356653112
100   356327292
101   355998751
102   355670288
103   355344748
104   355024766
105   354712574
106   354409659
107   354116243
108   353830890
109   353550611
110   353271613
111   352990406
112   352704708
113   352413660
114   352117340
115   351816012
116   351509664
117   351198074
118   350881111
119   350558856
120   350231385
121   349898511
122   349559832
123   349215111
124   348864636
125   348509228
126   348149917
127   347787557
128   347422677
129   347055573
130   346686472
131   346315612
132   345943217
133   345569417
134   345194179
135   344817389
136   344439152
137   344060256
138   343682547
139   343308896
140   342942646
141   342586738
142   342242912
143   341911337
144   341590769
145   341279116
146   340974110
147   340673794
148   340376667
149   340081570
150   339787509
151   339493642
152   339199431
153   338904834
154   338610343
155   338316817
156   338025199
157   337736202
158   337450037
159   337166178
160   336883195
161   336598769
162   336309980
163   336013916
164   335708454
165   335392930
166   335068348
167   334736937
168   334401242
169   334063248
170   333724047
171   333384155
172   333044128
173   332704958
174   332368032
175   332034745
176   331706067
177   331382224
178   331062572
179   330745693
180   330429705
181   330112701
182   329793154
183   329470101
184   329143049
185   328811657
186   328475397
187   328133362
188   327784328
189   327426991
190   327060268
191   326683566
192   326297027
193   325901725
194   325499759
195   325094161
196   324688590
197   324286912
198   323892777
199   323509320
200   323139031
201   322783724
202   322444451
203   322121254
204   321812867
205   321516609
206   321228728
207   320945203
208   320662778
209   320379861
210   320096908
211   319816056
212   319540053
213   319270943
214   319009136
215   318753321
216   318501130
217   318250030
218   317997835
219   317742618
220   317482261
221   317214113
222   316935068
223   316642067
224   316332787
225   316006264
226   315663314
227   315306686
228   314940879
229   314571584
230   314204800
231   313845815
232   313498341
233   313164006
234   312842320
235   312531106
236   312227297
237   311927894
238   311630770
239   311335029
240   311040817
241   310748787
242   310459594
243   310173747
244   309891799
245   309614599
246   309343248
247   309078664
248   308820924
249   308568745
250   308319371
251   308068924
252   307813033
253   307547514
254   307268932
255   306975028
256   306664967
257   306339311
258   305999624
259   305647849
260   305285824
261   304915206
262   304537729
263   304155418
264   303770432
265   303384572
266   302998764
267   302612855
268   302225801
269   301836133
270   301442496
271   301044134
272   300641316
273   300235669
274   299830304
275   299429483
276   299037751
277   298658735
278   298294106
279   297943193
280   297603430
281   297271390
282   296943945
283   296619062
284   296296052
285   295975405
286   295658468
287   295347075
288   295043064
289   294747667
290   294461028
291   294182125
292   293909150
293   293640008
294   293372564
295   293104589
296   292833616
297   292556984
298   292272141
299   291977129
300   291671030
301   291354133
302   291027677
303   290693342
304   290352841
305   290007941
306   289660864
307   289314713
308   288973471
309   288641398
310   288322015
311   288017179
312   287726763
313   287449057
314   287181477
315   286921018
316   286664231
317   286407075
318   286145086
319   285874021
320   285590671
321   285293466
322   284982665
323   284660087
324   284328502
325   283990817
326   283649312
327   283305095
328   282957869
329   282606047
330   282247271
331   281879304
332   281500970
333   281112738
334   280716663
335   280315832
336   279913612
337   279512974
338   279115990
339   278723622
340   278335921
341   277952581
342   277573577
343   277199597
344   276832186
345   276473721
346   276127279
347   275796230
348   275483419
349   275190120
350   274915300
351   274655685
352   274406651
353   274163434
354   273922055
355   273679653
356   273434324
357   273184773
358   272930012
359   272669246
360   272402030
361   272128621
362   271850243
363   271568849
364   271286331
365   271003594
366   270720176
367   270434692
368   270145745
369   269852604
370   269555260
371   269253979
372   268948820
373   268639486
374   268325598
375   268007308
376   267685970
377   267364549
378   267047448
379   266739670
380   266445595
381   266167859
382   265906721
383   265660029
384   265423629
385   265192016
386   264959145
387   264719363
388   264468358
389   264203852
390   263925778
391   263635876
392   263336985
393   263032413
394   262725655
395   262420348
396   262120146
397   261828232
398   261546482
399   261274599
400   261009695
401   260746646
402   260479163
403   260201186
404   259908121
405   259597657
406   259270137
407   258928503
408   258577729
409   258223689
410   257871698
411   257525298
412   257185871
413   256853252
414   256526927
415   256207009
416   255894380
417   255589977
418   255293812
419   255004442
420   254719181
421   254434805
422   254148314
423   253857453
424   253560965
425   253258626
426   252951100
427   252639726
428   252326332
429   252013029
430   251701779
431   251393694
432   251088411
433   250784030
434   250477797
435   250167146
436   249850549
437   249527836
438   249200089
439   248869295
440   248537937
441   248208590
442   247883522
443   247564305
444   247251411
445   246943901
446   246639440
447   246334826
448   246026936
449   245713750
450   245395056
451   245072580
452   244749567
453   244429973
454   244117520
455   243814870
456   243523101
457   243241618
458   242968482
459   242701033
460   242436560
461   242172751
462   241907825
463   241640442
464   241369567
465   241094412
466   240814416
467   240529249
468   240238801
469   239943229
470   239643001
471   239338930
472   239032125
473   238723884
474   238415547
475   238108433
476   237803891
477   237503462
478   237208964
479   236922296
480   236644914
481   236377230
482   236118283
483   235865891
484   235617162
485   235369021
486   235118492
487   234862727
488   234599040
489   234325222
490   234040151
491   233744414
492   233440526
493   233132506
494   232824948
495   232522008
496   232226693
497   231940645
498   231664274
499   231396985
500   231137313
501   230882937
502   230630677
503   230376636
504   230116612
505   229846780
506   229564573
507   229269491
508   228963473
509   228650526
510   228335589
511   228023034
512   227715471
513   227413401
514   227115814
515   226821288
516   226528947
517   226238855
518   225951780
519   225668616
520   225389798
521   225114981
522   224843028
523   224572213
524   224300466
525   224025574
526   223745362
527   223457983
528   223162387
529   222858881
530   222549610
531   222238691
532   221931821
533   221635291
534   221354603
535   221093118
536   220851224
537   220626285
538   220413349
539   220206315
540   219999228
541   219787419
542   219568249
543   219341355
544   219108356
545   218872153
546   218635993
547   218402542
548   218173117
549   217947218
550   217722454
551   217494914
552   217260015
553   217013568
554   216752675
555   216476126
556   216184315
557   215878984
558   215563034
559   215240295
560   214915043
561   214591322
562   214272394
563   213960595
564   213657462
565   213363780
566   213079346
567   212802640
568   212530727
569   212259560
570   211984615
571   211701647
572   211407371
573   211099929
574   210779095
575   210446233
576   210104057
577   209756256
578   209407052
579   209060821
580   208721826
581   208394025
582   208080774
583   207784331
584   207505276
585   207242133
586   206991534
587   206748969
588   206509900
589   206270795
590   206029716
591   205786376
592   205541749
593   205297440
594   205054896
595   204814612
596   204575633
597   204335670
598   204091954
599   203842453
600   203586866
601   203326901
602   203065818
603   202807553
604   202555869
605   202313824
606   202083552
607   201866132
608   201661287
609   201466932
610   201278952
611   201091691
612   200899262
613   200697200
614   200483657
615   200259545
616   200027648
617   199791184
618   199552487
619   199312320
620   199069991
621   198824103
622   198573485
623   198317812
624   198057622
625   197793825
626   197527096
627   197257532
628   196984740
629   196708244
630   196427956
631   196144451
632   195858918
633   195572843
634   195287663
635   195004626
636   194724957
637   194450086
638   194181653
639   193921152
640   193669451
641   193426542
642   193191648
643   192963469
644   192740251
645   192519558
646   192297978
647   192071125
648   191834192
649   191583075
650   191315715
651   191033150
652   190739737
653   190442299
654   190148457
655   189864812
656   189595709
657   189342958
658   189106259
659   188883734
660   188672060
661   188466270
662   188259759
663   188045011
664   187815095
665   187565388
666   187294769
667   187005710
668   186703196
669   186392935
670   186079643
671   185766151
672   185453546
673   185141916
674   184831066
675   184520837
676   184211150
677   183902072
678   183593942
679   183287463
680   182983628
681   182683568
682   182388428
683   182099343
684   181817462
685   181544031
686   181280460
687   181028309
688   180789123
689   180564086
690   180353547
691   180156506
692   179970218
693   179790238
694   179611163
695   179428016
696   179237764
697   179040262
698   178838229
699   178636307
700   178439661
701   178252578
702   178077359
703   177913643
704   177758251
705   177605589
706   177448580
707   177279933
708   177093487
709   176885324
710   176654436
711   176402820
712   176134988
713   175856983
714   175575142
715   175294943
716   175020240
717   174753046
718   174493843
719   174242220
720   173997550
721   173759419
722   173527632
723   173301863
724   173081169
725   172863676
726   172646608
727   172426675
728   172200661
729   171966073
730   171721633
731   171467515
732   171205211
733   170937140
734   170666176
735   170395319
736   170127506
737   169865371
738   169610790
739   169364347
740   169125095
741   168890868
742   168658994
743   168426982
744   168192876
745   167955284
746   167713315
747   167466538
748   167214941
749   166958853
750   166698809
751   166435404
752   166169198
753   165900709
754   165630559
755   165359717
756   165089653
757   164822169
758   164558876
759   164300552
760   164046734
761   163795757
762   163545189
763   163292474
764   163035638
765   162773997
766   162508781
767   162243417
768   161983098
769   161733462
770   161498722
771   161280061
772   161075109
773   160878753
774   160684869
775   160488127
776   160285237
777   160075386
778   159859960
779   159641696
780   159423473
781   159207116
782   158992707
783   158778779
784   158563263
785   158344642
786   158122670
787   157898376
788   157673478
789   157449580
790   157227506
791   157007028
792   156787083
793   156566374
794   156344097
795   156120418
796   155896447
797   155673721
798   155453454
799   155235945
800   155020448
801   154805530
802   154589695
803   154371947
804   154152112
805   153930898
806   153709790
807   153490799
808   153276063
809   153067279
810   152865086
811   152668635
812   152475607
813   152282800
814   152087168
815   151886949
816   151682410
817   151475860
818   151270854
819   151070881
820   150878079
821   150692520
822   150512370
823   150334780
824   150157105
825   149977977
826   149797853
827   149618847
828   149443818
829   149275023
830   149112883
831   148955461
832   148798937
833   148638834
834   148471416
835   148294653
836   148108445
837   147914206
838   147714105
839   147510310
840   147304370
841   147096814
842   146887051
843   146673705
844   146455363
845   146231431
846   146002756
847   145771778
848   145542319
849   145319192
850   145107721
851   144913097
852   144739481
853   144588908
854   144460302
855   144349039
856   144247448
857   144146237
858   144036351
859   143910529
860   143764061
861   143594725
862   143402251
863   143187660
864   142952667
865   142699236
866   142429386
867   142145305
868   141849713
869   141546224
870   141239389
871   140934262
872   140635569
873   140346808
874   140069629
875   139803712
876   139547170
877   139297362
878   139051895
879   138809452
880   138570126
881   138335093
882   138105857
883   137883483
884   137668190
885   137459333
886   137255655
887   137055628
888   136857801
889   136661083
890   136464848
891   136268850
892   136073147
893   135878258
894   135685532
895   135497396
896   135316993
897   135147115
898   134988806
899   134840375
900   134697380
901   134553657
902   134403013
903   134240959
904   134065919
905   133879523
906   133685915
907   133490363
908   133297724
909   133111318
910   132932416
911   132760243
912   132592317
913   132425101
914   132255001
915   132079489
916   131897941
917   131711818
918   131524208
919   131339035
920   131160208
921   130990824
922   130832543
923   130685303
924   130547483
925   130416368
926   130288660
927   130160919
928   130030066
929   129894034
930   129752323
931   129606131
932   129457906
933   129310580
934   129166846
935   129028666
936   128896986
937   128771575
938   128650996
939   128532701
940   128413222
941   128288391
942   128153553
943   128003844
944   127834632
945   127642216
946   127424736
947   127183031
948   126920989
949   126645075
950   126363056
951   126082372
952   125808701
953   125545177
954   125292398
955   125049136
956   124813466
957   124583868
958   124359853
959   124141843
960   123930428
961   123725428
962   123525254
963   123326880
964   123126438
965   122920239
966   122705923
967   122483376
968   122255060
969   122025497
970   121799908
971   121582455
972   121374784
973   121175546
974   120981061
975   120786661
976   120587978
977   120381618
978   120165221
979   119937298
980   119697229
981   119445510
982   119184097
983   118916578
984   118648020
985   118384447
986   118131997
987   117895926
988   117679677
989   117484277
990   117308231
991   117147919
992   116998368
993   116854161
994   116710322
995   116563069
996   116410361
997   116252041
998   116089459
999   115924594
1000   115759036
1001   115593259
1002   115426469
1003   115257002
1004   115082999
1005   114903038
1006   114716502
1007   114523613
1008   114325221
1009   114122571
1010   113917195
1011   113711017
1012   113506526
1013   113306861
1014   113115636
1015   112936462
1016   112772271
1017   112624649
1018   112493375
1019   112376251
1020   112269230
1021   112166879
1022   112063222
1023   111952821
1024   111831764
1025   111698167
1026   111552041
1027   111394703
1028   111228026
1029   111053833
1030   110873628
1031   110688722
1032   110500613
1033   110311263
1034   110123023
1035   109938192
1036   109758510
1037   109584844
1038   109417128
1039   109254499
1040   109095597
1041   108939079
1042   108784241
1043   108631470
1044   108482180
1045   108338150
1046   108200555
1047   108069225
1048   107942530
1049   107817933
1050   107692774
1051   107564813
1052   107432357
1053   107294187
1054   107149610
1055   106998640
1056   106842021
1057   106680896
1058   106516259
1059   106348581
1060   106177852
1061   106003906
1062   105826712
1063   105646440
1064   105463389
1065   105277897
1066   105090301
1067   104900897
1068   104709923
1069   104517666
1070   104324717
1071   104132198
1072   103941706
1073   103754916
1074   103573058
1075   103396596
1076   103225232
1077   103058132
1078   102894234
1079   102732575
1080   102572627
1081   102414515
1082   102258893
1083   102106444
1084   101957242
1085   101810425
1086   101664406
1087   101517490
1088   101368571
1089   101217552
1090   101065411
1091   100913948
1092   100765383
1093   100621892
1094   100485206
1095   100356293
1096   100235191
1097   100121016
1098   100012142
1099   99906529
1100   99802055
1101   99696799
1102   99589212
1103   99478237
1104   99363357
1105   99244577
1106   99122298
1107   98997088
1108   98869377
1109   98739099
1110   98605348
1111   98466218
1112   98319038
1113   98161061
1114   97990360
1115   97806465
1116   97610402
1117   97404202
1118   97190341
1119   96971524
1120   96750827
1121   96531856
1122   96318524
1123   96114435
1124   95922182
1125   95742963
1126   95576696
1127   95422517
1128   95279388
1129   95146500
1130   95023217
1131   94908582
1132   94800642
1133   94696059
1134   94590312
1135   94478466
1136   94356162
1137   94220479
1138   94070473
1139   93907317
1140   93734035
1141   93554850
1142   93374353
1143   93196798
1144   93025776
1145   92864214
1146   92714459
1147   92578231
1148   92456400
1149   92348696
1150   92253483
1151   92167690
1152   92086970
1153   92006065
1154   91919308
1155   91821210
1156   91707205
1157   91574535
1158   91423016
1159   91255218
1160   91075777
1161   90890022
1162   90702530
1163   90516170
1164   90331904
1165   90149266
1166   89967265
1167   89785350
1168   89604058
1169   89425129
1170   89251116
1171   89084718
1172   88928101
1173   88782375
1174   88647388
1175   88521914
1176   88404155
1177   88292292
1178   88184820
1179   88080598
1180   87978770
1181   87878687
1182   87779843
1183   87681772
1184   87583886
1185   87485310
1186   87384832
1187   87281039
1188   87172649
1189   87058868
1190   86939514
1191   86814765
1192   86684697
1193   86548925
1194   86406647
1195   86257057
1196   86099853
1197   85935548
1198   85765431
1199   85591312
1200   85415269
1201   85239563
1202   85066659
1203   84899141
1204   84739358
1205   84588784
1206   84447289
1207   84312631
1208   84180458
1209   84045001
1210   83900340
1211   83741903
1212   83567760
1213   83379388
1214   83181734
1215   82982502
1216   82790720
1217   82614798
1218   82460614
1219   82330204
1220   82221537
1221   82129465
1222   82047469
1223   81969492
1224   81891134
1225   81809884
1226   81724673
1227   81635303
1228   81542181
1229   81446333
1230   81349440
1231   81253752
1232   81161860
1233   81076379
1234   80999481
1235   80932279
1236   80874223
1237   80822827
1238   80773991
1239   80722939
1240   80665434
1241   80598782
1242   80522223
1243   80436569
1244   80343279
1245   80243386
1246   80136733
1247   80021878
1248   79896713
1249   79759480
1250   79609694
1251   79448573
1252   79278931
1253   79104711
1254   78930379
1255   78760210
1256   78597503
1257   78443829
1258   78298619
1259   78159340
1260   78022308
1261   77883840
1262   77741319
1263   77593828
1264   77442287
1265   77289149
1266   77137748
1267   76991443
1268   76852855
1269   76723535
1270   76604170
1271   76495096
1272   76396746
1273   76309816
1274   76235098
1275   76173020
1276   76122931
1277   76082415
1278   76047110
1279   76011361
1280   75969590
1281   75917740
1282   75854118
1283   75779262
1284   75694977
1285   75603045
1286   75504249
1287   75398121
1288   75283375
1289   75158602
1290   75022795
1291   74875516
1292   74716836
1293   74547219
1294   74367483
1295   74178837
1296   73982888
1297   73781542
1298   73576809
1299   73370661
1300   73165106
1301   72962414
1302   72765230
1303   72576299
1304   72397892
1305   72231253
1306   72076430
1307   71932525
1308   71798195
1309   71672134
1310   71553419
1311   71441762
1312   71337625
1313   71242036
1314   71155924
1315   71079125
1316   71009660
1317   70943925
1318   70877916
1319   70808872
1320   70736369
1321   70662257
1322   70589583
1323   70521233
1324   70459011
1325   70403436
1326   70354049
1327   70309851
1328   70269713
1329   70232740
1330   70198554
1331   70167194
1332   70138497
1333   70111186
1334   70082279
1335   70047235
1336   70000811
1337   69938210
1338   69856191
1339   69753870
1340   69632967
1341   69497253
1342   69351236
1343   69198604
1344   69041198
1345   68879039
1346   68711351
1347   68537974
1348   68360409
1349   68182002
1350   68007301
1351   67841003
1352   67687020
1353   67547911
1354   67424732
1355   67317182
1356   67223939
1357   67143025
1358   67072005
1359   67007977
1360   66947536
1361   66886977
1362   66822780
1363   66752124
1364   66673104
1365   66584551
1366   66485719
1367   66376191
1368   66256184
1369   66127026
1370   65991358
1371   65852734
1372   65714707
1373   65579850
1374   65449214
