4123
1 0 0
0 0 1
1 3.89278e+08 0
2 0 0
0 0 1
1 3.8895e+08 0
3 0 0
0 0 1
1 3.88619e+08 0
4 0 0
0 0 1
1 3.88285e+08 0
5 0 0
0 0 1
1 3.8795e+08 0
6 0 0
0 0 1
1 3.87617e+08 0
7 0 0
0 0 1
1 3.87289e+08 0
8 0 0
0 0 1
1 3.86969e+08 0
9 0 0
0 0 1
1 3.86659e+08 0
10 0 0
0 0 1
1 3.8636e+08 0
11 0 0
0 0 1
1 3.8607e+08 0
12 0 0
0 0 1
1 3.85788e+08 0
13 0 0
0 0 1
1 3.85507e+08 0
14 0 0
0 0 1
1 3.85226e+08 0
15 0 0
0 0 1
1 3.8494e+08 0
16 0 0
0 0 1
1 3.84645e+08 0
17 0 0
0 0 1
1 3.84342e+08 0
18 0 0
0 0 1
1 3.84027e+08 0
19 0 0
0 0 1
1 3.83702e+08 0
20 0 0
0 0 1
1 3.83365e+08 0
21 0 0
0 0 1
1 3.83018e+08 0
22 0 0
0 0 1
1 3.82661e+08 0
23 0 0
0 0 1
1 3.82297e+08 0
24 0 0
0 0 1
1 3.81928e+08 0
25 0 0
0 0 1
1 3.81556e+08 0
26 0 0
0 0 1
1 3.81185e+08 0
27 0 0
0 0 1
1 3.80818e+08 0
28 0 0
0 0 1
1 3.80458e+08 0
29 0 0
0 0 1
1 3.80105e+08 0
30 0 0
0 0 1
1 3.79759e+08 0
31 0 0
0 0 1
1 3.79418e+08 0
32 0 0
0 0 1
1 3.79079e+08 0
33 0 0
0 0 1
1 3.78738e+08 0
34 0 0
0 0 1
1 3.78395e+08 0
35 0 0
0 0 1
1 3.7805e+08 0
36 0 0
0 0 1
1 3.77702e+08 0
37 0 0
0 0 1
1 3.77354e+08 0
38 0 0
0 0 1
1 3.77005e+08 0
39 0 0
0 0 1
1 3.76654e+08 0
40 0 0
0 0 1
1 3.763e+08 0
41 0 0
0 0 1
1 3.75939e+08 0
42 0 0
0 0 1
1 3.75572e+08 0
43 0 0
0 0 1
1 3.752e+08 0
44 0 0
0 0 1
1 3.74825e+08 0
45 0 0
0 0 1
1 3.74454e+08 0
46 0 0
0 0 1
1 3.74092e+08 0
47 0 0
0 0 1
1 3.73743e+08 0
48 0 0
0 0 1
1 3.7341e+08 0
49 0 0
0 0 1
1 3.73094e+08 0
50 0 0
0 0 1
1 3.72793e+08 0
51 0 0
0 0 1
1 3.72504e+08 0
52 0 0
0 0 1
1 3.72223e+08 0
53 0 0
0 0 1
1 3.71944e+08 0
54 0 0
0 0 1
1 3.71661e+08 0
55 0 0
0 0 1
1 3.71371e+08 0
56 0 0
0 0 1
1 3.71068e+08 0
57 0 0
0 0 1
1 3.70751e+08 0
58 0 0
0 0 1
1 3.70419e+08 0
59 0 0
0 0 1
1 3.70073e+08 0
60 0 0
0 0 1
1 3.69712e+08 0
61 0 0
0 0 1
1 3.69338e+08 0
62 0 0
0 0 1
1 3.68953e+08 0
63 0 0
0 0 1
1 3.68562e+08 0
64 0 0
0 0 1
1 3.68169e+08 0
65 0 0
0 0 1
1 3.67777e+08 0
66 0 0
0 0 1
1 3.67389e+08 0
67 0 0
0 0 1
1 3.67005e+08 0
68 0 0
0 0 1
1 3.66623e+08 0
69 0 0
0 0 1
1 3.66244e+08 0
70 0 0
0 0 1
1 3.65864e+08 0
71 0 0
0 0 1
1 3.65485e+08 0
72 0 0
0 0 1
1 3.65106e+08 0
73 0 0
0 0 1
1 3.6473e+08 0
74 0 0
0 0 1
1 3.64359e+08 0
75 0 0
0 0 1
1 3.63995e+08 0
76 0 0
0 0 1
1 3.6364e+08 0
77 0 0
0 0 1
1 3.63295e+08 0
78 0 0
0 0 1
1 3.62959e+08 0
79 0 0
0 0 1
1 3.62632e+08 0
80 0 0
0 0 1
1 3.62311e+08 0
81 0 0
0 0 1
1 3.61996e+08 0
82 0 0
0 0 1
1 3.61686e+08 0
83 0 0
0 0 1
1 3.6138e+08 0
84 0 0
0 0 1
1 3.61081e+08 0
85 0 0
0 0 1
1 3.60787e+08 0
86 0 0
0 0 1
1 3.60498e+08 0
87 0 0
0 0 1
1 3.60211e+08 0
88 0 0
0 0 1
1 3.59926e+08 0
89 0 0
0 0 1
1 3.59641e+08 0
90 0 0
0 0 1
1 3.59355e+08 0
91 0 0
0 0 1
1 3.59067e+08 0
92 0 0
0 0 1
1 3.58779e+08 0
93 0 0
0 0 1
1 3.58488e+08 0
94 0 0
0 0 1
1 3.58195e+08 0
95 0 0
0 0 1
1 3.57898e+08 0
96 0 0
0 0 1
1 3.57596e+08 0
97 0 0
0 0 1
1 3.57288e+08 0
98 0 0
0 0 1
1 3.56974e+08 0
99 0 0
0 0 1
1 3.56653e+08 0
100 0 0
0 0 1
1 3.56327e+08 0
101 0 0
0 0 1
1 3.55999e+08 0
102 0 0
0 0 1
1 3.5567e+08 0
103 0 0
0 0 1
1 3.55345e+08 0
104 0 0
0 0 1
1 3.55025e+08 0
105 0 0
0 0 1
1 3.54713e+08 0
106 0 0
0 0 1
1 3.5441e+08 0
107 0 0
0 0 1
1 3.54116e+08 0
108 0 0
0 0 1
1 3.53831e+08 0
109 0 0
0 0 1
1 3.53551e+08 0
110 0 0
0 0 1
1 3.53272e+08 0
111 0 0
0 0 1
1 3.5299e+08 0
112 0 0
0 0 1
1 3.52705e+08 0
113 0 0
0 0 1
1 3.52414e+08 0
114 0 0
0 0 1
1 3.52117e+08 0
115 0 0
0 0 1
1 3.51816e+08 0
116 0 0
0 0 1
1 3.5151e+08 0
117 0 0
0 0 1
1 3.51198e+08 0
118 0 0
0 0 1
1 3.50881e+08 0
119 0 0
0 0 1
1 3.50559e+08 0
120 0 0
0 0 1
1 3.50231e+08 0
121 0 0
0 0 1
1 3.49898e+08 0
122 0 0
0 0 1
1 3.4956e+08 0
123 0 0
0 0 1
1 3.49215e+08 0
124 0 0
0 0 1
1 3.48865e+08 0
125 0 0
0 0 1
1 3.48509e+08 0
126 0 0
0 0 1
1 3.4815e+08 0
127 0 0
0 0 1
1 3.47788e+08 0
128 0 0
0 0 1
1 3.47423e+08 0
129 0 0
0 0 1
1 3.47056e+08 0
130 0 0
0 0 1
1 3.46686e+08 0
131 0 0
0 0 1
1 3.46316e+08 0
132 0 0
0 0 1
1 3.45943e+08 0
133 0 0
0 0 1
1 3.45569e+08 0
134 0 0
0 0 1
1 3.45194e+08 0
135 0 0
0 0 1
1 3.44817e+08 0
136 0 0
0 0 1
1 3.44439e+08 0
137 0 0
0 0 1
1 3.4406e+08 0
138 0 0
0 0 1
1 3.43683e+08 0
139 0 0
0 0 1
1 3.43309e+08 0
140 0 0
0 0 1
1 3.42943e+08 0
141 0 0
0 0 1
1 3.42587e+08 0
142 0 0
0 0 1
1 3.42243e+08 0
143 0 0
0 0 1
1 3.41911e+08 0
144 0 0
0 0 1
1 3.41591e+08 0
145 0 0
0 0 1
1 3.41279e+08 0
146 0 0
0 0 1
1 3.40974e+08 0
147 0 0
0 0 1
1 3.40674e+08 0
148 0 0
0 0 1
1 3.40377e+08 0
149 0 0
0 0 1
1 3.40082e+08 0
150 0 0
0 0 1
1 3.39788e+08 0
151 0 0
0 0 1
1 3.39494e+08 0
152 0 0
0 0 1
1 3.39199e+08 0
153 0 0
0 0 1
1 3.38905e+08 0
154 0 0
0 0 1
1 3.3861e+08 0
155 0 0
0 0 1
1 3.38317e+08 0
156 0 0
0 0 1
1 3.38025e+08 0
157 0 0
0 0 1
1 3.37736e+08 0
158 0 0
0 0 1
1 3.3745e+08 0
159 0 0
0 0 1
1 3.37166e+08 0
160 0 0
0 0 1
1 3.36883e+08 0
161 0 0
0 0 1
1 3.36599e+08 0
162 0 0
0 0 1
1 3.3631e+08 0
163 0 0
0 0 1
1 3.36014e+08 0
164 0 0
0 0 1
1 3.35708e+08 0
165 0 0
0 0 1
1 3.35393e+08 0
166 0 0
0 0 1
1 3.35068e+08 0
167 0 0
0 0 1
1 3.34737e+08 0
168 0 0
0 0 1
1 3.34401e+08 0
169 0 0
0 0 1
1 3.34063e+08 0
170 0 0
0 0 1
1 3.33724e+08 0
171 0 0
0 0 1
1 3.33384e+08 0
172 0 0
0 0 1
1 3.33044e+08 0
173 0 0
0 0 1
1 3.32705e+08 0
174 0 0
0 0 1
1 3.32368e+08 0
175 0 0
0 0 1
1 3.32035e+08 0
176 0 0
0 0 1
1 3.31706e+08 0
177 0 0
0 0 1
1 3.31382e+08 0
178 0 0
0 0 1
1 3.31063e+08 0
179 0 0
0 0 1
1 3.30746e+08 0
180 0 0
0 0 1
1 3.3043e+08 0
181 0 0
0 0 1
1 3.30113e+08 0
182 0 0
0 0 1
1 3.29793e+08 0
183 0 0
0 0 1
1 3.2947e+08 0
184 0 0
0 0 1
1 3.29143e+08 0
185 0 0
0 0 1
1 3.28812e+08 0
186 0 0
0 0 1
1 3.28475e+08 0
187 0 0
0 0 1
1 3.28133e+08 0
188 0 0
0 0 1
1 3.27784e+08 0
189 0 0
0 0 1
1 3.27427e+08 0
190 0 0
0 0 1
1 3.2706e+08 0
191 0 0
0 0 1
1 3.26684e+08 0
192 0 0
0 0 1
1 3.26297e+08 0
193 0 0
0 0 1
1 3.25902e+08 0
194 0 0
0 0 1
1 3.255e+08 0
195 0 0
0 0 1
1 3.25094e+08 0
196 0 0
0 0 1
1 3.24689e+08 0
197 0 0
0 0 1
1 3.24287e+08 0
198 0 0
0 0 1
1 3.23893e+08 0
199 0 0
0 0 1
1 3.23509e+08 0
200 0 0
0 0 1
1 3.23139e+08 0
201 0 0
0 0 1
1 3.22784e+08 0
202 0 0
0 0 1
1 3.22444e+08 0
203 0 0
0 0 1
1 3.22121e+08 0
204 0 0
0 0 1
1 3.21813e+08 0
205 0 0
0 0 1
1 3.21517e+08 0
206 0 0
0 0 1
1 3.21229e+08 0
207 0 0
0 0 1
1 3.20945e+08 0
208 0 0
0 0 1
1 3.20663e+08 0
209 0 0
0 0 1
1 3.2038e+08 0
210 0 0
0 0 1
1 3.20097e+08 0
211 0 0
0 0 1
1 3.19816e+08 0
212 0 0
0 0 1
1 3.1954e+08 0
213 0 0
0 0 1
1 3.19271e+08 0
214 0 0
0 0 1
1 3.19009e+08 0
215 0 0
0 0 1
1 3.18753e+08 0
216 0 0
0 0 1
1 3.18501e+08 0
217 0 0
0 0 1
1 3.1825e+08 0
218 0 0
0 0 1
1 3.17998e+08 0
219 0 0
0 0 1
1 3.17743e+08 0
220 0 0
0 0 1
1 3.17482e+08 0
221 0 0
0 0 1
1 3.17214e+08 0
222 0 0
0 0 1
1 3.16935e+08 0
223 0 0
0 0 1
1 3.16642e+08 0
224 0 0
0 0 1
1 3.16333e+08 0
225 0 0
0 0 1
1 3.16006e+08 0
226 0 0
0 0 1
1 3.15663e+08 0
227 0 0
0 0 1
1 3.15307e+08 0
228 0 0
0 0 1
1 3.14941e+08 0
229 0 0
0 0 1
1 3.14572e+08 0
230 0 0
0 0 1
1 3.14205e+08 0
231 0 0
0 0 1
1 3.13846e+08 0
232 0 0
0 0 1
1 3.13498e+08 0
233 0 0
0 0 1
1 3.13164e+08 0
234 0 0
0 0 1
1 3.12842e+08 0
235 0 0
0 0 1
1 3.12531e+08 0
236 0 0
0 0 1
1 3.12227e+08 0
237 0 0
0 0 1
1 3.11928e+08 0
238 0 0
0 0 1
1 3.11631e+08 0
239 0 0
0 0 1
1 3.11335e+08 0
240 0 0
0 0 1
1 3.11041e+08 0
241 0 0
0 0 1
1 3.10749e+08 0
242 0 0
0 0 1
1 3.1046e+08 0
243 0 0
0 0 1
1 3.10174e+08 0
244 0 0
0 0 1
1 3.09892e+08 0
245 0 0
0 0 1
1 3.09615e+08 0
246 0 0
0 0 1
1 3.09343e+08 0
247 0 0
0 0 1
1 3.09079e+08 0
248 0 0
0 0 1
1 3.08821e+08 0
249 0 0
0 0 1
1 3.08569e+08 0
250 0 0
0 0 1
1 3.08319e+08 0
251 0 0
0 0 1
1 3.08069e+08 0
252 0 0
0 0 1
1 3.07813e+08 0
253 0 0
0 0 1
1 3.07548e+08 0
254 0 0
0 0 1
1 3.07269e+08 0
255 0 0
0 0 1
1 3.06975e+08 0
256 0 0
0 0 1
1 3.06665e+08 0
257 0 0
0 0 1
1 3.06339e+08 0
258 0 0
0 0 1
1 3.06e+08 0
259 0 0
0 0 1
1 3.05648e+08 0
260 0 0
0 0 1
1 3.05286e+08 0
261 0 0
0 0 1
1 3.04915e+08 0
262 0 0
0 0 1
1 3.04538e+08 0
263 0 0
0 0 1
1 3.04155e+08 0
264 0 0
0 0 1
1 3.0377e+08 0
265 0 0
0 0 1
1 3.03385e+08 0
266 0 0
0 0 1
1 3.02999e+08 0
267 0 0
0 0 1
1 3.02613e+08 0
268 0 0
0 0 1
1 3.02226e+08 0
269 0 0
0 0 1
1 3.01836e+08 0
270 0 0
0 0 1
1 3.01442e+08 0
271 0 0
0 0 1
1 3.01044e+08 0
272 0 0
0 0 1
1 3.00641e+08 0
273 0 0
0 0 1
1 3.00236e+08 0
274 0 0
0 0 1
1 2.9983e+08 0
275 0 0
0 0 1
1 2.99429e+08 0
276 0 0
0 0 1
1 2.99038e+08 0
277 0 0
0 0 1
1 2.98659e+08 0
278 0 0
0 0 1
1 2.98294e+08 0
279 0 0
0 0 1
1 2.97943e+08 0
280 0 0
0 0 1
1 2.97603e+08 0
281 0 0
0 0 1
1 2.97271e+08 0
282 0 0
0 0 1
1 2.96944e+08 0
283 0 0
0 0 1
1 2.96619e+08 0
284 0 0
0 0 1
1 2.96296e+08 0
285 0 0
0 0 1
1 2.95975e+08 0
286 0 0
0 0 1
1 2.95658e+08 0
287 0 0
0 0 1
1 2.95347e+08 0
288 0 0
0 0 1
1 2.95043e+08 0
289 0 0
0 0 1
1 2.94748e+08 0
290 0 0
0 0 1
1 2.94461e+08 0
291 0 0
0 0 1
1 2.94182e+08 0
292 0 0
0 0 1
1 2.93909e+08 0
293 0 0
0 0 1
1 2.9364e+08 0
294 0 0
0 0 1
1 2.93373e+08 0
295 0 0
0 0 1
1 2.93105e+08 0
296 0 0
0 0 1
1 2.92834e+08 0
297 0 0
0 0 1
1 2.92557e+08 0
298 0 0
0 0 1
1 2.92272e+08 0
299 0 0
0 0 1
1 2.91977e+08 0
300 0 0
0 0 1
1 2.91671e+08 0
301 0 0
0 0 1
1 2.91354e+08 0
302 0 0
0 0 1
1 2.91028e+08 0
303 0 0
0 0 1
1 2.90693e+08 0
304 0 0
0 0 1
1 2.90353e+08 0
305 0 0
0 0 1
1 2.90008e+08 0
306 0 0
0 0 1
1 2.89661e+08 0
307 0 0
0 0 1
1 2.89315e+08 0
308 0 0
0 0 1
1 2.88973e+08 0
309 0 0
0 0 1
1 2.88641e+08 0
310 0 0
0 0 1
1 2.88322e+08 0
311 0 0
0 0 1
1 2.88017e+08 0
312 0 0
0 0 1
1 2.87727e+08 0
313 0 0
0 0 1
1 2.87449e+08 0
314 0 0
0 0 1
1 2.87181e+08 0
315 0 0
0 0 1
1 2.86921e+08 0
316 0 0
0 0 1
1 2.86664e+08 0
317 0 0
0 0 1
1 2.86407e+08 0
318 0 0
0 0 1
1 2.86145e+08 0
319 0 0
0 0 1
1 2.85874e+08 0
320 0 0
0 0 1
1 2.85591e+08 0
321 0 0
0 0 1
1 2.85293e+08 0
322 0 0
0 0 1
1 2.84983e+08 0
323 0 0
0 0 1
1 2.8466e+08 0
324 0 0
0 0 1
1 2.84329e+08 0
325 0 0
0 0 1
1 2.83991e+08 0
326 0 0
0 0 1
1 2.83649e+08 0
327 0 0
0 0 1
1 2.83305e+08 0
328 0 0
0 0 1
1 2.82958e+08 0
329 0 0
0 0 1
1 2.82606e+08 0
330 0 0
0 0 1
1 2.82247e+08 0
331 0 0
0 0 1
1 2.81879e+08 0
332 0 0
0 0 1
1 2.81501e+08 0
333 0 0
0 0 1
1 2.81113e+08 0
334 0 0
0 0 1
1 2.80717e+08 0
335 0 0
0 0 1
1 2.80316e+08 0
336 0 0
0 0 1
1 2.79914e+08 0
337 0 0
0 0 1
1 2.79513e+08 0
338 0 0
0 0 1
1 2.79116e+08 0
339 0 0
0 0 1
1 2.78724e+08 0
340 0 0
0 0 1
1 2.78336e+08 0
341 0 0
0 0 1
1 2.77953e+08 0
342 0 0
0 0 1
1 2.77574e+08 0
343 0 0
0 0 1
1 2.772e+08 0
344 0 0
0 0 1
1 2.76832e+08 0
345 0 0
0 0 1
1 2.76474e+08 0
346 0 0
0 0 1
1 2.76127e+08 0
347 0 0
0 0 1
1 2.75796e+08 0
348 0 0
0 0 1
1 2.75483e+08 0
349 0 0
0 0 1
1 2.7519e+08 0
350 0 0
0 0 1
1 2.74915e+08 0
351 0 0
0 0 1
1 2.74656e+08 0
352 0 0
0 0 1
1 2.74407e+08 0
353 0 0
0 0 1
1 2.74163e+08 0
354 0 0
0 0 1
1 2.73922e+08 0
355 0 0
0 0 1
1 2.7368e+08 0
356 0 0
0 0 1
1 2.73434e+08 0
357 0 0
0 0 1
1 2.73185e+08 0
358 0 0
0 0 1
1 2.7293e+08 0
359 0 0
0 0 1
1 2.72669e+08 0
360 0 0
0 0 1
1 2.72402e+08 0
361 0 0
0 0 1
1 2.72129e+08 0
362 0 0
0 0 1
1 2.7185e+08 0
363 0 0
0 0 1
1 2.71569e+08 0
364 0 0
0 0 1
1 2.71286e+08 0
365 0 0
0 0 1
1 2.71004e+08 0
366 0 0
0 0 1
1 2.7072e+08 0
367 0 0
0 0 1
1 2.70435e+08 0
368 0 0
0 0 1
1 2.70146e+08 0
369 0 0
0 0 1
1 2.69853e+08 0
370 0 0
0 0 1
1 2.69555e+08 0
371 0 0
0 0 1
1 2.69254e+08 0
372 0 0
0 0 1
1 2.68949e+08 0
373 0 0
0 0 1
1 2.68639e+08 0
374 0 0
0 0 1
1 2.68326e+08 0
375 0 0
0 0 1
1 2.68007e+08 0
376 0 0
0 0 1
1 2.67686e+08 0
377 0 0
0 0 1
1 2.67365e+08 0
378 0 0
0 0 1
1 2.67047e+08 0
379 0 0
0 0 1
1 2.6674e+08 0
380 0 0
0 0 1
1 2.66446e+08 0
381 0 0
0 0 1
1 2.66168e+08 0
382 0 0
0 0 1
1 2.65907e+08 0
383 0 0
0 0 1
1 2.6566e+08 0
384 0 0
0 0 1
1 2.65424e+08 0
385 0 0
0 0 1
1 2.65192e+08 0
386 0 0
0 0 1
1 2.64959e+08 0
387 0 0
0 0 1
1 2.64719e+08 0
388 0 0
0 0 1
1 2.64468e+08 0
389 0 0
0 0 1
1 2.64204e+08 0
390 0 0
0 0 1
1 2.63926e+08 0
391 0 0
0 0 1
1 2.63636e+08 0
392 0 0
0 0 1
1 2.63337e+08 0
393 0 0
0 0 1
1 2.63032e+08 0
394 0 0
0 0 1
1 2.62726e+08 0
395 0 0
0 0 1
1 2.6242e+08 0
396 0 0
0 0 1
1 2.6212e+08 0
397 0 0
0 0 1
1 2.61828e+08 0
398 0 0
0 0 1
1 2.61546e+08 0
399 0 0
0 0 1
1 2.61275e+08 0
400 0 0
0 0 1
1 2.6101e+08 0
401 0 0
0 0 1
1 2.60747e+08 0
402 0 0
0 0 1
1 2.60479e+08 0
403 0 0
0 0 1
1 2.60201e+08 0
404 0 0
0 0 1
1 2.59908e+08 0
405 0 0
0 0 1
1 2.59598e+08 0
406 0 0
0 0 1
1 2.5927e+08 0
407 0 0
0 0 1
1 2.58928e+08 0
408 0 0
0 0 1
1 2.58578e+08 0
409 0 0
0 0 1
1 2.58224e+08 0
410 0 0
0 0 1
1 2.57872e+08 0
411 0 0
0 0 1
1 2.57525e+08 0
412 0 0
0 0 1
1 2.57186e+08 0
413 0 0
0 0 1
1 2.56853e+08 0
414 0 0
0 0 1
1 2.56527e+08 0
415 0 0
0 0 1
1 2.56207e+08 0
416 0 0
0 0 1
1 2.55894e+08 0
417 0 0
0 0 1
1 2.5559e+08 0
418 0 0
0 0 1
1 2.55294e+08 0
419 0 0
0 0 1
1 2.55004e+08 0
420 0 0
0 0 1
1 2.54719e+08 0
421 0 0
0 0 1
1 2.54435e+08 0
422 0 0
0 0 1
1 2.54148e+08 0
423 0 0
0 0 1
1 2.53857e+08 0
424 0 0
0 0 1
1 2.53561e+08 0
425 0 0
0 0 1
1 2.53259e+08 0
426 0 0
0 0 1
1 2.52951e+08 0
427 0 0
0 0 1
1 2.5264e+08 0
428 0 0
0 0 1
1 2.52326e+08 0
429 0 0
0 0 1
1 2.52013e+08 0
430 0 0
0 0 1
1 2.51702e+08 0
431 0 0
0 0 1
1 2.51394e+08 0
432 0 0
0 0 1
1 2.51088e+08 0
433 0 0
0 0 1
1 2.50784e+08 0
434 0 0
0 0 1
1 2.50478e+08 0
435 0 0
0 0 1
1 2.50167e+08 0
436 0 0
0 0 1
1 2.49851e+08 0
437 0 0
0 0 1
1 2.49528e+08 0
438 0 0
0 0 1
1 2.492e+08 0
439 0 0
0 0 1
1 2.48869e+08 0
440 0 0
0 0 1
1 2.48538e+08 0
441 0 0
0 0 1
1 2.48209e+08 0
442 0 0
0 0 1
1 2.47884e+08 0
443 0 0
0 0 1
1 2.47564e+08 0
444 0 0
0 0 1
1 2.47251e+08 0
445 0 0
0 0 1
1 2.46944e+08 0
446 0 0
0 0 1
1 2.46639e+08 0
447 0 0
0 0 1
1 2.46335e+08 0
448 0 0
0 0 1
1 2.46027e+08 0
449 0 0
0 0 1
1 2.45714e+08 0
450 0 0
0 0 1
1 2.45395e+08 0
451 0 0
0 0 1
1 2.45073e+08 0
452 0 0
0 0 1
1 2.4475e+08 0
453 0 0
0 0 1
1 2.4443e+08 0
454 0 0
0 0 1
1 2.44118e+08 0
455 0 0
0 0 1
1 2.43815e+08 0
456 0 0
0 0 1
1 2.43523e+08 0
457 0 0
0 0 1
1 2.43242e+08 0
458 0 0
0 0 1
1 2.42968e+08 0
459 0 0
0 0 1
1 2.42701e+08 0
460 0 0
0 0 1
1 2.42437e+08 0
461 0 0
0 0 1
1 2.42173e+08 0
462 0 0
0 0 1
1 2.41908e+08 0
463 0 0
0 0 1
1 2.4164e+08 0
464 0 0
0 0 1
1 2.4137e+08 0
465 0 0
0 0 1
1 2.41094e+08 0
466 0 0
0 0 1
1 2.40814e+08 0
467 0 0
0 0 1
1 2.40529e+08 0
468 0 0
0 0 1
1 2.40239e+08 0
469 0 0
0 0 1
1 2.39943e+08 0
470 0 0
0 0 1
1 2.39643e+08 0
471 0 0
0 0 1
1 2.39339e+08 0
472 0 0
0 0 1
1 2.39032e+08 0
473 0 0
0 0 1
1 2.38724e+08 0
474 0 0
0 0 1
1 2.38416e+08 0
475 0 0
0 0 1
1 2.38108e+08 0
476 0 0
0 0 1
1 2.37804e+08 0
477 0 0
0 0 1
1 2.37503e+08 0
478 0 0
0 0 1
1 2.37209e+08 0
479 0 0
0 0 1
1 2.36922e+08 0
480 0 0
0 0 1
1 2.36645e+08 0
481 0 0
0 0 1
1 2.36377e+08 0
482 0 0
0 0 1
1 2.36118e+08 0
483 0 0
0 0 1
1 2.35866e+08 0
484 0 0
0 0 1
1 2.35617e+08 0
485 0 0
0 0 1
1 2.35369e+08 0
486 0 0
0 0 1
1 2.35118e+08 0
487 0 0
0 0 1
1 2.34863e+08 0
488 0 0
0 0 1
1 2.34599e+08 0
489 0 0
0 0 1
1 2.34325e+08 0
490 0 0
0 0 1
1 2.3404e+08 0
491 0 0
0 0 1
1 2.33744e+08 0
492 0 0
0 0 1
1 2.33441e+08 0
493 0 0
0 0 1
1 2.33133e+08 0
494 0 0
0 0 1
1 2.32825e+08 0
495 0 0
0 0 1
1 2.32522e+08 0
496 0 0
0 0 1
1 2.32227e+08 0
497 0 0
0 0 1
1 2.31941e+08 0
498 0 0
0 0 1
1 2.31664e+08 0
499 0 0
0 0 1
1 2.31397e+08 0
500 0 0
0 0 1
1 2.31137e+08 0
501 0 0
0 0 1
1 2.30883e+08 0
502 0 0
0 0 1
1 2.30631e+08 0
503 0 0
0 0 1
1 2.30377e+08 0
504 0 0
0 0 1
1 2.30117e+08 0
505 0 0
0 0 1
1 2.29847e+08 0
506 0 0
0 0 1
1 2.29565e+08 0
507 0 0
0 0 1
1 2.29269e+08 0
508 0 0
0 0 1
1 2.28963e+08 0
509 0 0
0 0 1
1 2.28651e+08 0
510 0 0
0 0 1
1 2.28336e+08 0
511 0 0
0 0 1
1 2.28023e+08 0
512 0 0
0 0 1
1 2.27715e+08 0
513 0 0
0 0 1
1 2.27413e+08 0
514 0 0
0 0 1
1 2.27116e+08 0
515 0 0
0 0 1
1 2.26821e+08 0
516 0 0
0 0 1
1 2.26529e+08 0
517 0 0
0 0 1
1 2.26239e+08 0
518 0 0
0 0 1
1 2.25952e+08 0
519 0 0
0 0 1
1 2.25669e+08 0
520 0 0
0 0 1
1 2.2539e+08 0
521 0 0
0 0 1
1 2.25115e+08 0
522 0 0
0 0 1
1 2.24843e+08 0
523 0 0
0 0 1
1 2.24572e+08 0
524 0 0
0 0 1
1 2.243e+08 0
525 0 0
0 0 1
1 2.24026e+08 0
526 0 0
0 0 1
1 2.23745e+08 0
527 0 0
0 0 1
1 2.23458e+08 0
528 0 0
0 0 1
1 2.23162e+08 0
529 0 0
0 0 1
1 2.22859e+08 0
530 0 0
0 0 1
1 2.2255e+08 0
531 0 0
0 0 1
1 2.22239e+08 0
532 0 0
0 0 1
1 2.21932e+08 0
533 0 0
0 0 1
1 2.21635e+08 0
534 0 0
0 0 1
1 2.21355e+08 0
535 0 0
0 0 1
1 2.21093e+08 0
536 0 0
0 0 1
1 2.20851e+08 0
537 0 0
0 0 1
1 2.20626e+08 0
538 0 0
0 0 1
1 2.20413e+08 0
539 0 0
0 0 1
1 2.20206e+08 0
540 0 0
0 0 1
1 2.19999e+08 0
541 0 0
0 0 1
1 2.19787e+08 0
542 0 0
0 0 1
1 2.19568e+08 0
543 0 0
0 0 1
1 2.19341e+08 0
544 0 0
0 0 1
1 2.19108e+08 0
545 0 0
0 0 1
1 2.18872e+08 0
546 0 0
0 0 1
1 2.18636e+08 0
547 0 0
0 0 1
1 2.18403e+08 0
548 0 0
0 0 1
1 2.18173e+08 0
549 0 0
0 0 1
1 2.17947e+08 0
550 0 0
0 0 1
1 2.17722e+08 0
551 0 0
0 0 1
1 2.17495e+08 0
552 0 0
0 0 1
1 2.1726e+08 0
553 0 0
0 0 1
1 2.17014e+08 0
554 0 0
0 0 1
1 2.16753e+08 0
555 0 0
0 0 1
1 2.16476e+08 0
556 0 0
0 0 1
1 2.16184e+08 0
557 0 0
0 0 1
1 2.15879e+08 0
558 0 0
0 0 1
1 2.15563e+08 0
559 0 0
0 0 1
1 2.1524e+08 0
560 0 0
0 0 1
1 2.14915e+08 0
561 0 0
0 0 1
1 2.14591e+08 0
562 0 0
0 0 1
1 2.14272e+08 0
563 0 0
0 0 1
1 2.13961e+08 0
564 0 0
0 0 1
1 2.13657e+08 0
565 0 0
0 0 1
1 2.13364e+08 0
566 0 0
0 0 1
1 2.13079e+08 0
567 0 0
0 0 1
1 2.12803e+08 0
568 0 0
0 0 1
1 2.12531e+08 0
569 0 0
0 0 1
1 2.1226e+08 0
570 0 0
0 0 1
1 2.11985e+08 0
571 0 0
0 0 1
1 2.11702e+08 0
572 0 0
0 0 1
1 2.11407e+08 0
573 0 0
0 0 1
1 2.111e+08 0
574 0 0
0 0 1
1 2.10779e+08 0
575 0 0
0 0 1
1 2.10446e+08 0
576 0 0
0 0 1
1 2.10104e+08 0
577 0 0
0 0 1
1 2.09756e+08 0
578 0 0
0 0 1
1 2.09407e+08 0
579 0 0
0 0 1
1 2.09061e+08 0
580 0 0
0 0 1
1 2.08722e+08 0
581 0 0
0 0 1
1 2.08394e+08 0
582 0 0
0 0 1
1 2.08081e+08 0
583 0 0
0 0 1
1 2.07784e+08 0
584 0 0
0 0 1
1 2.07505e+08 0
585 0 0
0 0 1
1 2.07242e+08 0
586 0 0
0 0 1
1 2.06992e+08 0
587 0 0
0 0 1
1 2.06749e+08 0
588 0 0
0 0 1
1 2.0651e+08 0
589 0 0
0 0 1
1 2.06271e+08 0
590 0 0
0 0 1
1 2.0603e+08 0
591 0 0
0 0 1
1 2.05786e+08 0
592 0 0
0 0 1
1 2.05542e+08 0
593 0 0
0 0 1
1 2.05297e+08 0
594 0 0
0 0 1
1 2.05055e+08 0
595 0 0
0 0 1
1 2.04815e+08 0
596 0 0
0 0 1
1 2.04576e+08 0
597 0 0
0 0 1
1 2.04336e+08 0
598 0 0
0 0 1
1 2.04092e+08 0
599 0 0
0 0 1
1 2.03842e+08 0
600 0 0
0 0 1
1 2.03587e+08 0
601 0 0
0 0 1
1 2.03327e+08 0
602 0 0
0 0 1
1 2.03066e+08 0
603 0 0
0 0 1
1 2.02808e+08 0
604 0 0
0 0 1
1 2.02556e+08 0
605 0 0
0 0 1
1 2.02314e+08 0
606 0 0
0 0 1
1 2.02084e+08 0
607 0 0
0 0 1
1 2.01866e+08 0
608 0 0
0 0 1
1 2.01661e+08 0
609 0 0
0 0 1
1 2.01467e+08 0
610 0 0
0 0 1
1 2.01279e+08 0
611 0 0
0 0 1
1 2.01092e+08 0
612 0 0
0 0 1
1 2.00899e+08 0
613 0 0
0 0 1
1 2.00697e+08 0
614 0 0
0 0 1
1 2.00484e+08 0
615 0 0
0 0 1
1 2.0026e+08 0
616 0 0
0 0 1
1 2.00028e+08 0
617 0 0
0 0 1
1 1.99791e+08 0
618 0 0
0 0 1
1 1.99552e+08 0
619 0 0
0 0 1
1 1.99312e+08 0
620 0 0
0 0 1
1 1.9907e+08 0
621 0 0
0 0 1
1 1.98824e+08 0
622 0 0
0 0 1
1 1.98573e+08 0
623 0 0
0 0 1
1 1.98318e+08 0
624 0 0
0 0 1
1 1.98058e+08 0
625 0 0
0 0 1
1 1.97794e+08 0
626 0 0
0 0 1
1 1.97527e+08 0
627 0 0
0 0 1
1 1.97258e+08 0
628 0 0
0 0 1
1 1.96985e+08 0
629 0 0
0 0 1
1 1.96708e+08 0
630 0 0
0 0 1
1 1.96428e+08 0
631 0 0
0 0 1
1 1.96144e+08 0
632 0 0
0 0 1
1 1.95859e+08 0
633 0 0
0 0 1
1 1.95573e+08 0
634 0 0
0 0 1
1 1.95288e+08 0
635 0 0
0 0 1
1 1.95005e+08 0
636 0 0
0 0 1
1 1.94725e+08 0
637 0 0
0 0 1
1 1.9445e+08 0
638 0 0
0 0 1
1 1.94182e+08 0
639 0 0
0 0 1
1 1.93921e+08 0
640 0 0
0 0 1
1 1.93669e+08 0
641 0 0
0 0 1
1 1.93427e+08 0
642 0 0
0 0 1
1 1.93192e+08 0
643 0 0
0 0 1
1 1.92963e+08 0
644 0 0
0 0 1
1 1.9274e+08 0
645 0 0
0 0 1
1 1.9252e+08 0
646 0 0
0 0 1
1 1.92298e+08 0
647 0 0
0 0 1
1 1.92071e+08 0
648 0 0
0 0 1
1 1.91834e+08 0
649 0 0
0 0 1
1 1.91583e+08 0
650 0 0
0 0 1
1 1.91316e+08 0
651 0 0
0 0 1
1 1.91033e+08 0
652 0 0
0 0 1
1 1.9074e+08 0
653 0 0
0 0 1
1 1.90442e+08 0
654 0 0
0 0 1
1 1.90148e+08 0
655 0 0
0 0 1
1 1.89865e+08 0
656 0 0
0 0 1
1 1.89596e+08 0
657 0 0
0 0 1
1 1.89343e+08 0
658 0 0
0 0 1
1 1.89106e+08 0
659 0 0
0 0 1
1 1.88884e+08 0
660 0 0
0 0 1
1 1.88672e+08 0
661 0 0
0 0 1
1 1.88466e+08 0
662 0 0
0 0 1
1 1.8826e+08 0
663 0 0
0 0 1
1 1.88045e+08 0
664 0 0
0 0 1
1 1.87815e+08 0
665 0 0
0 0 1
1 1.87565e+08 0
666 0 0
0 0 1
1 1.87295e+08 0
667 0 0
0 0 1
1 1.87006e+08 0
668 0 0
0 0 1
1 1.86703e+08 0
669 0 0
0 0 1
1 1.86393e+08 0
670 0 0
0 0 1
1 1.8608e+08 0
671 0 0
0 0 1
1 1.85766e+08 0
672 0 0
0 0 1
1 1.85454e+08 0
673 0 0
0 0 1
1 1.85142e+08 0
674 0 0
0 0 1
1 1.84831e+08 0
675 0 0
0 0 1
1 1.84521e+08 0
676 0 0
0 0 1
1 1.84211e+08 0
677 0 0
0 0 1
1 1.83902e+08 0
678 0 0
0 0 1
1 1.83594e+08 0
679 0 0
0 0 1
1 1.83287e+08 0
680 0 0
0 0 1
1 1.82984e+08 0
681 0 0
0 0 1
1 1.82684e+08 0
682 0 0
0 0 1
1 1.82388e+08 0
683 0 0
0 0 1
1 1.82099e+08 0
684 0 0
0 0 1
1 1.81817e+08 0
685 0 0
0 0 1
1 1.81544e+08 0
686 0 0
0 0 1
1 1.8128e+08 0
687 0 0
0 0 1
1 1.81028e+08 0
688 0 0
0 0 1
1 1.80789e+08 0
689 0 0
0 0 1
1 1.80564e+08 0
690 0 0
0 0 1
1 1.80354e+08 0
691 0 0
0 0 1
1 1.80157e+08 0
692 0 0
0 0 1
1 1.7997e+08 0
693 0 0
0 0 1
1 1.7979e+08 0
694 0 0
0 0 1
1 1.79611e+08 0
695 0 0
0 0 1
1 1.79428e+08 0
696 0 0
0 0 1
1 1.79238e+08 0
697 0 0
0 0 1
1 1.7904e+08 0
698 0 0
0 0 1
1 1.78838e+08 0
699 0 0
0 0 1
1 1.78636e+08 0
700 0 0
0 0 1
1 1.7844e+08 0
701 0 0
0 0 1
1 1.78253e+08 0
702 0 0
0 0 1
1 1.78077e+08 0
703 0 0
0 0 1
1 1.77914e+08 0
704 0 0
0 0 1
1 1.77758e+08 0
705 0 0
0 0 1
1 1.77606e+08 0
706 0 0
0 0 1
1 1.77449e+08 0
707 0 0
0 0 1
1 1.7728e+08 0
708 0 0
0 0 1
1 1.77093e+08 0
709 0 0
0 0 1
1 1.76885e+08 0
710 0 0
0 0 1
1 1.76654e+08 0
711 0 0
0 0 1
1 1.76403e+08 0
712 0 0
0 0 1
1 1.76135e+08 0
713 0 0
0 0 1
1 1.75857e+08 0
714 0 0
0 0 1
1 1.75575e+08 0
715 0 0
0 0 1
1 1.75295e+08 0
716 0 0
0 0 1
1 1.7502e+08 0
717 0 0
0 0 1
1 1.74753e+08 0
718 0 0
0 0 1
1 1.74494e+08 0
719 0 0
0 0 1
1 1.74242e+08 0
720 0 0
0 0 1
1 1.73998e+08 0
721 0 0
0 0 1
1 1.73759e+08 0
722 0 0
0 0 1
1 1.73528e+08 0
723 0 0
0 0 1
1 1.73302e+08 0
724 0 0
0 0 1
1 1.73081e+08 0
725 0 0
0 0 1
1 1.72864e+08 0
726 0 0
0 0 1
1 1.72647e+08 0
727 0 0
0 0 1
1 1.72427e+08 0
728 0 0
0 0 1
1 1.72201e+08 0
729 0 0
0 0 1
1 1.71966e+08 0
730 0 0
0 0 1
1 1.71722e+08 0
731 0 0
0 0 1
1 1.71468e+08 0
732 0 0
0 0 1
1 1.71205e+08 0
733 0 0
0 0 1
1 1.70937e+08 0
734 0 0
0 0 1
1 1.70666e+08 0
735 0 0
0 0 1
1 1.70395e+08 0
736 0 0
0 0 1
1 1.70128e+08 0
737 0 0
0 0 1
1 1.69865e+08 0
738 0 0
0 0 1
1 1.69611e+08 0
739 0 0
0 0 1
1 1.69364e+08 0
740 0 0
0 0 1
1 1.69125e+08 0
741 0 0
0 0 1
1 1.68891e+08 0
742 0 0
0 0 1
1 1.68659e+08 0
743 0 0
0 0 1
1 1.68427e+08 0
744 0 0
0 0 1
1 1.68193e+08 0
745 0 0
0 0 1
1 1.67955e+08 0
746 0 0
0 0 1
1 1.67713e+08 0
747 0 0
0 0 1
1 1.67467e+08 0
748 0 0
0 0 1
1 1.67215e+08 0
749 0 0
0 0 1
1 1.66959e+08 0
750 0 0
0 0 1
1 1.66699e+08 0
751 0 0
0 0 1
1 1.66435e+08 0
752 0 0
0 0 1
1 1.66169e+08 0
753 0 0
0 0 1
1 1.65901e+08 0
754 0 0
0 0 1
1 1.65631e+08 0
755 0 0
0 0 1
1 1.6536e+08 0
756 0 0
0 0 1
1 1.6509e+08 0
757 0 0
0 0 1
1 1.64822e+08 0
758 0 0
0 0 1
1 1.64559e+08 0
759 0 0
0 0 1
1 1.64301e+08 0
760 0 0
0 0 1
1 1.64047e+08 0
761 0 0
0 0 1
1 1.63796e+08 0
762 0 0
0 0 1
1 1.63545e+08 0
763 0 0
0 0 1
1 1.63292e+08 0
764 0 0
0 0 1
1 1.63036e+08 0
765 0 0
0 0 1
1 1.62774e+08 0
766 0 0
0 0 1
1 1.62509e+08 0
767 0 0
0 0 1
1 1.62243e+08 0
768 0 0
0 0 1
1 1.61983e+08 0
769 0 0
0 0 1
1 1.61733e+08 0
770 0 0
0 0 1
1 1.61499e+08 0
771 0 0
0 0 1
1 1.6128e+08 0
772 0 0
0 0 1
1 1.61075e+08 0
773 0 0
0 0 1
1 1.60879e+08 0
774 0 0
0 0 1
1 1.60685e+08 0
775 0 0
0 0 1
1 1.60488e+08 0
776 0 0
0 0 1
1 1.60285e+08 0
777 0 0
0 0 1
1 1.60075e+08 0
778 0 0
0 0 1
1 1.5986e+08 0
779 0 0
0 0 1
1 1.59642e+08 0
780 0 0
0 0 1
1 1.59423e+08 0
781 0 0
0 0 1
1 1.59207e+08 0
782 0 0
0 0 1
1 1.58993e+08 0
783 0 0
0 0 1
1 1.58779e+08 0
784 0 0
0 0 1
1 1.58563e+08 0
785 0 0
0 0 1
1 1.58345e+08 0
786 0 0
0 0 1
1 1.58123e+08 0
787 0 0
0 0 1
1 1.57898e+08 0
788 0 0
0 0 1
1 1.57673e+08 0
789 0 0
0 0 1
1 1.5745e+08 0
790 0 0
0 0 1
1 1.57228e+08 0
791 0 0
0 0 1
1 1.57007e+08 0
792 0 0
0 0 1
1 1.56787e+08 0
793 0 0
0 0 1
1 1.56566e+08 0
794 0 0
0 0 1
1 1.56344e+08 0
795 0 0
0 0 1
1 1.5612e+08 0
796 0 0
0 0 1
1 1.55896e+08 0
797 0 0
0 0 1
1 1.55674e+08 0
798 0 0
0 0 1
1 1.55453e+08 0
799 0 0
0 0 1
1 1.55236e+08 0
800 0 0
0 0 1
1 1.5502e+08 0
801 0 0
0 0 1
1 1.54806e+08 0
802 0 0
0 0 1
1 1.5459e+08 0
803 0 0
0 0 1
1 1.54372e+08 0
804 0 0
0 0 1
1 1.54152e+08 0
805 0 0
0 0 1
1 1.53931e+08 0
806 0 0
0 0 1
1 1.5371e+08 0
807 0 0
0 0 1
1 1.53491e+08 0
808 0 0
0 0 1
1 1.53276e+08 0
809 0 0
0 0 1
1 1.53067e+08 0
810 0 0
0 0 1
1 1.52865e+08 0
811 0 0
0 0 1
1 1.52669e+08 0
812 0 0
0 0 1
1 1.52476e+08 0
813 0 0
0 0 1
1 1.52283e+08 0
814 0 0
0 0 1
1 1.52087e+08 0
815 0 0
0 0 1
1 1.51887e+08 0
816 0 0
0 0 1
1 1.51682e+08 0
817 0 0
0 0 1
1 1.51476e+08 0
818 0 0
0 0 1
1 1.51271e+08 0
819 0 0
0 0 1
1 1.51071e+08 0
820 0 0
0 0 1
1 1.50878e+08 0
821 0 0
0 0 1
1 1.50693e+08 0
822 0 0
0 0 1
1 1.50512e+08 0
823 0 0
0 0 1
1 1.50335e+08 0
824 0 0
0 0 1
1 1.50157e+08 0
825 0 0
0 0 1
1 1.49978e+08 0
826 0 0
0 0 1
1 1.49798e+08 0
827 0 0
0 0 1
1 1.49619e+08 0
828 0 0
0 0 1
1 1.49444e+08 0
829 0 0
0 0 1
1 1.49275e+08 0
830 0 0
0 0 1
1 1.49113e+08 0
831 0 0
0 0 1
1 1.48955e+08 0
832 0 0
0 0 1
1 1.48799e+08 0
833 0 0
0 0 1
1 1.48639e+08 0
834 0 0
0 0 1
1 1.48471e+08 0
835 0 0
0 0 1
1 1.48295e+08 0
836 0 0
0 0 1
1 1.48108e+08 0
837 0 0
0 0 1
1 1.47914e+08 0
838 0 0
0 0 1
1 1.47714e+08 0
839 0 0
0 0 1
1 1.4751e+08 0
840 0 0
0 0 1
1 1.47304e+08 0
841 0 0
0 0 1
1 1.47097e+08 0
842 0 0
0 0 1
1 1.46887e+08 0
843 0 0
0 0 1
1 1.46674e+08 0
844 0 0
0 0 1
1 1.46455e+08 0
845 0 0
0 0 1
1 1.46231e+08 0
846 0 0
0 0 1
1 1.46003e+08 0
847 0 0
0 0 1
1 1.45772e+08 0
848 0 0
0 0 1
1 1.45542e+08 0
849 0 0
0 0 1
1 1.45319e+08 0
850 0 0
0 0 1
1 1.45108e+08 0
851 0 0
0 0 1
1 1.44913e+08 0
852 0 0
0 0 1
1 1.44739e+08 0
853 0 0
0 0 1
1 1.44589e+08 0
854 0 0
0 0 1
1 1.4446e+08 0
855 0 0
0 0 1
1 1.44349e+08 0
856 0 0
0 0 1
1 1.44247e+08 0
857 0 0
0 0 1
1 1.44146e+08 0
858 0 0
0 0 1
1 1.44036e+08 0
859 0 0
0 0 1
1 1.43911e+08 0
860 0 0
0 0 1
1 1.43764e+08 0
861 0 0
0 0 1
1 1.43595e+08 0
862 0 0
0 0 1
1 1.43402e+08 0
863 0 0
0 0 1
1 1.43188e+08 0
864 0 0
0 0 1
1 1.42953e+08 0
865 0 0
0 0 1
1 1.42699e+08 0
866 0 0
0 0 1
1 1.42429e+08 0
867 0 0
0 0 1
1 1.42145e+08 0
868 0 0
0 0 1
1 1.4185e+08 0
869 0 0
0 0 1
1 1.41546e+08 0
870 0 0
0 0 1
1 1.41239e+08 0
871 0 0
0 0 1
1 1.40934e+08 0
872 0 0
0 0 1
1 1.40636e+08 0
873 0 0
0 0 1
1 1.40347e+08 0
874 0 0
0 0 1
1 1.4007e+08 0
875 0 0
0 0 1
1 1.39804e+08 0
876 0 0
0 0 1
1 1.39547e+08 0
877 0 0
0 0 1
1 1.39297e+08 0
878 0 0
0 0 1
1 1.39052e+08 0
879 0 0
0 0 1
1 1.38809e+08 0
880 0 0
0 0 1
1 1.3857e+08 0
881 0 0
0 0 1
1 1.38335e+08 0
882 0 0
0 0 1
1 1.38106e+08 0
883 0 0
0 0 1
1 1.37883e+08 0
884 0 0
0 0 1
1 1.37668e+08 0
885 0 0
0 0 1
1 1.37459e+08 0
886 0 0
0 0 1
1 1.37256e+08 0
887 0 0
0 0 1
1 1.37056e+08 0
888 0 0
0 0 1
1 1.36858e+08 0
889 0 0
0 0 1
1 1.36661e+08 0
890 0 0
0 0 1
1 1.36465e+08 0
891 0 0
0 0 1
1 1.36269e+08 0
892 0 0
0 0 1
1 1.36073e+08 0
893 0 0
0 0 1
1 1.35878e+08 0
894 0 0
0 0 1
1 1.35686e+08 0
895 0 0
0 0 1
1 1.35497e+08 0
896 0 0
0 0 1
1 1.35317e+08 0
897 0 0
0 0 1
1 1.35147e+08 0
898 0 0
0 0 1
1 1.34989e+08 0
899 0 0
0 0 1
1 1.3484e+08 0
900 0 0
0 0 1
1 1.34697e+08 0
901 0 0
0 0 1
1 1.34554e+08 0
902 0 0
0 0 1
1 1.34403e+08 0
903 0 0
0 0 1
1 1.34241e+08 0
904 0 0
0 0 1
1 1.34066e+08 0
905 0 0
0 0 1
1 1.3388e+08 0
906 0 0
0 0 1
1 1.33686e+08 0
907 0 0
0 0 1
1 1.3349e+08 0
908 0 0
0 0 1
1 1.33298e+08 0
909 0 0
0 0 1
1 1.33111e+08 0
910 0 0
0 0 1
1 1.32932e+08 0
911 0 0
0 0 1
1 1.3276e+08 0
912 0 0
0 0 1
1 1.32592e+08 0
913 0 0
0 0 1
1 1.32425e+08 0
914 0 0
0 0 1
1 1.32255e+08 0
915 0 0
0 0 1
1 1.32079e+08 0
916 0 0
0 0 1
1 1.31898e+08 0
917 0 0
0 0 1
1 1.31712e+08 0
918 0 0
0 0 1
1 1.31524e+08 0
919 0 0
0 0 1
1 1.31339e+08 0
920 0 0
0 0 1
1 1.3116e+08 0
921 0 0
0 0 1
1 1.30991e+08 0
922 0 0
0 0 1
1 1.30833e+08 0
923 0 0
0 0 1
1 1.30685e+08 0
924 0 0
0 0 1
1 1.30547e+08 0
925 0 0
0 0 1
1 1.30416e+08 0
926 0 0
0 0 1
1 1.30289e+08 0
927 0 0
0 0 1
1 1.30161e+08 0
928 0 0
0 0 1
1 1.3003e+08 0
929 0 0
0 0 1
1 1.29894e+08 0
930 0 0
0 0 1
1 1.29752e+08 0
931 0 0
0 0 1
1 1.29606e+08 0
932 0 0
0 0 1
1 1.29458e+08 0
933 0 0
0 0 1
1 1.29311e+08 0
934 0 0
0 0 1
1 1.29167e+08 0
935 0 0
0 0 1
1 1.29029e+08 0
936 0 0
0 0 1
1 1.28897e+08 0
937 0 0
0 0 1
1 1.28772e+08 0
938 0 0
0 0 1
1 1.28651e+08 0
939 0 0
0 0 1
1 1.28533e+08 0
940 0 0
0 0 1
1 1.28413e+08 0
941 0 0
0 0 1
1 1.28288e+08 0
942 0 0
0 0 1
1 1.28154e+08 0
943 0 0
0 0 1
1 1.28004e+08 0
944 0 0
0 0 1
1 1.27835e+08 0
945 0 0
0 0 1
1 1.27642e+08 0
946 0 0
0 0 1
1 1.27425e+08 0
947 0 0
0 0 1
1 1.27183e+08 0
948 0 0
0 0 1
1 1.26921e+08 0
949 0 0
0 0 1
1 1.26645e+08 0
950 0 0
0 0 1
1 1.26363e+08 0
951 0 0
0 0 1
1 1.26082e+08 0
952 0 0
0 0 1
1 1.25809e+08 0
953 0 0
0 0 1
1 1.25545e+08 0
954 0 0
0 0 1
1 1.25292e+08 0
955 0 0
0 0 1
1 1.25049e+08 0
956 0 0
0 0 1
1 1.24813e+08 0
957 0 0
0 0 1
1 1.24584e+08 0
958 0 0
0 0 1
1 1.2436e+08 0
959 0 0
0 0 1
1 1.24142e+08 0
960 0 0
0 0 1
1 1.2393e+08 0
961 0 0
0 0 1
1 1.23725e+08 0
962 0 0
0 0 1
1 1.23525e+08 0
963 0 0
0 0 1
1 1.23327e+08 0
964 0 0
0 0 1
1 1.23126e+08 0
965 0 0
0 0 1
1 1.2292e+08 0
966 0 0
0 0 1
1 1.22706e+08 0
967 0 0
0 0 1
1 1.22483e+08 0
968 0 0
0 0 1
1 1.22255e+08 0
969 0 0
0 0 1
1 1.22025e+08 0
970 0 0
0 0 1
1 1.218e+08 0
971 0 0
0 0 1
1 1.21582e+08 0
972 0 0
0 0 1
1 1.21375e+08 0
973 0 0
0 0 1
1 1.21176e+08 0
974 0 0
0 0 1
1 1.20981e+08 0
975 0 0
0 0 1
1 1.20787e+08 0
976 0 0
0 0 1
1 1.20588e+08 0
977 0 0
0 0 1
1 1.20382e+08 0
978 0 0
0 0 1
1 1.20165e+08 0
979 0 0
0 0 1
1 1.19937e+08 0
980 0 0
0 0 1
1 1.19697e+08 0
981 0 0
0 0 1
1 1.19446e+08 0
982 0 0
0 0 1
1 1.19184e+08 0
983 0 0
0 0 1
1 1.18917e+08 0
984 0 0
0 0 1
1 1.18648e+08 0
985 0 0
0 0 1
1 1.18384e+08 0
986 0 0
0 0 1
1 1.18132e+08 0
987 0 0
0 0 1
1 1.17896e+08 0
988 0 0
0 0 1
1 1.1768e+08 0
989 0 0
0 0 1
1 1.17484e+08 0
990 0 0
0 0 1
1 1.17308e+08 0
991 0 0
0 0 1
1 1.17148e+08 0
992 0 0
0 0 1
1 1.16998e+08 0
993 0 0
0 0 1
1 1.16854e+08 0
994 0 0
0 0 1
1 1.1671e+08 0
995 0 0
0 0 1
1 1.16563e+08 0
996 0 0
0 0 1
1 1.1641e+08 0
997 0 0
0 0 1
1 1.16252e+08 0
998 0 0
0 0 1
1 1.16089e+08 0
999 0 0
0 0 1
1 1.15925e+08 0
1000 0 0
0 0 1
1 1.15759e+08 0
1001 0 0
0 0 1
1 1.15593e+08 0
1002 0 0
0 0 1
1 1.15426e+08 0
1003 0 0
0 0 1
1 1.15257e+08 0
1004 0 0
0 0 1
1 1.15083e+08 0
1005 0 0
0 0 1
1 1.14903e+08 0
1006 0 0
0 0 1
1 1.14717e+08 0
1007 0 0
0 0 1
1 1.14524e+08 0
1008 0 0
0 0 1
1 1.14325e+08 0
1009 0 0
0 0 1
1 1.14123e+08 0
1010 0 0
0 0 1
1 1.13917e+08 0
1011 0 0
0 0 1
1 1.13711e+08 0
1012 0 0
0 0 1
1 1.13507e+08 0
1013 0 0
0 0 1
1 1.13307e+08 0
1014 0 0
0 0 1
1 1.13116e+08 0
1015 0 0
0 0 1
1 1.12936e+08 0
1016 0 0
0 0 1
1 1.12772e+08 0
1017 0 0
0 0 1
1 1.12625e+08 0
1018 0 0
0 0 1
1 1.12493e+08 0
1019 0 0
0 0 1
1 1.12376e+08 0
1020 0 0
0 0 1
1 1.12269e+08 0
1021 0 0
0 0 1
1 1.12167e+08 0
1022 0 0
0 0 1
1 1.12063e+08 0
1023 0 0
0 0 1
1 1.11953e+08 0
1024 0 0
0 0 1
1 1.11832e+08 0
1025 0 0
0 0 1
1 1.11698e+08 0
1026 0 0
0 0 1
1 1.11552e+08 0
1027 0 0
0 0 1
1 1.11395e+08 0
1028 0 0
0 0 1
1 1.11228e+08 0
1029 0 0
0 0 1
1 1.11054e+08 0
1030 0 0
0 0 1
1 1.10874e+08 0
1031 0 0
0 0 1
1 1.10689e+08 0
1032 0 0
0 0 1
1 1.10501e+08 0
1033 0 0
0 0 1
1 1.10311e+08 0
1034 0 0
0 0 1
1 1.10123e+08 0
1035 0 0
0 0 1
1 1.09938e+08 0
1036 0 0
0 0 1
1 1.09759e+08 0
1037 0 0
0 0 1
1 1.09585e+08 0
1038 0 0
0 0 1
1 1.09417e+08 0
1039 0 0
0 0 1
1 1.09254e+08 0
1040 0 0
0 0 1
1 1.09096e+08 0
1041 0 0
0 0 1
1 1.08939e+08 0
1042 0 0
0 0 1
1 1.08784e+08 0
1043 0 0
0 0 1
1 1.08631e+08 0
1044 0 0
0 0 1
1 1.08482e+08 0
1045 0 0
0 0 1
1 1.08338e+08 0
1046 0 0
0 0 1
1 1.08201e+08 0
1047 0 0
0 0 1
1 1.08069e+08 0
1048 0 0
0 0 1
1 1.07943e+08 0
1049 0 0
0 0 1
1 1.07818e+08 0
1050 0 0
0 0 1
1 1.07693e+08 0
1051 0 0
0 0 1
1 1.07565e+08 0
1052 0 0
0 0 1
1 1.07432e+08 0
1053 0 0
0 0 1
1 1.07294e+08 0
1054 0 0
0 0 1
1 1.0715e+08 0
1055 0 0
0 0 1
1 1.06999e+08 0
1056 0 0
0 0 1
1 1.06842e+08 0
1057 0 0
0 0 1
1 1.06681e+08 0
1058 0 0
0 0 1
1 1.06516e+08 0
1059 0 0
0 0 1
1 1.06349e+08 0
1060 0 0
0 0 1
1 1.06178e+08 0
1061 0 0
0 0 1
1 1.06004e+08 0
1062 0 0
0 0 1
1 1.05827e+08 0
1063 0 0
0 0 1
1 1.05646e+08 0
1064 0 0
0 0 1
1 1.05463e+08 0
1065 0 0
0 0 1
1 1.05278e+08 0
1066 0 0
0 0 1
1 1.0509e+08 0
1067 0 0
0 0 1
1 1.04901e+08 0
1068 0 0
0 0 1
1 1.0471e+08 0
1069 0 0
0 0 1
1 1.04518e+08 0
1070 0 0
0 0 1
1 1.04325e+08 0
1071 0 0
0 0 1
1 1.04132e+08 0
1072 0 0
0 0 1
1 1.03942e+08 0
1073 0 0
0 0 1
1 1.03755e+08 0
1074 0 0
0 0 1
1 1.03573e+08 0
1075 0 0
0 0 1
1 1.03397e+08 0
1076 0 0
0 0 1
1 1.03225e+08 0
1077 0 0
0 0 1
1 1.03058e+08 0
1078 0 0
0 0 1
1 1.02894e+08 0
1079 0 0
0 0 1
1 1.02733e+08 0
1080 0 0
0 0 1
1 1.02573e+08 0
1081 0 0
0 0 1
1 1.02415e+08 0
1082 0 0
0 0 1
1 1.02259e+08 0
1083 0 0
0 0 1
1 1.02106e+08 0
1084 0 0
0 0 1
1 1.01957e+08 0
1085 0 0
0 0 1
1 1.0181e+08 0
1086 0 0
0 0 1
1 1.01664e+08 0
1087 0 0
0 0 1
1 1.01517e+08 0
1088 0 0
0 0 1
1 1.01369e+08 0
1089 0 0
0 0 1
1 1.01218e+08 0
1090 0 0
0 0 1
1 1.01065e+08 0
1091 0 0
0 0 1
1 1.00914e+08 0
1092 0 0
0 0 1
1 1.00765e+08 0
1093 0 0
0 0 1
1 1.00622e+08 0
1094 0 0
0 0 1
1 1.00485e+08 0
1095 0 0
0 0 1
1 1.00356e+08 0
1096 0 0
0 0 1
1 1.00235e+08 0
1097 0 0
0 0 1
1 1.00121e+08 0
1098 0 0
0 0 1
1 1.00012e+08 0
1099 0 0
0 0 1
1 9.99065e+07 0
1100 0 0
0 0 1
1 9.98021e+07 0
1101 0 0
0 0 1
1 9.96968e+07 0
1102 0 0
0 0 1
1 9.95892e+07 0
1103 0 0
0 0 1
1 9.94782e+07 0
1104 0 0
0 0 1
1 9.93634e+07 0
1105 0 0
0 0 1
1 9.92446e+07 0
1106 0 0
0 0 1
1 9.91223e+07 0
1107 0 0
0 0 1
1 9.89971e+07 0
1108 0 0
0 0 1
1 9.88694e+07 0
1109 0 0
0 0 1
1 9.87391e+07 0
1110 0 0
0 0 1
1 9.86053e+07 0
1111 0 0
0 0 1
1 9.84662e+07 0
1112 0 0
0 0 1
1 9.8319e+07 0
1113 0 0
0 0 1
1 9.81611e+07 0
1114 0 0
0 0 1
1 9.79904e+07 0
1115 0 0
0 0 1
1 9.78065e+07 0
1116 0 0
0 0 1
1 9.76104e+07 0
1117 0 0
0 0 1
1 9.74042e+07 0
1118 0 0
0 0 1
1 9.71903e+07 0
1119 0 0
0 0 1
1 9.69715e+07 0
1120 0 0
0 0 1
1 9.67508e+07 0
1121 0 0
0 0 1
1 9.65319e+07 0
1122 0 0
0 0 1
1 9.63185e+07 0
1123 0 0
0 0 1
1 9.61144e+07 0
1124 0 0
0 0 1
1 9.59222e+07 0
1125 0 0
0 0 1
1 9.5743e+07 0
1126 0 0
0 0 1
1 9.55767e+07 0
1127 0 0
0 0 1
1 9.54225e+07 0
1128 0 0
0 0 1
1 9.52794e+07 0
1129 0 0
0 0 1
1 9.51465e+07 0
1130 0 0
0 0 1
1 9.50232e+07 0
1131 0 0
0 0 1
1 9.49086e+07 0
1132 0 0
0 0 1
1 9.48006e+07 0
1133 0 0
0 0 1
1 9.46961e+07 0
1134 0 0
0 0 1
1 9.45903e+07 0
1135 0 0
0 0 1
1 9.44785e+07 0
1136 0 0
0 0 1
1 9.43562e+07 0
1137 0 0
0 0 1
1 9.42205e+07 0
1138 0 0
0 0 1
1 9.40705e+07 0
1139 0 0
0 0 1
1 9.39073e+07 0
1140 0 0
0 0 1
1 9.3734e+07 0
1141 0 0
0 0 1
1 9.35548e+07 0
1142 0 0
0 0 1
1 9.33744e+07 0
1143 0 0
0 0 1
1 9.31968e+07 0
1144 0 0
0 0 1
1 9.30258e+07 0
1145 0 0
0 0 1
1 9.28642e+07 0
1146 0 0
0 0 1
1 9.27145e+07 0
1147 0 0
0 0 1
1 9.25782e+07 0
1148 0 0
0 0 1
1 9.24564e+07 0
1149 0 0
0 0 1
1 9.23487e+07 0
1150 0 0
0 0 1
1 9.22535e+07 0
1151 0 0
0 0 1
1 9.21677e+07 0
1152 0 0
0 0 1
1 9.2087e+07 0
1153 0 0
0 0 1
1 9.20061e+07 0
1154 0 0
0 0 1
1 9.19193e+07 0
1155 0 0
0 0 1
1 9.18212e+07 0
1156 0 0
0 0 1
1 9.17072e+07 0
1157 0 0
0 0 1
1 9.15745e+07 0
1158 0 0
0 0 1
1 9.1423e+07 0
1159 0 0
0 0 1
1 9.12552e+07 0
1160 0 0
0 0 1
1 9.10758e+07 0
1161 0 0
0 0 1
1 9.089e+07 0
1162 0 0
0 0 1
1 9.07025e+07 0
1163 0 0
0 0 1
1 9.05162e+07 0
1164 0 0
0 0 1
1 9.03319e+07 0
1165 0 0
0 0 1
1 9.01493e+07 0
1166 0 0
0 0 1
1 8.99673e+07 0
1167 0 0
0 0 1
1 8.97854e+07 0
1168 0 0
0 0 1
1 8.96041e+07 0
1169 0 0
0 0 1
1 8.94251e+07 0
1170 0 0
0 0 1
1 8.92511e+07 0
1171 0 0
0 0 1
1 8.90847e+07 0
1172 0 0
0 0 1
1 8.89281e+07 0
1173 0 0
0 0 1
1 8.87824e+07 0
1174 0 0
0 0 1
1 8.86474e+07 0
1175 0 0
0 0 1
1 8.85219e+07 0
1176 0 0
0 0 1
1 8.84042e+07 0
1177 0 0
0 0 1
1 8.82923e+07 0
1178 0 0
0 0 1
1 8.81848e+07 0
1179 0 0
0 0 1
1 8.80806e+07 0
1180 0 0
0 0 1
1 8.79788e+07 0
1181 0 0
0 0 1
1 8.78787e+07 0
1182 0 0
0 0 1
1 8.77798e+07 0
1183 0 0
0 0 1
1 8.76818e+07 0
1184 0 0
0 0 1
1 8.75839e+07 0
1185 0 0
0 0 1
1 8.74853e+07 0
1186 0 0
0 0 1
1 8.73848e+07 0
1187 0 0
0 0 1
1 8.7281e+07 0
1188 0 0
0 0 1
1 8.71726e+07 0
1189 0 0
0 0 1
1 8.70589e+07 0
1190 0 0
0 0 1
1 8.69395e+07 0
1191 0 0
0 0 1
1 8.68148e+07 0
1192 0 0
0 0 1
1 8.66847e+07 0
1193 0 0
0 0 1
1 8.65489e+07 0
1194 0 0
0 0 1
1 8.64066e+07 0
1195 0 0
0 0 1
1 8.62571e+07 0
1196 0 0
0 0 1
1 8.60999e+07 0
1197 0 0
0 0 1
1 8.59356e+07 0
1198 0 0
0 0 1
1 8.57654e+07 0
1199 0 0
0 0 1
1 8.55913e+07 0
1200 0 0
0 0 1
1 8.54153e+07 0
1201 0 0
0 0 1
1 8.52396e+07 0
1202 0 0
0 0 1
1 8.50667e+07 0
1203 0 0
0 0 1
1 8.48991e+07 0
1204 0 0
0 0 1
1 8.47394e+07 0
1205 0 0
0 0 1
1 8.45888e+07 0
1206 0 0
0 0 1
1 8.44473e+07 0
1207 0 0
0 0 1
1 8.43126e+07 0
1208 0 0
0 0 1
1 8.41805e+07 0
1209 0 0
0 0 1
1 8.4045e+07 0
1210 0 0
0 0 1
1 8.39003e+07 0
1211 0 0
0 0 1
1 8.37419e+07 0
1212 0 0
0 0 1
1 8.35678e+07 0
1213 0 0
0 0 1
1 8.33794e+07 0
1214 0 0
0 0 1
1 8.31817e+07 0
1215 0 0
0 0 1
1 8.29825e+07 0
1216 0 0
0 0 1
1 8.27907e+07 0
1217 0 0
0 0 1
1 8.26148e+07 0
1218 0 0
0 0 1
1 8.24606e+07 0
1219 0 0
0 0 1
1 8.23302e+07 0
1220 0 0
0 0 1
1 8.22215e+07 0
1221 0 0
0 0 1
1 8.21295e+07 0
1222 0 0
0 0 1
1 8.20475e+07 0
1223 0 0
0 0 1
1 8.19695e+07 0
1224 0 0
0 0 1
1 8.18911e+07 0
1225 0 0
0 0 1
1 8.18099e+07 0
1226 0 0
0 0 1
1 8.17247e+07 0
1227 0 0
0 0 1
1 8.16353e+07 0
1228 0 0
0 0 1
1 8.15422e+07 0
1229 0 0
0 0 1
1 8.14463e+07 0
1230 0 0
0 0 1
1 8.13494e+07 0
1231 0 0
0 0 1
1 8.12538e+07 0
1232 0 0
0 0 1
1 8.11619e+07 0
1233 0 0
0 0 1
1 8.10764e+07 0
1234 0 0
0 0 1
1 8.09995e+07 0
1235 0 0
0 0 1
1 8.09323e+07 0
1236 0 0
0 0 1
1 8.08742e+07 0
1237 0 0
0 0 1
1 8.08228e+07 0
1238 0 0
0 0 1
1 8.0774e+07 0
1239 0 0
0 0 1
1 8.07229e+07 0
1240 0 0
0 0 1
1 8.06654e+07 0
1241 0 0
0 0 1
1 8.05988e+07 0
1242 0 0
0 0 1
1 8.05222e+07 0
1243 0 0
0 0 1
1 8.04366e+07 0
1244 0 0
0 0 1
1 8.03433e+07 0
1245 0 0
0 0 1
1 8.02434e+07 0
1246 0 0
0 0 1
1 8.01367e+07 0
1247 0 0
0 0 1
1 8.00219e+07 0
1248 0 0
0 0 1
1 7.98967e+07 0
1249 0 0
0 0 1
1 7.97595e+07 0
1250 0 0
0 0 1
1 7.96097e+07 0
1251 0 0
0 0 1
1 7.94486e+07 0
1252 0 0
0 0 1
1 7.92789e+07 0
1253 0 0
0 0 1
1 7.91047e+07 0
1254 0 0
0 0 1
1 7.89304e+07 0
1255 0 0
0 0 1
1 7.87602e+07 0
1256 0 0
0 0 1
1 7.85975e+07 0
1257 0 0
0 0 1
1 7.84438e+07 0
1258 0 0
0 0 1
1 7.82986e+07 0
1259 0 0
0 0 1
1 7.81593e+07 0
1260 0 0
0 0 1
1 7.80223e+07 0
1261 0 0
0 0 1
1 7.78838e+07 0
1262 0 0
0 0 1
1 7.77413e+07 0
1263 0 0
0 0 1
1 7.75938e+07 0
1264 0 0
0 0 1
1 7.74423e+07 0
1265 0 0
0 0 1
1 7.72892e+07 0
1266 0 0
0 0 1
1 7.71377e+07 0
1267 0 0
0 0 1
1 7.69914e+07 0
1268 0 0
0 0 1
1 7.68529e+07 0
1269 0 0
0 0 1
1 7.67235e+07 0
1270 0 0
0 0 1
1 7.66042e+07 0
1271 0 0
0 0 1
1 7.64951e+07 0
1272 0 0
0 0 1
1 7.63967e+07 0
1273 0 0
0 0 1
1 7.63098e+07 0
1274 0 0
0 0 1
1 7.62351e+07 0
1275 0 0
0 0 1
1 7.6173e+07 0
1276 0 0
0 0 1
1 7.61229e+07 0
1277 0 0
0 0 1
1 7.60824e+07 0
1278 0 0
0 0 1
1 7.60471e+07 0
1279 0 0
0 0 1
1 7.60114e+07 0
1280 0 0
0 0 1
1 7.59696e+07 0
1281 0 0
0 0 1
1 7.59177e+07 0
1282 0 0
0 0 1
1 7.58541e+07 0
1283 0 0
0 0 1
1 7.57793e+07 0
1284 0 0
0 0 1
1 7.5695e+07 0
1285 0 0
0 0 1
1 7.5603e+07 0
1286 0 0
0 0 1
1 7.55042e+07 0
1287 0 0
0 0 1
1 7.53981e+07 0
1288 0 0
0 0 1
1 7.52834e+07 0
1289 0 0
0 0 1
1 7.51586e+07 0
1290 0 0
0 0 1
1 7.50228e+07 0
1291 0 0
0 0 1
1 7.48755e+07 0
1292 0 0
0 0 1
1 7.47168e+07 0
1293 0 0
0 0 1
1 7.45472e+07 0
1294 0 0
0 0 1
1 7.43675e+07 0
1295 0 0
0 0 1
1 7.41788e+07 0
1296 0 0
0 0 1
1 7.39829e+07 0
1297 0 0
0 0 1
1 7.37815e+07 0
1298 0 0
0 0 1
1 7.35768e+07 0
1299 0 0
0 0 1
1 7.33707e+07 0
1300 0 0
0 0 1
1 7.31651e+07 0
1301 0 0
0 0 1
1 7.29624e+07 0
1302 0 0
0 0 1
1 7.27652e+07 0
1303 0 0
0 0 1
1 7.25763e+07 0
1304 0 0
0 0 1
1 7.23979e+07 0
1305 0 0
0 0 1
1 7.22313e+07 0
1306 0 0
0 0 1
1 7.20764e+07 0
1307 0 0
0 0 1
1 7.19325e+07 0
1308 0 0
0 0 1
1 7.17982e+07 0
1309 0 0
0 0 1
1 7.16721e+07 0
1310 0 0
0 0 1
1 7.15534e+07 0
1311 0 0
0 0 1
1 7.14418e+07 0
1312 0 0
0 0 1
1 7.13376e+07 0
1313 0 0
0 0 1
1 7.1242e+07 0
1314 0 0
0 0 1
1 7.11559e+07 0
1315 0 0
0 0 1
1 7.10791e+07 0
1316 0 0
0 0 1
1 7.10097e+07 0
1317 0 0
0 0 1
1 7.09439e+07 0
1318 0 0
0 0 1
1 7.08779e+07 0
1319 0 0
0 0 1
1 7.08089e+07 0
1320 0 0
0 0 1
1 7.07364e+07 0
1321 0 0
0 0 1
1 7.06623e+07 0
1322 0 0
0 0 1
1 7.05896e+07 0
1323 0 0
0 0 1
1 7.05212e+07 0
1324 0 0
0 0 1
1 7.0459e+07 0
1325 0 0
0 0 1
1 7.04034e+07 0
1326 0 0
0 0 1
1 7.0354e+07 0
1327 0 0
0 0 1
1 7.03098e+07 0
1328 0 0
0 0 1
1 7.02697e+07 0
1329 0 0
0 0 1
1 7.02327e+07 0
1330 0 0
0 0 1
1 7.01986e+07 0
1331 0 0
0 0 1
1 7.01672e+07 0
1332 0 0
0 0 1
1 7.01385e+07 0
1333 0 0
0 0 1
1 7.01112e+07 0
1334 0 0
0 0 1
1 7.00823e+07 0
1335 0 0
0 0 1
1 7.00472e+07 0
1336 0 0
0 0 1
1 7.00008e+07 0
1337 0 0
0 0 1
1 6.99382e+07 0
1338 0 0
0 0 1
1 6.98562e+07 0
1339 0 0
0 0 1
1 6.97539e+07 0
1340 0 0
0 0 1
1 6.9633e+07 0
1341 0 0
0 0 1
1 6.94973e+07 0
1342 0 0
0 0 1
1 6.93512e+07 0
1343 0 0
0 0 1
1 6.91986e+07 0
1344 0 0
0 0 1
1 6.90412e+07 0
1345 0 0
0 0 1
1 6.8879e+07 0
1346 0 0
0 0 1
1 6.87114e+07 0
1347 0 0
0 0 1
1 6.8538e+07 0
1348 0 0
0 0 1
1 6.83604e+07 0
1349 0 0
0 0 1
1 6.8182e+07 0
1350 0 0
0 0 1
1 6.80073e+07 0
1351 0 0
0 0 1
1 6.7841e+07 0
1352 0 0
0 0 1
1 6.7687e+07 0
1353 0 0
0 0 1
1 6.75479e+07 0
1354 0 0
0 0 1
1 6.74247e+07 0
1355 0 0
0 0 1
1 6.73172e+07 0
1356 0 0
0 0 1
1 6.72239e+07 0
1357 0 0
0 0 1
1 6.7143e+07 0
1358 0 0
0 0 1
1 6.7072e+07 0
1359 0 0
0 0 1
1 6.7008e+07 0
1360 0 0
0 0 1
1 6.69475e+07 0
1361 0 0
0 0 1
1 6.6887e+07 0
1362 0 0
0 0 1
1 6.68228e+07 0
1363 0 0
0 0 1
1 6.67521e+07 0
1364 0 0
0 0 1
1 6.66731e+07 0
1365 0 0
0 0 1
1 6.65846e+07 0
1366 0 0
0 0 1
1 6.64857e+07 0
1367 0 0
0 0 1
1 6.63762e+07 0
1368 0 0
0 0 1
1 6.62562e+07 0
1369 0 0
0 0 1
1 6.6127e+07 0
1370 0 0
0 0 1
1 6.59914e+07 0
1371 0 0
0 0 1
1 6.58527e+07 0
1372 0 0
0 0 1
1 6.57147e+07 0
1373 0 0
0 0 1
1 6.55798e+07 0
1374 0 0
0 0 1
1 6.54492e+07 0
-1 0 0
