SIMFIT 1
1   223636361
2   222998299
3   222107416
4   221298157
5   220840073
6   220651426
7   220406640
8   219894392
9   219219521
10   218660953
11   218379689
12   218269365
13   218043209
14   217454815
15   216494552
16   215413576
17   214511554
18   213846539
19   213190235
20   212336805
21   211414293
22   210763486
23   210482107
24   210227267
25   209589060
26   208591804
27   207676698
28   207185540
29   207003294
30   206767760
31   206301413
32   205706429
33   205104717
34   204467425
35   203749370
36   203056255
37   202559521
38   202287187
39   202099568
40   201866255
41   201573635
42   201229247
43   200746849
44   200013191
45   199054646
46   198068232
47   197261857
48   196688712
49   196246122
50   195801916
51   195293181
52   194717761
53   194069763
54   193313030
55   192430729
56   191497220
57   190669538
58   190064180
59   189637526
60   189232524
61   188765684
62   188314845
63   187966416
64   187625905
65   187094561
66   186349972
67   185629378
68   185150897
69   184842172
70   184477908
71   184039904
72   183753194
73   183705621
74   183601772
75   183062758
76   182111677
77   181188418
78   180659513
79   180450077
80   180218458
81   179771353
82   179192265
83   178632000
84   178124294
85   177626769
86   177126109
87   176628772
88   176098926
89   175480371
90   174783100
91   174110335
92   173578175
93   173196316
94   172815703
95   172214996
96   171294051
97   170202952
98   169235522
99   168559649
100   168086278
101   167639209
102   167199213
103   166891409
104   166745516
105   166585439
106   166219174
107   165664429
108   165091405
109   164566595
110   163959109
111   163139215
112   162197675
113   161392712
114   160890881
115   160617044
116   160368863
117   160027073
118   159616182
119   159194505
120   158755941
121   158259569
122   157701904
123   157111076
124   156498742
125   155878347
126   155316617
127   154881012
128   154507529
129   154006373
130   153274935
131   152452021
132   151768929
133   151283604
134   150878605
135   150503318
136   150242208
137   150069466
138   149712130
139   148948874
140   147972851
141   147240052
142   146936503
143   146791147
144   146485399
145   146044665
146   145662221
147   145296290
148   144707289
149   143873184
150   143109399
151   142685452
152   142509379
153   142314669
154   141999914
155   141609345
156   141100133
157   140381545
158   139578634
159   139004639
160   138763522
161   138562591
162   138080016
163   137400720
164   136893955
165   136703609
166   136565174
167   136165355
168   135506826
169   134819950
170   134244866
171   133739512
172   133228465
173   132685610
174   132080263
175   131390355
176   130712220
177   130235681
178   130024552
179   129892891
180   129586979
181   129048407
182   128414464
183   127796361
184   127171373
185   126506389
186   125878893
187   125410814
188   125138171
189   124997951
190   124893846
191   124718973
192   124369637
193   123832152
194   123244100
195   122777932
196   122448807
197   122115417
198   121687092
199   121229008
200   120802902
201   120305741
202   119599940
203   118778935
204   118164573
205   117987091
206   118139755
207   118293426
208   118194641
209   117814319
210   117282371
211   116762198
212   116351049
213   116008120
214   115579150
215   114968324
216   114295704
217   113805991
218   113586262
219   113437827
220   113081090
221   112449611
222   111731286
223   111147782
224   110751264
225   110430095
226   110058083
227   109615137
228   109177023
229   108795043
230   108399028
231   107866313
232   107211347
233   106642768
234   106352147
235   106276477
236   106168092
237   105893688
238   105545381
239   105226503
240   104868545
241   104362664
242   103762823
243   103206361
244   102695740
245   102146478
246   101646762
247   101446881
248   101584374
249   101697180
250   101397404
251   100747773
252   100167923
253   99884367
254   99678067
255   99237042
256   98575637
257   97962981
258   97544829
259   97212162
260   96822805
261   96391153
262   96009052
263   95692551
264   95394255
265   95116401
266   94926752
267   94859384
268   94841081
269   94720915
270   94360182
271   93723563
272   92934675
273   92244701
274   91886410
275   91897710
276   92075817
277   92129237
278   91899261
279   91443891
280   90921647
281   90427118
282   89957510
283   89492274
284   89018933
285   88466343
286   87718164
287   86793433
288   85962548
289   85542145
290   85546049
291   85654401
292   85579132
293   85340007
294   85091282
295   84816122
296   84390149
297   83891324
298   83595241
299   83588936
300   83595943
301   83331892
302   82884740
303   82549379
304   82373341
305   82096285
306   81541199
307   80850885
308   80266602
309   79844989
310   79496926
311   79166258
312   78842361
313   78504318
314   78192543
315   78042014
316   78075758
317   78036753
318   77640635
319   76988771
320   76499632
321   76367120
322   76313388
323   76015346
324   75569388
325   75299973
326   75230282
327   75039036
328   74556844
329   74040835
330   73843451
331   73993329
332   74245823
333   74411389
334   74458316
335   74361215
336   74035955
337   73447898
338   72678571
339   71878440
340   71232133
341   70924975
342   70987988
343   71156305
344   71045782
345   70562795
346   70027020
347   69786150
348   69807369
349   69781258
350   69548627
351   69233321
352   68951026
353   68589027
354   67986304
355   67210686
356   66509966
357   66024462
358   65676076
359   65352808
360   65091135
361   65006805
362   65094181
363   65176592
364   65082082
365   64839391
366   64656079
367   64679885
368   64805966
369   64769738
370   64431153
371   63900492
372   63354278
373   62820088
374   62251353
375   61759348
376   61587376
377   61782206
378   62026704
379   61941970
380   61507358
381   61043686
382   60788772
383   60637366
384   60353096
385   59903797
386   59463441
387   59145079
388   58873918
389   58534542
390   58125820
391   57714566
392   57319037
393   56926374
394   56594603
395   56446189
396   56532842
397   56747820
398   56894967
399   56823895
400   56495176
401   55961144
402   55326760
403   54713173
404   54209148
405   53835751
406   53571181
407   53412136
408   53385445
409   53484592
410   53617915
411   53650986
412   53501968
413   53182727
414   52759798
415   52307892
416   51902716
417   51615393
418   51476384
419   51451391
420   51469574
421   51461167
422   51352908
423   51067488
424   50597241
425   50085868
426   49762356
427   49727614
428   49823253
429   49767273
430   49429536
431   48939881
432   48517981
433   48234356
434   47962409
435   47539696
436   46941309
437   46298553
438   45778926
439   45465123
440   45336589
441   45332413
442   45396623
443   45461160
444   45433186
445   45252951
446   44958133
447   44639328
448   44324254
449   43967482
450   43585515
451   43328082
452   43327811
453   43509791
454   43655140
455   43665934
456   43664388
457   43782938
458   43957551
459   44026662
460   43965453
461   43881788
462   43787966
463   43531609
464   43029186
465   42460323
466   42106447
467   42028268
468   42012607
469   41844237
470   41531977
471   41224150
472   40977311
473   40689094
474   40243997
