2809
1 0 0
0 0 1
1 3.06746e+08 0
2 0 0
0 0 1
1 3.06223e+08 0
3 0 0
0 0 1
1 3.05664e+08 0
4 0 0
0 0 1
1 3.05207e+08 0
5 0 0
0 0 1
1 3.04853e+08 0
6 0 0
0 0 1
1 3.04488e+08 0
7 0 0
0 0 1
1 3.04036e+08 0
8 0 0
0 0 1
1 3.03553e+08 0
9 0 0
0 0 1
1 3.03172e+08 0
10 0 0
0 0 1
1 3.02942e+08 0
11 0 0
0 0 1
1 3.02766e+08 0
12 0 0
0 0 1
1 3.02503e+08 0
13 0 0
0 0 1
1 3.02127e+08 0
14 0 0
0 0 1
1 3.01748e+08 0
15 0 0
0 0 1
1 3.01449e+08 0
16 0 0
0 0 1
1 3.01159e+08 0
17 0 0
0 0 1
1 3.0076e+08 0
18 0 0
0 0 1
1 3.00275e+08 0
19 0 0
0 0 1
1 2.99855e+08 0
20 0 0
0 0 1
1 2.99565e+08 0
21 0 0
0 0 1
1 2.9927e+08 0
22 0 0
0 0 1
1 2.9882e+08 0
23 0 0
0 0 1
1 2.98266e+08 0
24 0 0
0 0 1
1 2.97803e+08 0
25 0 0
0 0 1
1 2.97506e+08 0
26 0 0
0 0 1
1 2.97243e+08 0
27 0 0
0 0 1
1 2.96862e+08 0
28 0 0
0 0 1
1 2.96368e+08 0
29 0 0
0 0 1
1 2.95872e+08 0
30 0 0
0 0 1
1 2.95447e+08 0
31 0 0
0 0 1
1 2.95093e+08 0
32 0 0
0 0 1
1 2.94792e+08 0
33 0 0
0 0 1
1 2.94513e+08 0
34 0 0
0 0 1
1 2.94205e+08 0
35 0 0
0 0 1
1 2.93847e+08 0
36 0 0
0 0 1
1 2.93502e+08 0
37 0 0
0 0 1
1 2.93231e+08 0
38 0 0
0 0 1
1 2.92974e+08 0
39 0 0
0 0 1
1 2.92604e+08 0
40 0 0
0 0 1
1 2.92131e+08 0
41 0 0
0 0 1
1 2.91733e+08 0
42 0 0
0 0 1
1 2.91528e+08 0
43 0 0
0 0 1
1 2.91395e+08 0
44 0 0
0 0 1
1 2.91118e+08 0
45 0 0
0 0 1
1 2.90665e+08 0
46 0 0
0 0 1
1 2.90205e+08 0
47 0 0
0 0 1
1 2.89857e+08 0
48 0 0
0 0 1
1 2.89536e+08 0
49 0 0
0 0 1
1 2.89103e+08 0
50 0 0
0 0 1
1 2.88566e+08 0
51 0 0
0 0 1
1 2.88063e+08 0
52 0 0
0 0 1
1 2.87679e+08 0
53 0 0
0 0 1
1 2.87371e+08 0
54 0 0
0 0 1
1 2.87053e+08 0
55 0 0
0 0 1
1 2.86695e+08 0
56 0 0
0 0 1
1 2.86303e+08 0
57 0 0
0 0 1
1 2.85878e+08 0
58 0 0
0 0 1
1 2.85429e+08 0
59 0 0
0 0 1
1 2.84992e+08 0
60 0 0
0 0 1
1 2.84602e+08 0
61 0 0
0 0 1
1 2.84251e+08 0
62 0 0
0 0 1
1 2.83881e+08 0
63 0 0
0 0 1
1 2.83441e+08 0
64 0 0
0 0 1
1 2.82939e+08 0
65 0 0
0 0 1
1 2.82446e+08 0
66 0 0
0 0 1
1 2.82048e+08 0
67 0 0
0 0 1
1 2.8176e+08 0
68 0 0
0 0 1
1 2.81494e+08 0
69 0 0
0 0 1
1 2.81124e+08 0
70 0 0
0 0 1
1 2.80623e+08 0
71 0 0
0 0 1
1 2.80107e+08 0
72 0 0
0 0 1
1 2.79744e+08 0
73 0 0
0 0 1
1 2.79597e+08 0
74 0 0
0 0 1
1 2.7959e+08 0
75 0 0
0 0 1
1 2.79585e+08 0
76 0 0
0 0 1
1 2.79478e+08 0
77 0 0
0 0 1
1 2.79235e+08 0
78 0 0
0 0 1
1 2.78878e+08 0
79 0 0
0 0 1
1 2.78462e+08 0
80 0 0
0 0 1
1 2.78032e+08 0
81 0 0
0 0 1
1 2.77583e+08 0
82 0 0
0 0 1
1 2.77072e+08 0
83 0 0
0 0 1
1 2.76498e+08 0
84 0 0
0 0 1
1 2.75942e+08 0
85 0 0
0 0 1
1 2.75514e+08 0
86 0 0
0 0 1
1 2.75245e+08 0
87 0 0
0 0 1
1 2.75044e+08 0
88 0 0
0 0 1
1 2.74772e+08 0
89 0 0
0 0 1
1 2.74346e+08 0
90 0 0
0 0 1
1 2.73789e+08 0
91 0 0
0 0 1
1 2.73198e+08 0
92 0 0
0 0 1
1 2.72671e+08 0
93 0 0
0 0 1
1 2.72236e+08 0
94 0 0
0 0 1
1 2.71847e+08 0
95 0 0
0 0 1
1 2.71452e+08 0
96 0 0
0 0 1
1 2.71053e+08 0
97 0 0
0 0 1
1 2.70687e+08 0
98 0 0
0 0 1
1 2.70355e+08 0
99 0 0
0 0 1
1 2.70001e+08 0
100 0 0
0 0 1
1 2.69587e+08 0
101 0 0
0 0 1
1 2.69155e+08 0
102 0 0
0 0 1
1 2.68788e+08 0
103 0 0
0 0 1
1 2.68512e+08 0
104 0 0
0 0 1
1 2.68271e+08 0
105 0 0
0 0 1
1 2.68e+08 0
106 0 0
0 0 1
1 2.67694e+08 0
107 0 0
0 0 1
1 2.67404e+08 0
108 0 0
0 0 1
1 2.6718e+08 0
109 0 0
0 0 1
1 2.67022e+08 0
110 0 0
0 0 1
1 2.66863e+08 0
111 0 0
0 0 1
1 2.66584e+08 0
112 0 0
0 0 1
1 2.66093e+08 0
113 0 0
0 0 1
1 2.65438e+08 0
114 0 0
0 0 1
1 2.64822e+08 0
115 0 0
0 0 1
1 2.64436e+08 0
116 0 0
0 0 1
1 2.64264e+08 0
117 0 0
0 0 1
1 2.64092e+08 0
118 0 0
0 0 1
1 2.63748e+08 0
119 0 0
0 0 1
1 2.633e+08 0
120 0 0
0 0 1
1 2.62943e+08 0
121 0 0
0 0 1
1 2.62716e+08 0
122 0 0
0 0 1
1 2.62429e+08 0
123 0 0
0 0 1
1 2.61902e+08 0
124 0 0
0 0 1
1 2.61211e+08 0
125 0 0
0 0 1
1 2.60623e+08 0
126 0 0
0 0 1
1 2.60293e+08 0
127 0 0
0 0 1
1 2.60107e+08 0
128 0 0
0 0 1
1 2.5984e+08 0
129 0 0
0 0 1
1 2.59392e+08 0
130 0 0
0 0 1
1 2.58836e+08 0
131 0 0
0 0 1
1 2.58279e+08 0
132 0 0
0 0 1
1 2.57767e+08 0
133 0 0
0 0 1
1 2.57316e+08 0
134 0 0
0 0 1
1 2.5694e+08 0
135 0 0
0 0 1
1 2.56627e+08 0
136 0 0
0 0 1
1 2.56324e+08 0
137 0 0
0 0 1
1 2.56007e+08 0
138 0 0
0 0 1
1 2.55712e+08 0
139 0 0
0 0 1
1 2.55464e+08 0
140 0 0
0 0 1
1 2.55216e+08 0
141 0 0
0 0 1
1 2.5491e+08 0
142 0 0
0 0 1
1 2.54576e+08 0
143 0 0
0 0 1
1 2.54294e+08 0
144 0 0
0 0 1
1 2.5405e+08 0
145 0 0
0 0 1
1 2.53719e+08 0
146 0 0
0 0 1
1 2.53236e+08 0
147 0 0
0 0 1
1 2.52716e+08 0
148 0 0
0 0 1
1 2.52317e+08 0
149 0 0
0 0 1
1 2.52035e+08 0
150 0 0
0 0 1
1 2.51715e+08 0
151 0 0
0 0 1
1 2.5127e+08 0
152 0 0
0 0 1
1 2.50789e+08 0
153 0 0
0 0 1
1 2.50388e+08 0
154 0 0
0 0 1
1 2.50031e+08 0
155 0 0
0 0 1
1 2.4958e+08 0
156 0 0
0 0 1
1 2.48995e+08 0
157 0 0
0 0 1
1 2.48406e+08 0
158 0 0
0 0 1
1 2.47978e+08 0
159 0 0
0 0 1
1 2.47752e+08 0
160 0 0
0 0 1
1 2.47636e+08 0
161 0 0
0 0 1
1 2.47492e+08 0
162 0 0
0 0 1
1 2.47224e+08 0
163 0 0
0 0 1
1 2.46813e+08 0
164 0 0
0 0 1
1 2.46335e+08 0
165 0 0
0 0 1
1 2.45915e+08 0
166 0 0
0 0 1
1 2.45618e+08 0
167 0 0
0 0 1
1 2.45368e+08 0
168 0 0
0 0 1
1 2.4502e+08 0
169 0 0
0 0 1
1 2.44516e+08 0
170 0 0
0 0 1
1 2.43955e+08 0
171 0 0
0 0 1
1 2.43491e+08 0
172 0 0
0 0 1
1 2.43169e+08 0
173 0 0
0 0 1
1 2.42897e+08 0
174 0 0
0 0 1
1 2.42545e+08 0
175 0 0
0 0 1
1 2.42073e+08 0
176 0 0
0 0 1
1 2.41554e+08 0
177 0 0
0 0 1
1 2.41094e+08 0
178 0 0
0 0 1
1 2.40742e+08 0
179 0 0
0 0 1
1 2.40469e+08 0
180 0 0
0 0 1
1 2.40221e+08 0
181 0 0
0 0 1
1 2.39973e+08 0
182 0 0
0 0 1
1 2.39737e+08 0
183 0 0
0 0 1
1 2.39508e+08 0
184 0 0
0 0 1
1 2.39224e+08 0
185 0 0
0 0 1
1 2.38794e+08 0
186 0 0
0 0 1
1 2.38199e+08 0
187 0 0
0 0 1
1 2.37543e+08 0
188 0 0
0 0 1
1 2.36985e+08 0
189 0 0
0 0 1
1 2.36595e+08 0
190 0 0
0 0 1
1 2.36285e+08 0
191 0 0
0 0 1
1 2.35923e+08 0
192 0 0
0 0 1
1 2.35488e+08 0
193 0 0
0 0 1
1 2.35084e+08 0
194 0 0
0 0 1
1 2.34777e+08 0
195 0 0
0 0 1
1 2.34484e+08 0
196 0 0
0 0 1
1 2.34067e+08 0
197 0 0
0 0 1
1 2.33524e+08 0
198 0 0
0 0 1
1 2.33012e+08 0
199 0 0
0 0 1
1 2.3266e+08 0
200 0 0
0 0 1
1 2.32428e+08 0
201 0 0
0 0 1
1 2.32186e+08 0
202 0 0
0 0 1
1 2.31869e+08 0
203 0 0
0 0 1
1 2.31508e+08 0
204 0 0
0 0 1
1 2.3114e+08 0
205 0 0
0 0 1
1 2.30774e+08 0
206 0 0
0 0 1
1 2.30435e+08 0
207 0 0
0 0 1
1 2.30161e+08 0
208 0 0
0 0 1
1 2.29922e+08 0
209 0 0
0 0 1
1 2.29625e+08 0
210 0 0
0 0 1
1 2.29224e+08 0
211 0 0
0 0 1
1 2.28789e+08 0
212 0 0
0 0 1
1 2.28391e+08 0
213 0 0
0 0 1
1 2.27986e+08 0
214 0 0
0 0 1
1 2.27493e+08 0
215 0 0
0 0 1
1 2.2695e+08 0
216 0 0
0 0 1
1 2.26485e+08 0
217 0 0
0 0 1
1 2.26135e+08 0
218 0 0
0 0 1
1 2.25796e+08 0
219 0 0
0 0 1
1 2.25387e+08 0
220 0 0
0 0 1
1 2.24982e+08 0
221 0 0
0 0 1
1 2.24684e+08 0
222 0 0
0 0 1
1 2.24455e+08 0
223 0 0
0 0 1
1 2.24158e+08 0
224 0 0
0 0 1
1 2.23757e+08 0
225 0 0
0 0 1
1 2.23357e+08 0
226 0 0
0 0 1
1 2.2305e+08 0
227 0 0
0 0 1
1 2.22801e+08 0
228 0 0
0 0 1
1 2.22535e+08 0
229 0 0
0 0 1
1 2.22249e+08 0
230 0 0
0 0 1
1 2.2198e+08 0
231 0 0
0 0 1
1 2.21707e+08 0
232 0 0
0 0 1
1 2.21355e+08 0
233 0 0
0 0 1
1 2.20887e+08 0
234 0 0
0 0 1
1 2.20354e+08 0
235 0 0
0 0 1
1 2.19855e+08 0
236 0 0
0 0 1
1 2.19473e+08 0
237 0 0
0 0 1
1 2.19222e+08 0
238 0 0
0 0 1
1 2.19019e+08 0
239 0 0
0 0 1
1 2.18726e+08 0
240 0 0
0 0 1
1 2.18278e+08 0
241 0 0
0 0 1
1 2.1775e+08 0
242 0 0
0 0 1
1 2.17252e+08 0
243 0 0
0 0 1
1 2.16785e+08 0
244 0 0
0 0 1
1 2.16288e+08 0
245 0 0
0 0 1
1 2.158e+08 0
246 0 0
0 0 1
1 2.15456e+08 0
247 0 0
0 0 1
1 2.15281e+08 0
248 0 0
0 0 1
1 2.15091e+08 0
249 0 0
0 0 1
1 2.14711e+08 0
250 0 0
0 0 1
1 2.14211e+08 0
251 0 0
0 0 1
1 2.13802e+08 0
252 0 0
0 0 1
1 2.13531e+08 0
253 0 0
0 0 1
1 2.13242e+08 0
254 0 0
0 0 1
1 2.12846e+08 0
255 0 0
0 0 1
1 2.12477e+08 0
256 0 0
0 0 1
1 2.12276e+08 0
257 0 0
0 0 1
1 2.12149e+08 0
258 0 0
0 0 1
1 2.11872e+08 0
259 0 0
0 0 1
1 2.1139e+08 0
260 0 0
0 0 1
1 2.10867e+08 0
261 0 0
0 0 1
1 2.10458e+08 0
262 0 0
0 0 1
1 2.10143e+08 0
263 0 0
0 0 1
1 2.09827e+08 0
264 0 0
0 0 1
1 2.09494e+08 0
265 0 0
0 0 1
1 2.09184e+08 0
266 0 0
0 0 1
1 2.08883e+08 0
267 0 0
0 0 1
1 2.08525e+08 0
268 0 0
0 0 1
1 2.08084e+08 0
269 0 0
0 0 1
1 2.07599e+08 0
270 0 0
0 0 1
1 2.07119e+08 0
271 0 0
0 0 1
1 2.06661e+08 0
272 0 0
0 0 1
1 2.06222e+08 0
273 0 0
0 0 1
1 2.05774e+08 0
274 0 0
0 0 1
1 2.05269e+08 0
275 0 0
0 0 1
1 2.04695e+08 0
276 0 0
0 0 1
1 2.04131e+08 0
277 0 0
0 0 1
1 2.03701e+08 0
278 0 0
0 0 1
1 2.0344e+08 0
279 0 0
0 0 1
1 2.03249e+08 0
280 0 0
0 0 1
1 2.02994e+08 0
281 0 0
0 0 1
1 2.02632e+08 0
282 0 0
0 0 1
1 2.02222e+08 0
283 0 0
0 0 1
1 2.01849e+08 0
284 0 0
0 0 1
1 2.01564e+08 0
285 0 0
0 0 1
1 2.01354e+08 0
286 0 0
0 0 1
1 2.01149e+08 0
287 0 0
0 0 1
1 2.00862e+08 0
288 0 0
0 0 1
1 2.00473e+08 0
289 0 0
0 0 1
1 2.00037e+08 0
290 0 0
0 0 1
1 1.99596e+08 0
291 0 0
0 0 1
1 1.99127e+08 0
292 0 0
0 0 1
1 1.98622e+08 0
293 0 0
0 0 1
1 1.9817e+08 0
294 0 0
0 0 1
1 1.97873e+08 0
295 0 0
0 0 1
1 1.97681e+08 0
296 0 0
0 0 1
1 1.97417e+08 0
297 0 0
0 0 1
1 1.96999e+08 0
298 0 0
0 0 1
1 1.96552e+08 0
299 0 0
0 0 1
1 1.96227e+08 0
300 0 0
0 0 1
1 1.95974e+08 0
301 0 0
0 0 1
1 1.95609e+08 0
302 0 0
0 0 1
1 1.95061e+08 0
303 0 0
0 0 1
1 1.94467e+08 0
304 0 0
0 0 1
1 1.9399e+08 0
305 0 0
0 0 1
1 1.93646e+08 0
306 0 0
0 0 1
1 1.93352e+08 0
307 0 0
0 0 1
1 1.93065e+08 0
308 0 0
0 0 1
1 1.92802e+08 0
309 0 0
0 0 1
1 1.9255e+08 0
310 0 0
0 0 1
1 1.92249e+08 0
311 0 0
0 0 1
1 1.91868e+08 0
312 0 0
0 0 1
1 1.91449e+08 0
313 0 0
0 0 1
1 1.91052e+08 0
314 0 0
0 0 1
1 1.90692e+08 0
315 0 0
0 0 1
1 1.90348e+08 0
316 0 0
0 0 1
1 1.90012e+08 0
317 0 0
0 0 1
1 1.897e+08 0
318 0 0
0 0 1
1 1.89432e+08 0
319 0 0
0 0 1
1 1.89204e+08 0
320 0 0
0 0 1
1 1.88988e+08 0
321 0 0
0 0 1
1 1.88739e+08 0
322 0 0
0 0 1
1 1.88423e+08 0
323 0 0
0 0 1
1 1.88028e+08 0
324 0 0
0 0 1
1 1.87557e+08 0
325 0 0
0 0 1
1 1.87028e+08 0
326 0 0
0 0 1
1 1.86504e+08 0
327 0 0
0 0 1
1 1.86079e+08 0
328 0 0
0 0 1
1 1.85794e+08 0
329 0 0
0 0 1
1 1.85555e+08 0
330 0 0
0 0 1
1 1.85201e+08 0
331 0 0
0 0 1
1 1.84679e+08 0
332 0 0
0 0 1
1 1.84108e+08 0
333 0 0
0 0 1
1 1.83636e+08 0
334 0 0
0 0 1
1 1.83277e+08 0
335 0 0
0 0 1
1 1.82944e+08 0
336 0 0
0 0 1
1 1.82585e+08 0
337 0 0
0 0 1
1 1.82223e+08 0
338 0 0
0 0 1
1 1.81863e+08 0
339 0 0
0 0 1
1 1.81446e+08 0
340 0 0
0 0 1
1 1.80951e+08 0
341 0 0
0 0 1
1 1.80442e+08 0
342 0 0
0 0 1
1 1.80004e+08 0
343 0 0
0 0 1
1 1.79647e+08 0
344 0 0
0 0 1
1 1.79349e+08 0
345 0 0
0 0 1
1 1.7912e+08 0
346 0 0
0 0 1
1 1.78956e+08 0
347 0 0
0 0 1
1 1.78776e+08 0
348 0 0
0 0 1
1 1.78478e+08 0
349 0 0
0 0 1
1 1.78072e+08 0
350 0 0
0 0 1
1 1.77666e+08 0
351 0 0
0 0 1
1 1.77302e+08 0
352 0 0
0 0 1
1 1.76898e+08 0
353 0 0
0 0 1
1 1.76394e+08 0
354 0 0
0 0 1
1 1.75871e+08 0
355 0 0
0 0 1
1 1.75452e+08 0
356 0 0
0 0 1
1 1.75147e+08 0
357 0 0
0 0 1
1 1.74874e+08 0
358 0 0
0 0 1
1 1.74607e+08 0
359 0 0
0 0 1
1 1.7439e+08 0
360 0 0
0 0 1
1 1.74198e+08 0
361 0 0
0 0 1
1 1.73907e+08 0
362 0 0
0 0 1
1 1.73456e+08 0
363 0 0
0 0 1
1 1.72968e+08 0
364 0 0
0 0 1
1 1.72615e+08 0
365 0 0
0 0 1
1 1.72415e+08 0
366 0 0
0 0 1
1 1.7222e+08 0
367 0 0
0 0 1
1 1.7191e+08 0
368 0 0
0 0 1
1 1.71512e+08 0
369 0 0
0 0 1
1 1.71128e+08 0
370 0 0
0 0 1
1 1.70811e+08 0
371 0 0
0 0 1
1 1.70543e+08 0
372 0 0
0 0 1
1 1.70292e+08 0
373 0 0
0 0 1
1 1.70024e+08 0
374 0 0
0 0 1
1 1.69715e+08 0
375 0 0
0 0 1
1 1.69364e+08 0
376 0 0
0 0 1
1 1.69002e+08 0
377 0 0
0 0 1
1 1.68635e+08 0
378 0 0
0 0 1
1 1.68211e+08 0
379 0 0
0 0 1
1 1.67671e+08 0
380 0 0
0 0 1
1 1.67036e+08 0
381 0 0
0 0 1
1 1.66417e+08 0
382 0 0
0 0 1
1 1.6592e+08 0
383 0 0
0 0 1
1 1.65579e+08 0
384 0 0
0 0 1
1 1.65378e+08 0
385 0 0
0 0 1
1 1.65273e+08 0
386 0 0
0 0 1
1 1.65181e+08 0
387 0 0
0 0 1
1 1.64982e+08 0
388 0 0
0 0 1
1 1.64606e+08 0
389 0 0
0 0 1
1 1.64103e+08 0
390 0 0
0 0 1
1 1.6361e+08 0
391 0 0
0 0 1
1 1.6321e+08 0
392 0 0
0 0 1
1 1.62878e+08 0
393 0 0
0 0 1
1 1.62557e+08 0
394 0 0
0 0 1
1 1.62247e+08 0
395 0 0
0 0 1
1 1.6199e+08 0
396 0 0
0 0 1
1 1.61787e+08 0
397 0 0
0 0 1
1 1.61596e+08 0
398 0 0
0 0 1
1 1.61393e+08 0
399 0 0
0 0 1
1 1.61175e+08 0
400 0 0
0 0 1
1 1.60908e+08 0
401 0 0
0 0 1
1 1.60514e+08 0
402 0 0
0 0 1
1 1.59983e+08 0
403 0 0
0 0 1
1 1.59455e+08 0
404 0 0
0 0 1
1 1.59104e+08 0
405 0 0
0 0 1
1 1.58921e+08 0
406 0 0
0 0 1
1 1.58695e+08 0
407 0 0
0 0 1
1 1.58239e+08 0
408 0 0
0 0 1
1 1.57605e+08 0
409 0 0
0 0 1
1 1.57012e+08 0
410 0 0
0 0 1
1 1.56596e+08 0
411 0 0
0 0 1
1 1.56312e+08 0
412 0 0
0 0 1
1 1.56072e+08 0
413 0 0
0 0 1
1 1.55869e+08 0
414 0 0
0 0 1
1 1.55704e+08 0
415 0 0
0 0 1
1 1.55488e+08 0
416 0 0
0 0 1
1 1.55119e+08 0
417 0 0
0 0 1
1 1.54627e+08 0
418 0 0
0 0 1
1 1.54159e+08 0
419 0 0
0 0 1
1 1.53787e+08 0
420 0 0
0 0 1
1 1.53436e+08 0
421 0 0
0 0 1
1 1.53025e+08 0
422 0 0
0 0 1
1 1.52609e+08 0
423 0 0
0 0 1
1 1.52297e+08 0
424 0 0
0 0 1
1 1.52081e+08 0
425 0 0
0 0 1
1 1.51845e+08 0
426 0 0
0 0 1
1 1.51533e+08 0
427 0 0
0 0 1
1 1.5121e+08 0
428 0 0
0 0 1
1 1.50935e+08 0
429 0 0
0 0 1
1 1.50651e+08 0
430 0 0
0 0 1
1 1.50285e+08 0
431 0 0
0 0 1
1 1.49864e+08 0
432 0 0
0 0 1
1 1.49469e+08 0
433 0 0
0 0 1
1 1.49091e+08 0
434 0 0
0 0 1
1 1.48625e+08 0
435 0 0
0 0 1
1 1.48054e+08 0
436 0 0
0 0 1
1 1.47535e+08 0
437 0 0
0 0 1
1 1.47243e+08 0
438 0 0
0 0 1
1 1.47156e+08 0
439 0 0
0 0 1
1 1.47063e+08 0
440 0 0
0 0 1
1 1.46794e+08 0
441 0 0
0 0 1
1 1.46384e+08 0
442 0 0
0 0 1
1 1.45977e+08 0
443 0 0
0 0 1
1 1.45628e+08 0
444 0 0
0 0 1
1 1.45264e+08 0
445 0 0
0 0 1
1 1.44825e+08 0
446 0 0
0 0 1
1 1.44376e+08 0
447 0 0
0 0 1
1 1.44028e+08 0
448 0 0
0 0 1
1 1.43771e+08 0
449 0 0
0 0 1
1 1.43482e+08 0
450 0 0
0 0 1
1 1.43082e+08 0
451 0 0
0 0 1
1 1.42651e+08 0
452 0 0
0 0 1
1 1.42323e+08 0
453 0 0
0 0 1
1 1.42106e+08 0
454 0 0
0 0 1
1 1.41873e+08 0
455 0 0
0 0 1
1 1.4154e+08 0
456 0 0
0 0 1
1 1.41181e+08 0
457 0 0
0 0 1
1 1.40916e+08 0
458 0 0
0 0 1
1 1.40742e+08 0
459 0 0
0 0 1
1 1.40527e+08 0
460 0 0
0 0 1
1 1.40191e+08 0
461 0 0
0 0 1
1 1.39797e+08 0
462 0 0
0 0 1
1 1.39459e+08 0
463 0 0
0 0 1
1 1.3919e+08 0
464 0 0
0 0 1
1 1.38903e+08 0
465 0 0
0 0 1
1 1.38534e+08 0
466 0 0
0 0 1
1 1.38118e+08 0
467 0 0
0 0 1
1 1.37732e+08 0
468 0 0
0 0 1
1 1.37409e+08 0
469 0 0
0 0 1
1 1.37131e+08 0
470 0 0
0 0 1
1 1.36887e+08 0
471 0 0
0 0 1
1 1.36678e+08 0
472 0 0
0 0 1
1 1.36474e+08 0
473 0 0
0 0 1
1 1.36196e+08 0
474 0 0
0 0 1
1 1.35786e+08 0
475 0 0
0 0 1
1 1.35287e+08 0
476 0 0
0 0 1
1 1.34803e+08 0
477 0 0
0 0 1
1 1.34388e+08 0
478 0 0
0 0 1
1 1.33995e+08 0
479 0 0
0 0 1
1 1.33569e+08 0
480 0 0
0 0 1
1 1.33147e+08 0
481 0 0
0 0 1
1 1.32815e+08 0
482 0 0
0 0 1
1 1.32577e+08 0
483 0 0
0 0 1
1 1.32325e+08 0
484 0 0
0 0 1
1 1.31976e+08 0
485 0 0
0 0 1
1 1.31582e+08 0
486 0 0
0 0 1
1 1.3124e+08 0
487 0 0
0 0 1
1 1.30945e+08 0
488 0 0
0 0 1
1 1.30603e+08 0
489 0 0
0 0 1
1 1.30188e+08 0
490 0 0
0 0 1
1 1.298e+08 0
491 0 0
0 0 1
1 1.29542e+08 0
492 0 0
0 0 1
1 1.29383e+08 0
493 0 0
0 0 1
1 1.29204e+08 0
494 0 0
0 0 1
1 1.28924e+08 0
495 0 0
0 0 1
1 1.28534e+08 0
496 0 0
0 0 1
1 1.28056e+08 0
497 0 0
0 0 1
1 1.27539e+08 0
498 0 0
0 0 1
1 1.27072e+08 0
499 0 0
0 0 1
1 1.26742e+08 0
500 0 0
0 0 1
1 1.26539e+08 0
501 0 0
0 0 1
1 1.26377e+08 0
502 0 0
0 0 1
1 1.26199e+08 0
503 0 0
0 0 1
1 1.26012e+08 0
504 0 0
0 0 1
1 1.25799e+08 0
505 0 0
0 0 1
1 1.25507e+08 0
506 0 0
0 0 1
1 1.25142e+08 0
507 0 0
0 0 1
1 1.24822e+08 0
508 0 0
0 0 1
1 1.24625e+08 0
509 0 0
0 0 1
1 1.24452e+08 0
510 0 0
0 0 1
1 1.24124e+08 0
511 0 0
0 0 1
1 1.23616e+08 0
512 0 0
0 0 1
1 1.23087e+08 0
513 0 0
0 0 1
1 1.22673e+08 0
514 0 0
0 0 1
1 1.22344e+08 0
515 0 0
0 0 1
1 1.2201e+08 0
516 0 0
0 0 1
1 1.21671e+08 0
517 0 0
0 0 1
1 1.21381e+08 0
518 0 0
0 0 1
1 1.21138e+08 0
519 0 0
0 0 1
1 1.20899e+08 0
520 0 0
0 0 1
1 1.20668e+08 0
521 0 0
0 0 1
1 1.20481e+08 0
522 0 0
0 0 1
1 1.20315e+08 0
523 0 0
0 0 1
1 1.20089e+08 0
524 0 0
0 0 1
1 1.19773e+08 0
525 0 0
0 0 1
1 1.19409e+08 0
526 0 0
0 0 1
1 1.19028e+08 0
527 0 0
0 0 1
1 1.18629e+08 0
528 0 0
0 0 1
1 1.18251e+08 0
529 0 0
0 0 1
1 1.17961e+08 0
530 0 0
0 0 1
1 1.17723e+08 0
531 0 0
0 0 1
1 1.17366e+08 0
532 0 0
0 0 1
1 1.16811e+08 0
533 0 0
0 0 1
1 1.16242e+08 0
534 0 0
0 0 1
1 1.1592e+08 0
535 0 0
0 0 1
1 1.15852e+08 0
536 0 0
0 0 1
1 1.15768e+08 0
537 0 0
0 0 1
1 1.15455e+08 0
538 0 0
0 0 1
1 1.14971e+08 0
539 0 0
0 0 1
1 1.14488e+08 0
540 0 0
0 0 1
1 1.14045e+08 0
541 0 0
0 0 1
1 1.13581e+08 0
542 0 0
0 0 1
1 1.13128e+08 0
543 0 0
0 0 1
1 1.1281e+08 0
544 0 0
0 0 1
1 1.12658e+08 0
545 0 0
0 0 1
1 1.12557e+08 0
546 0 0
0 0 1
1 1.12413e+08 0
547 0 0
0 0 1
1 1.12271e+08 0
548 0 0
0 0 1
1 1.12196e+08 0
549 0 0
0 0 1
1 1.12124e+08 0
550 0 0
0 0 1
1 1.11911e+08 0
551 0 0
0 0 1
1 1.11517e+08 0
552 0 0
0 0 1
1 1.11042e+08 0
553 0 0
0 0 1
1 1.10595e+08 0
554 0 0
0 0 1
1 1.10192e+08 0
555 0 0
0 0 1
1 1.09796e+08 0
556 0 0
0 0 1
1 1.09411e+08 0
557 0 0
0 0 1
1 1.09079e+08 0
558 0 0
0 0 1
1 1.08818e+08 0
559 0 0
0 0 1
1 1.08589e+08 0
560 0 0
0 0 1
1 1.08333e+08 0
561 0 0
0 0 1
1 1.08004e+08 0
562 0 0
0 0 1
1 1.07582e+08 0
563 0 0
0 0 1
1 1.07075e+08 0
564 0 0
0 0 1
1 1.0654e+08 0
565 0 0
0 0 1
1 1.06091e+08 0
566 0 0
0 0 1
1 1.05846e+08 0
567 0 0
0 0 1
1 1.05813e+08 0
568 0 0
0 0 1
1 1.05838e+08 0
569 0 0
0 0 1
1 1.0572e+08 0
570 0 0
0 0 1
1 1.05409e+08 0
571 0 0
0 0 1
1 1.05051e+08 0
572 0 0
0 0 1
1 1.04792e+08 0
573 0 0
0 0 1
1 1.04574e+08 0
574 0 0
0 0 1
1 1.04205e+08 0
575 0 0
0 0 1
1 1.03622e+08 0
576 0 0
0 0 1
1 1.02997e+08 0
577 0 0
0 0 1
1 1.02549e+08 0
578 0 0
0 0 1
1 1.02319e+08 0
579 0 0
0 0 1
1 1.02209e+08 0
580 0 0
0 0 1
1 1.02145e+08 0
581 0 0
0 0 1
1 1.02117e+08 0
582 0 0
0 0 1
1 1.02068e+08 0
583 0 0
0 0 1
1 1.01884e+08 0
584 0 0
0 0 1
1 1.01536e+08 0
585 0 0
0 0 1
1 1.0115e+08 0
586 0 0
0 0 1
1 1.00862e+08 0
587 0 0
0 0 1
1 1.00667e+08 0
588 0 0
0 0 1
1 1.00461e+08 0
589 0 0
0 0 1
1 1.00182e+08 0
590 0 0
0 0 1
1 9.98373e+07 0
591 0 0
0 0 1
1 9.94336e+07 0
592 0 0
0 0 1
1 9.89646e+07 0
593 0 0
0 0 1
1 9.84744e+07 0
594 0 0
0 0 1
1 9.8036e+07 0
595 0 0
0 0 1
1 9.76434e+07 0
596 0 0
0 0 1
1 9.7203e+07 0
597 0 0
0 0 1
1 9.66838e+07 0
598 0 0
0 0 1
1 9.62145e+07 0
599 0 0
0 0 1
1 9.5959e+07 0
600 0 0
0 0 1
1 9.59152e+07 0
601 0 0
0 0 1
1 9.58998e+07 0
602 0 0
0 0 1
1 9.57328e+07 0
603 0 0
0 0 1
1 9.53936e+07 0
604 0 0
0 0 1
1 9.49933e+07 0
605 0 0
0 0 1
1 9.4644e+07 0
606 0 0
0 0 1
1 9.43729e+07 0
607 0 0
0 0 1
1 9.4135e+07 0
608 0 0
0 0 1
1 9.38836e+07 0
609 0 0
0 0 1
1 9.36288e+07 0
610 0 0
0 0 1
1 9.34184e+07 0
611 0 0
0 0 1
1 9.3252e+07 0
612 0 0
0 0 1
1 9.3039e+07 0
613 0 0
0 0 1
1 9.26947e+07 0
614 0 0
0 0 1
1 9.22704e+07 0
615 0 0
0 0 1
1 9.19209e+07 0
616 0 0
0 0 1
1 9.17167e+07 0
617 0 0
0 0 1
1 9.1547e+07 0
618 0 0
0 0 1
1 9.12602e+07 0
619 0 0
0 0 1
1 9.08554e+07 0
620 0 0
0 0 1
1 9.04638e+07 0
621 0 0
0 0 1
1 9.01643e+07 0
622 0 0
0 0 1
1 8.9903e+07 0
623 0 0
0 0 1
1 8.96089e+07 0
624 0 0
0 0 1
1 8.93071e+07 0
625 0 0
0 0 1
1 8.90704e+07 0
626 0 0
0 0 1
1 8.89085e+07 0
627 0 0
0 0 1
1 8.87628e+07 0
628 0 0
0 0 1
1 8.85847e+07 0
629 0 0
0 0 1
1 8.8367e+07 0
630 0 0
0 0 1
1 8.81119e+07 0
631 0 0
0 0 1
1 8.78219e+07 0
632 0 0
0 0 1
1 8.75233e+07 0
633 0 0
0 0 1
1 8.72527e+07 0
634 0 0
0 0 1
1 8.70086e+07 0
635 0 0
0 0 1
1 8.67546e+07 0
636 0 0
0 0 1
1 8.64758e+07 0
637 0 0
0 0 1
1 8.61915e+07 0
638 0 0
0 0 1
1 8.58941e+07 0
639 0 0
0 0 1
1 8.5524e+07 0
640 0 0
0 0 1
1 8.50507e+07 0
641 0 0
0 0 1
1 8.45505e+07 0
642 0 0
0 0 1
1 8.4154e+07 0
643 0 0
0 0 1
1 8.39162e+07 0
644 0 0
0 0 1
1 8.37723e+07 0
645 0 0
0 0 1
1 8.3618e+07 0
646 0 0
0 0 1
1 8.33962e+07 0
647 0 0
0 0 1
1 8.31108e+07 0
648 0 0
0 0 1
1 8.28072e+07 0
649 0 0
0 0 1
1 8.2561e+07 0
650 0 0
0 0 1
1 8.24376e+07 0
651 0 0
0 0 1
1 8.24121e+07 0
652 0 0
0 0 1
1 8.23513e+07 0
653 0 0
0 0 1
1 8.21279e+07 0
654 0 0
0 0 1
1 8.176e+07 0
655 0 0
0 0 1
1 8.13988e+07 0
656 0 0
0 0 1
1 8.11621e+07 0
657 0 0
0 0 1
1 8.10079e+07 0
658 0 0
0 0 1
1 8.07943e+07 0
659 0 0
0 0 1
1 8.04413e+07 0
660 0 0
0 0 1
1 8.00041e+07 0
661 0 0
0 0 1
1 7.95967e+07 0
662 0 0
0 0 1
1 7.92727e+07 0
663 0 0
0 0 1
1 7.89922e+07 0
664 0 0
0 0 1
1 7.86824e+07 0
665 0 0
0 0 1
1 7.83144e+07 0
666 0 0
0 0 1
1 7.79264e+07 0
667 0 0
0 0 1
1 7.75851e+07 0
668 0 0
0 0 1
1 7.73277e+07 0
669 0 0
0 0 1
1 7.71316e+07 0
670 0 0
0 0 1
1 7.69305e+07 0
671 0 0
0 0 1
1 7.66589e+07 0
672 0 0
0 0 1
1 7.62882e+07 0
673 0 0
0 0 1
1 7.58416e+07 0
674 0 0
0 0 1
1 7.53888e+07 0
675 0 0
0 0 1
1 7.50195e+07 0
676 0 0
0 0 1
1 7.4792e+07 0
677 0 0
0 0 1
1 7.4686e+07 0
678 0 0
0 0 1
1 7.46123e+07 0
679 0 0
0 0 1
1 7.44886e+07 0
680 0 0
0 0 1
1 7.43072e+07 0
681 0 0
0 0 1
1 7.41189e+07 0
682 0 0
0 0 1
1 7.39542e+07 0
683 0 0
0 0 1
1 7.3782e+07 0
684 0 0
0 0 1
1 7.35534e+07 0
685 0 0
0 0 1
1 7.32641e+07 0
686 0 0
0 0 1
1 7.29504e+07 0
687 0 0
0 0 1
1 7.26345e+07 0
688 0 0
0 0 1
1 7.23089e+07 0
689 0 0
0 0 1
1 7.19806e+07 0
690 0 0
0 0 1
1 7.16992e+07 0
691 0 0
0 0 1
1 7.15106e+07 0
692 0 0
0 0 1
1 7.13878e+07 0
693 0 0
0 0 1
1 7.12382e+07 0
694 0 0
0 0 1
1 7.09902e+07 0
695 0 0
0 0 1
1 7.06628e+07 0
696 0 0
0 0 1
1 7.03432e+07 0
697 0 0
0 0 1
1 7.01022e+07 0
698 0 0
0 0 1
1 6.99397e+07 0
699 0 0
0 0 1
1 6.98004e+07 0
700 0 0
0 0 1
1 6.96239e+07 0
701 0 0
0 0 1
1 6.93772e+07 0
702 0 0
0 0 1
1 6.90569e+07 0
703 0 0
0 0 1
1 6.8685e+07 0
704 0 0
0 0 1
1 6.83102e+07 0
705 0 0
0 0 1
1 6.79923e+07 0
706 0 0
0 0 1
1 6.77552e+07 0
707 0 0
0 0 1
1 6.75445e+07 0
708 0 0
0 0 1
1 6.72581e+07 0
709 0 0
0 0 1
1 6.68474e+07 0
710 0 0
0 0 1
1 6.63856e+07 0
711 0 0
0 0 1
1 6.60064e+07 0
712 0 0
0 0 1
1 6.57713e+07 0
713 0 0
0 0 1
1 6.56231e+07 0
714 0 0
0 0 1
1 6.54802e+07 0
715 0 0
0 0 1
1 6.53379e+07 0
716 0 0
0 0 1
1 6.52412e+07 0
717 0 0
0 0 1
1 6.51862e+07 0
718 0 0
0 0 1
1 6.51063e+07 0
719 0 0
0 0 1
1 6.49559e+07 0
720 0 0
0 0 1
1 6.4748e+07 0
721 0 0
0 0 1
1 6.44841e+07 0
722 0 0
0 0 1
1 6.41041e+07 0
723 0 0
0 0 1
1 6.35727e+07 0
724 0 0
0 0 1
1 6.29916e+07 0
725 0 0
0 0 1
1 6.25531e+07 0
726 0 0
0 0 1
1 6.23578e+07 0
727 0 0
0 0 1
1 6.23163e+07 0
728 0 0
0 0 1
1 6.22575e+07 0
729 0 0
0 0 1
1 6.21034e+07 0
730 0 0
0 0 1
1 6.19115e+07 0
731 0 0
0 0 1
1 6.17648e+07 0
732 0 0
0 0 1
1 6.16581e+07 0
733 0 0
0 0 1
1 6.15014e+07 0
734 0 0
0 0 1
1 6.12222e+07 0
735 0 0
0 0 1
1 6.08585e+07 0
736 0 0
0 0 1
1 6.05392e+07 0
737 0 0
0 0 1
1 6.03472e+07 0
738 0 0
0 0 1
1 6.02044e+07 0
739 0 0
0 0 1
1 5.99383e+07 0
740 0 0
0 0 1
1 5.94944e+07 0
741 0 0
0 0 1
1 5.90401e+07 0
742 0 0
0 0 1
1 5.87919e+07 0
743 0 0
0 0 1
1 5.87551e+07 0
744 0 0
0 0 1
1 5.87094e+07 0
745 0 0
0 0 1
1 5.84711e+07 0
746 0 0
0 0 1
1 5.8092e+07 0
747 0 0
0 0 1
1 5.77486e+07 0
748 0 0
0 0 1
1 5.75005e+07 0
749 0 0
0 0 1
1 5.72468e+07 0
750 0 0
0 0 1
1 5.69049e+07 0
751 0 0
0 0 1
1 5.65343e+07 0
752 0 0
0 0 1
1 5.62518e+07 0
753 0 0
0 0 1
1 5.60877e+07 0
754 0 0
0 0 1
1 5.59689e+07 0
755 0 0
0 0 1
1 5.58061e+07 0
756 0 0
0 0 1
1 5.55569e+07 0
757 0 0
0 0 1
1 5.52361e+07 0
758 0 0
0 0 1
1 5.49147e+07 0
759 0 0
0 0 1
1 5.469e+07 0
760 0 0
0 0 1
1 5.45997e+07 0
761 0 0
0 0 1
1 5.45593e+07 0
762 0 0
0 0 1
1 5.44317e+07 0
763 0 0
0 0 1
1 5.41684e+07 0
764 0 0
0 0 1
1 5.38445e+07 0
765 0 0
0 0 1
1 5.35433e+07 0
766 0 0
0 0 1
1 5.32596e+07 0
767 0 0
0 0 1
1 5.29553e+07 0
768 0 0
0 0 1
1 5.26667e+07 0
769 0 0
0 0 1
1 5.24835e+07 0
770 0 0
0 0 1
1 5.24147e+07 0
771 0 0
0 0 1
1 5.23424e+07 0
772 0 0
0 0 1
1 5.21494e+07 0
773 0 0
0 0 1
1 5.18603e+07 0
774 0 0
0 0 1
1 5.16048e+07 0
775 0 0
0 0 1
1 5.14436e+07 0
776 0 0
0 0 1
1 5.12827e+07 0
777 0 0
0 0 1
1 5.09934e+07 0
778 0 0
0 0 1
1 5.0585e+07 0
779 0 0
0 0 1
1 5.02104e+07 0
780 0 0
0 0 1
1 4.9996e+07 0
781 0 0
0 0 1
1 4.99107e+07 0
782 0 0
0 0 1
1 4.98266e+07 0
783 0 0
0 0 1
1 4.96711e+07 0
784 0 0
0 0 1
1 4.94705e+07 0
785 0 0
0 0 1
1 4.92639e+07 0
786 0 0
0 0 1
1 4.90395e+07 0
787 0 0
0 0 1
1 4.87754e+07 0
788 0 0
0 0 1
1 4.84857e+07 0
789 0 0
0 0 1
1 4.81875e+07 0
790 0 0
0 0 1
1 4.78667e+07 0
791 0 0
0 0 1
1 4.75294e+07 0
792 0 0
0 0 1
1 4.72509e+07 0
793 0 0
0 0 1
1 4.70953e+07 0
794 0 0
0 0 1
1 4.69933e+07 0
795 0 0
0 0 1
1 4.67874e+07 0
796 0 0
0 0 1
1 4.643e+07 0
797 0 0
0 0 1
1 4.60635e+07 0
798 0 0
0 0 1
1 4.58486e+07 0
799 0 0
0 0 1
1 4.57719e+07 0
800 0 0
0 0 1
1 4.56969e+07 0
801 0 0
0 0 1
1 4.55589e+07 0
802 0 0
0 0 1
1 4.54099e+07 0
803 0 0
0 0 1
1 4.52795e+07 0
804 0 0
0 0 1
1 4.51022e+07 0
805 0 0
0 0 1
1 4.48245e+07 0
806 0 0
0 0 1
1 4.45008e+07 0
807 0 0
0 0 1
1 4.42149e+07 0
808 0 0
0 0 1
1 4.39688e+07 0
809 0 0
0 0 1
1 4.37192e+07 0
810 0 0
0 0 1
1 4.34831e+07 0
811 0 0
0 0 1
1 4.3311e+07 0
812 0 0
0 0 1
1 4.31664e+07 0
813 0 0
0 0 1
1 4.2925e+07 0
814 0 0
0 0 1
1 4.2523e+07 0
815 0 0
0 0 1
1 4.20393e+07 0
816 0 0
0 0 1
1 4.16055e+07 0
817 0 0
0 0 1
1 4.12936e+07 0
818 0 0
0 0 1
1 4.11234e+07 0
819 0 0
0 0 1
1 4.10984e+07 0
820 0 0
0 0 1
1 4.11599e+07 0
821 0 0
0 0 1
1 4.11584e+07 0
822 0 0
0 0 1
1 4.09728e+07 0
823 0 0
0 0 1
1 4.06528e+07 0
824 0 0
0 0 1
1 4.03566e+07 0
825 0 0
0 0 1
1 4.01371e+07 0
826 0 0
0 0 1
1 3.98867e+07 0
827 0 0
0 0 1
1 3.95365e+07 0
828 0 0
0 0 1
1 3.9215e+07 0
829 0 0
0 0 1
1 3.91055e+07 0
830 0 0
0 0 1
1 3.91803e+07 0
831 0 0
0 0 1
1 3.9186e+07 0
832 0 0
0 0 1
1 3.89179e+07 0
833 0 0
0 0 1
1 3.84373e+07 0
834 0 0
0 0 1
1 3.79784e+07 0
835 0 0
0 0 1
1 3.76984e+07 0
836 0 0
0 0 1
1 3.75714e+07 0
837 0 0
0 0 1
1 3.74856e+07 0
838 0 0
0 0 1
1 3.73689e+07 0
839 0 0
0 0 1
1 3.72183e+07 0
840 0 0
0 0 1
1 3.70745e+07 0
841 0 0
0 0 1
1 3.69977e+07 0
842 0 0
0 0 1
1 3.70219e+07 0
843 0 0
0 0 1
1 3.7084e+07 0
844 0 0
0 0 1
1 3.70238e+07 0
845 0 0
0 0 1
1 3.67158e+07 0
846 0 0
0 0 1
1 3.62117e+07 0
847 0 0
0 0 1
1 3.57145e+07 0
848 0 0
0 0 1
1 3.53889e+07 0
849 0 0
0 0 1
1 3.52251e+07 0
850 0 0
0 0 1
1 3.51054e+07 0
851 0 0
0 0 1
1 3.49596e+07 0
852 0 0
0 0 1
1 3.48052e+07 0
853 0 0
0 0 1
1 3.466e+07 0
854 0 0
0 0 1
1 3.4496e+07 0
855 0 0
0 0 1
1 3.4298e+07 0
856 0 0
0 0 1
1 3.40976e+07 0
857 0 0
0 0 1
1 3.38986e+07 0
858 0 0
0 0 1
1 3.36213e+07 0
859 0 0
0 0 1
1 3.31989e+07 0
860 0 0
0 0 1
1 3.27103e+07 0
861 0 0
0 0 1
1 3.23252e+07 0
862 0 0
0 0 1
1 3.20994e+07 0
863 0 0
0 0 1
1 3.1907e+07 0
864 0 0
0 0 1
1 3.16213e+07 0
865 0 0
0 0 1
1 3.1296e+07 0
866 0 0
0 0 1
1 3.10864e+07 0
867 0 0
0 0 1
1 3.103e+07 0
868 0 0
0 0 1
1 3.09961e+07 0
869 0 0
0 0 1
1 3.08555e+07 0
870 0 0
0 0 1
1 3.06128e+07 0
871 0 0
0 0 1
1 3.03451e+07 0
872 0 0
0 0 1
1 3.00855e+07 0
873 0 0
0 0 1
1 2.98236e+07 0
874 0 0
0 0 1
1 2.95742e+07 0
875 0 0
0 0 1
1 2.93781e+07 0
876 0 0
0 0 1
1 2.9248e+07 0
877 0 0
0 0 1
1 2.91628e+07 0
878 0 0
0 0 1
1 2.91026e+07 0
879 0 0
0 0 1
1 2.90444e+07 0
880 0 0
0 0 1
1 2.89388e+07 0
881 0 0
0 0 1
1 2.87479e+07 0
882 0 0
0 0 1
1 2.85094e+07 0
883 0 0
0 0 1
1 2.83062e+07 0
884 0 0
0 0 1
1 2.81534e+07 0
885 0 0
0 0 1
1 2.79706e+07 0
886 0 0
0 0 1
1 2.76962e+07 0
887 0 0
0 0 1
1 2.73803e+07 0
888 0 0
0 0 1
1 2.71225e+07 0
889 0 0
0 0 1
1 2.69498e+07 0
890 0 0
0 0 1
1 2.68025e+07 0
891 0 0
0 0 1
1 2.66163e+07 0
892 0 0
0 0 1
1 2.6366e+07 0
893 0 0
0 0 1
1 2.60534e+07 0
894 0 0
0 0 1
1 2.57221e+07 0
895 0 0
0 0 1
1 2.54801e+07 0
896 0 0
0 0 1
1 2.54233e+07 0
897 0 0
0 0 1
1 2.54926e+07 0
898 0 0
0 0 1
1 2.54705e+07 0
899 0 0
0 0 1
1 2.51898e+07 0
900 0 0
0 0 1
1 2.47302e+07 0
901 0 0
0 0 1
1 2.43481e+07 0
902 0 0
0 0 1
1 2.42068e+07 0
903 0 0
0 0 1
1 2.42165e+07 0
904 0 0
0 0 1
1 2.41573e+07 0
905 0 0
0 0 1
1 2.39251e+07 0
906 0 0
0 0 1
1 2.36312e+07 0
907 0 0
0 0 1
1 2.34656e+07 0
908 0 0
0 0 1
1 2.3488e+07 0
909 0 0
0 0 1
1 2.35656e+07 0
910 0 0
0 0 1
1 2.35183e+07 0
911 0 0
0 0 1
1 2.33042e+07 0
912 0 0
0 0 1
1 2.30329e+07 0
913 0 0
0 0 1
1 2.28023e+07 0
914 0 0
0 0 1
1 2.25788e+07 0
915 0 0
0 0 1
1 2.22771e+07 0
916 0 0
0 0 1
1 2.19117e+07 0
917 0 0
0 0 1
1 2.15914e+07 0
918 0 0
0 0 1
1 2.1371e+07 0
919 0 0
0 0 1
1 2.11911e+07 0
920 0 0
0 0 1
1 2.09903e+07 0
921 0 0
0 0 1
1 2.08015e+07 0
922 0 0
0 0 1
1 2.06813e+07 0
923 0 0
0 0 1
1 2.06036e+07 0
924 0 0
0 0 1
1 2.04985e+07 0
925 0 0
0 0 1
1 2.03674e+07 0
926 0 0
0 0 1
1 2.02747e+07 0
927 0 0
0 0 1
1 2.02346e+07 0
928 0 0
0 0 1
1 2.01871e+07 0
929 0 0
0 0 1
1 2.00926e+07 0
930 0 0
0 0 1
1 1.99636e+07 0
931 0 0
0 0 1
1 1.978e+07 0
932 0 0
0 0 1
1 1.94736e+07 0
933 0 0
0 0 1
1 1.90658e+07 0
934 0 0
0 0 1
1 1.87326e+07 0
935 0 0
0 0 1
1 1.8617e+07 0
936 0 0
0 0 1
1 1.86129e+07 0
-1 0 0
