649
1 0 0
0 0 1
1 3.2732e+08 0
2 0 0
0 0 1
1 3.25551e+08 0
3 0 0
0 0 1
1 3.23817e+08 0
4 0 0
0 0 1
1 3.21909e+08 0
5 0 0
0 0 1
1 3.19749e+08 0
6 0 0
0 0 1
1 3.17498e+08 0
7 0 0
0 0 1
1 3.15398e+08 0
8 0 0
0 0 1
1 3.13552e+08 0
9 0 0
0 0 1
1 3.11886e+08 0
10 0 0
0 0 1
1 3.10273e+08 0
11 0 0
0 0 1
1 3.08641e+08 0
12 0 0
0 0 1
1 3.06967e+08 0
13 0 0
0 0 1
1 3.05227e+08 0
14 0 0
0 0 1
1 3.03397e+08 0
15 0 0
0 0 1
1 3.01516e+08 0
16 0 0
0 0 1
1 2.99693e+08 0
17 0 0
0 0 1
1 2.98011e+08 0
18 0 0
0 0 1
1 2.96416e+08 0
19 0 0
0 0 1
1 2.94735e+08 0
20 0 0
0 0 1
1 2.9284e+08 0
21 0 0
0 0 1
1 2.90776e+08 0
22 0 0
0 0 1
1 2.88696e+08 0
23 0 0
0 0 1
1 2.86699e+08 0
24 0 0
0 0 1
1 2.84776e+08 0
25 0 0
0 0 1
1 2.82919e+08 0
26 0 0
0 0 1
1 2.81186e+08 0
27 0 0
0 0 1
1 2.79589e+08 0
28 0 0
0 0 1
1 2.77974e+08 0
29 0 0
0 0 1
1 2.76123e+08 0
30 0 0
0 0 1
1 2.73991e+08 0
31 0 0
0 0 1
1 2.71792e+08 0
32 0 0
0 0 1
1 2.69768e+08 0
33 0 0
0 0 1
1 2.67955e+08 0
34 0 0
0 0 1
1 2.66195e+08 0
35 0 0
0 0 1
1 2.64371e+08 0
36 0 0
0 0 1
1 2.62521e+08 0
37 0 0
0 0 1
1 2.60745e+08 0
38 0 0
0 0 1
1 2.59062e+08 0
39 0 0
0 0 1
1 2.57432e+08 0
40 0 0
0 0 1
1 2.55845e+08 0
41 0 0
0 0 1
1 2.54319e+08 0
42 0 0
0 0 1
1 2.52828e+08 0
43 0 0
0 0 1
1 2.51293e+08 0
44 0 0
0 0 1
1 2.49684e+08 0
45 0 0
0 0 1
1 2.48043e+08 0
46 0 0
0 0 1
1 2.46402e+08 0
47 0 0
0 0 1
1 2.44701e+08 0
48 0 0
0 0 1
1 2.42868e+08 0
49 0 0
0 0 1
1 2.40945e+08 0
50 0 0
0 0 1
1 2.3907e+08 0
51 0 0
0 0 1
1 2.37328e+08 0
52 0 0
0 0 1
1 2.35646e+08 0
53 0 0
0 0 1
1 2.3388e+08 0
54 0 0
0 0 1
1 2.31978e+08 0
55 0 0
0 0 1
1 2.30029e+08 0
56 0 0
0 0 1
1 2.2819e+08 0
57 0 0
0 0 1
1 2.26564e+08 0
58 0 0
0 0 1
1 2.25142e+08 0
59 0 0
0 0 1
1 2.23822e+08 0
60 0 0
0 0 1
1 2.22471e+08 0
61 0 0
0 0 1
1 2.21018e+08 0
62 0 0
0 0 1
1 2.19487e+08 0
63 0 0
0 0 1
1 2.17952e+08 0
64 0 0
0 0 1
1 2.16451e+08 0
65 0 0
0 0 1
1 2.14963e+08 0
66 0 0
0 0 1
1 2.13468e+08 0
67 0 0
0 0 1
1 2.11961e+08 0
68 0 0
0 0 1
1 2.10436e+08 0
69 0 0
0 0 1
1 2.0888e+08 0
70 0 0
0 0 1
1 2.07311e+08 0
71 0 0
0 0 1
1 2.05792e+08 0
72 0 0
0 0 1
1 2.0436e+08 0
73 0 0
0 0 1
1 2.02973e+08 0
74 0 0
0 0 1
1 2.01566e+08 0
75 0 0
0 0 1
1 2.00137e+08 0
76 0 0
0 0 1
1 1.98725e+08 0
77 0 0
0 0 1
1 1.9733e+08 0
78 0 0
0 0 1
1 1.95923e+08 0
79 0 0
0 0 1
1 1.94539e+08 0
80 0 0
0 0 1
1 1.93277e+08 0
81 0 0
0 0 1
1 1.92154e+08 0
82 0 0
0 0 1
1 1.91013e+08 0
83 0 0
0 0 1
1 1.89676e+08 0
84 0 0
0 0 1
1 1.88157e+08 0
85 0 0
0 0 1
1 1.86665e+08 0
86 0 0
0 0 1
1 1.85378e+08 0
87 0 0
0 0 1
1 1.84273e+08 0
88 0 0
0 0 1
1 1.83192e+08 0
89 0 0
0 0 1
1 1.82025e+08 0
90 0 0
0 0 1
1 1.80789e+08 0
91 0 0
0 0 1
1 1.7958e+08 0
92 0 0
0 0 1
1 1.7845e+08 0
93 0 0
0 0 1
1 1.77334e+08 0
94 0 0
0 0 1
1 1.76083e+08 0
95 0 0
0 0 1
1 1.74626e+08 0
96 0 0
0 0 1
1 1.73102e+08 0
97 0 0
0 0 1
1 1.71781e+08 0
98 0 0
0 0 1
1 1.70789e+08 0
99 0 0
0 0 1
1 1.6997e+08 0
100 0 0
0 0 1
1 1.6907e+08 0
101 0 0
0 0 1
1 1.68007e+08 0
102 0 0
0 0 1
1 1.66873e+08 0
103 0 0
0 0 1
1 1.65725e+08 0
104 0 0
0 0 1
1 1.64504e+08 0
105 0 0
0 0 1
1 1.63192e+08 0
106 0 0
0 0 1
1 1.61905e+08 0
107 0 0
0 0 1
1 1.6076e+08 0
108 0 0
0 0 1
1 1.59736e+08 0
109 0 0
0 0 1
1 1.58764e+08 0
110 0 0
0 0 1
1 1.57838e+08 0
111 0 0
0 0 1
1 1.56938e+08 0
112 0 0
0 0 1
1 1.55904e+08 0
113 0 0
0 0 1
1 1.54583e+08 0
114 0 0
0 0 1
1 1.53108e+08 0
115 0 0
0 0 1
1 1.51842e+08 0
116 0 0
0 0 1
1 1.5096e+08 0
117 0 0
0 0 1
1 1.50212e+08 0
118 0 0
0 0 1
1 1.49241e+08 0
119 0 0
0 0 1
1 1.48029e+08 0
120 0 0
0 0 1
1 1.46884e+08 0
121 0 0
0 0 1
1 1.46033e+08 0
122 0 0
0 0 1
1 1.45383e+08 0
123 0 0
0 0 1
1 1.44694e+08 0
124 0 0
0 0 1
1 1.43828e+08 0
125 0 0
0 0 1
1 1.42791e+08 0
126 0 0
0 0 1
1 1.41659e+08 0
127 0 0
0 0 1
1 1.40565e+08 0
128 0 0
0 0 1
1 1.39653e+08 0
129 0 0
0 0 1
1 1.38927e+08 0
130 0 0
0 0 1
1 1.38201e+08 0
131 0 0
0 0 1
1 1.3731e+08 0
132 0 0
0 0 1
1 1.36337e+08 0
133 0 0
0 0 1
1 1.35513e+08 0
134 0 0
0 0 1
1 1.34894e+08 0
135 0 0
0 0 1
1 1.34279e+08 0
136 0 0
0 0 1
1 1.33486e+08 0
137 0 0
0 0 1
1 1.32577e+08 0
138 0 0
0 0 1
1 1.31714e+08 0
139 0 0
0 0 1
1 1.30883e+08 0
140 0 0
0 0 1
1 1.29913e+08 0
141 0 0
0 0 1
1 1.28756e+08 0
142 0 0
0 0 1
1 1.27603e+08 0
143 0 0
0 0 1
1 1.26665e+08 0
144 0 0
0 0 1
1 1.25929e+08 0
145 0 0
0 0 1
1 1.25214e+08 0
146 0 0
0 0 1
1 1.24425e+08 0
147 0 0
0 0 1
1 1.23643e+08 0
148 0 0
0 0 1
1 1.22946e+08 0
149 0 0
0 0 1
1 1.22251e+08 0
150 0 0
0 0 1
1 1.21396e+08 0
151 0 0
0 0 1
1 1.20346e+08 0
152 0 0
0 0 1
1 1.19242e+08 0
153 0 0
0 0 1
1 1.18225e+08 0
154 0 0
0 0 1
1 1.17315e+08 0
155 0 0
0 0 1
1 1.16481e+08 0
156 0 0
0 0 1
1 1.15762e+08 0
157 0 0
0 0 1
1 1.15192e+08 0
158 0 0
0 0 1
1 1.14654e+08 0
159 0 0
0 0 1
1 1.13952e+08 0
160 0 0
0 0 1
1 1.13067e+08 0
161 0 0
0 0 1
1 1.1223e+08 0
162 0 0
0 0 1
1 1.11626e+08 0
163 0 0
0 0 1
1 1.11129e+08 0
164 0 0
0 0 1
1 1.10475e+08 0
165 0 0
0 0 1
1 1.09652e+08 0
166 0 0
0 0 1
1 1.08927e+08 0
167 0 0
0 0 1
1 1.08443e+08 0
168 0 0
0 0 1
1 1.07985e+08 0
169 0 0
0 0 1
1 1.0727e+08 0
170 0 0
0 0 1
1 1.06329e+08 0
171 0 0
0 0 1
1 1.05425e+08 0
172 0 0
0 0 1
1 1.04666e+08 0
173 0 0
0 0 1
1 1.0391e+08 0
174 0 0
0 0 1
1 1.03047e+08 0
175 0 0
0 0 1
1 1.02201e+08 0
176 0 0
0 0 1
1 1.01553e+08 0
177 0 0
0 0 1
1 1.01131e+08 0
178 0 0
0 0 1
1 1.00846e+08 0
179 0 0
0 0 1
1 1.00617e+08 0
180 0 0
0 0 1
1 1.00324e+08 0
181 0 0
0 0 1
1 9.97609e+07 0
182 0 0
0 0 1
1 9.88371e+07 0
183 0 0
0 0 1
1 9.7788e+07 0
184 0 0
0 0 1
1 9.69979e+07 0
185 0 0
0 0 1
1 9.65668e+07 0
186 0 0
0 0 1
1 9.62091e+07 0
187 0 0
0 0 1
1 9.56443e+07 0
188 0 0
0 0 1
1 9.49394e+07 0
189 0 0
0 0 1
1 9.43551e+07 0
190 0 0
0 0 1
1 9.39667e+07 0
191 0 0
0 0 1
1 9.36002e+07 0
192 0 0
0 0 1
1 9.31023e+07 0
193 0 0
0 0 1
1 9.25199e+07 0
194 0 0
0 0 1
1 9.19882e+07 0
195 0 0
0 0 1
1 9.15536e+07 0
196 0 0
0 0 1
1 9.11511e+07 0
197 0 0
0 0 1
1 9.06845e+07 0
198 0 0
0 0 1
1 9.00897e+07 0
199 0 0
0 0 1
1 8.93809e+07 0
200 0 0
0 0 1
1 8.86755e+07 0
201 0 0
0 0 1
1 8.81247e+07 0
202 0 0
0 0 1
1 8.77759e+07 0
203 0 0
0 0 1
1 8.7531e+07 0
204 0 0
0 0 1
1 8.72593e+07 0
205 0 0
0 0 1
1 8.69036e+07 0
206 0 0
0 0 1
1 8.64526e+07 0
207 0 0
0 0 1
1 8.58768e+07 0
208 0 0
0 0 1
1 8.5166e+07 0
209 0 0
0 0 1
1 8.44066e+07 0
210 0 0
0 0 1
1 8.37661e+07 0
211 0 0
0 0 1
1 8.33971e+07 0
212 0 0
0 0 1
1 8.33529e+07 0
213 0 0
0 0 1
1 8.35252e+07 0
214 0 0
0 0 1
1 8.3621e+07 0
215 0 0
0 0 1
1 8.33043e+07 0
216 0 0
0 0 1
1 8.24993e+07 0
-1 0 0
