61
9e-06 0 0
0 0 1
9145 2.66489e+11 0
1.5e-05 0 0
0 0 1
9145 1.42561e+11 0
2.4e-05 0 0
0 0 1
9145 5.59145e+10 0
4e-05 0 0
0 0 1
9145 1.01099e+10 0
6.5e-05 0 0
0 0 1
9145 5.02069e+08 0
0.000107 0 0
0 0 1
9145 -2.35913e+08 0
0.000176 0 0
0 0 1
9145 -2.39962e+08 0
0.000289 0 0
0 0 1
9145 -3.85659e+07 0
0.000475 0 0
0 0 1
9145 -1.8809e+07 0
0.00078 0 0
0 0 1
9145 4.86459e+08 0
1.2e-05 0 0
0 0 1
9145 1.95451e+11 0
1.9e-05 0 0
0 0 1
9145 9.3263e+10 0
3.1e-05 0 0
0 0 1
9145 2.67119e+10 0
5.1e-05 0 0
0 0 1
9145 3.34724e+09 0
8.4e-05 0 0
0 0 1
9145 1.00072e+09 0
0.000138 0 0
0 0 1
9145 -7.42859e+08 0
0.000226 0 0
0 0 1
9145 -2.14866e+08 0
0.000371 0 0
0 0 1
9145 8.76321e+08 0
0.000609 0 0
0 0 1
9145 -2.25141e+08 0
0.001 0 0
0 0 1
9145 1.85534e+08 0
-1 0 0
