61
1e-05 0 0
0 0 1
9057 0 0
1.6e-05 0 0
0 0 1
9057 0 0
2.6e-05 0 0
0 0 1
9057 0 0
4.3e-05 0 0
0 0 1
9057 0 0
7e-05 0 0
0 0 1
9057 0 0
0.000113 0 0
0 0 1
9057 0 0
0.000183 0 0
0 0 1
9057 0 0
0.000298 0 0
0 0 1
9059.81 2.64317e+08 11887
0.000483 0 0
0 0 1
9057 0 0
0.000785 0 0
0 0 1
9057 0 0
1.3e-05 0 0
0 0 1
9057 0 0
2.1e-05 0 0
0 0 1
9057 0 0
3.4e-05 0 0
0 0 1
9057 0 0
5.5e-05 0 0
0 0 1
9057 0 0
8.9e-05 0 0
0 0 1
9057 0 0
0.000144 0 0
0 0 1
9057 0 0
0.000234 0 0
0 0 1
9057 0 0
0.000379 0 0
0 0 1
9057 0 0
0.000616 0 0
0 0 1
9058.18 2.7022e+08 14245
0.001 0 0
0 0 1
9058.14 2.77155e+08 11161
-1 0 0
