964
1 0 0
0 0 1
1 4.21961e+08 0
2 0 0
0 0 1
1 4.20218e+08 0
3 0 0
0 0 1
1 4.18037e+08 0
4 0 0
0 0 1
1 4.1589e+08 0
5 0 0
0 0 1
1 4.14418e+08 0
6 0 0
0 0 1
1 4.13551e+08 0
7 0 0
0 0 1
1 4.12505e+08 0
8 0 0
0 0 1
1 4.10713e+08 0
9 0 0
0 0 1
1 4.08439e+08 0
10 0 0
0 0 1
1 4.06342e+08 0
11 0 0
0 0 1
1 4.04774e+08 0
12 0 0
0 0 1
1 4.03674e+08 0
13 0 0
0 0 1
1 4.02854e+08 0
14 0 0
0 0 1
1 4.02012e+08 0
15 0 0
0 0 1
1 4.0065e+08 0
16 0 0
0 0 1
1 3.98434e+08 0
17 0 0
0 0 1
1 3.95694e+08 0
18 0 0
0 0 1
1 3.93251e+08 0
19 0 0
0 0 1
1 3.91587e+08 0
20 0 0
0 0 1
1 3.90378e+08 0
21 0 0
0 0 1
1 3.88998e+08 0
22 0 0
0 0 1
1 3.87307e+08 0
23 0 0
0 0 1
1 3.85761e+08 0
24 0 0
0 0 1
1 3.84809e+08 0
25 0 0
0 0 1
1 3.84336e+08 0
26 0 0
0 0 1
1 3.83694e+08 0
27 0 0
0 0 1
1 3.82252e+08 0
28 0 0
0 0 1
1 3.79972e+08 0
29 0 0
0 0 1
1 3.77524e+08 0
30 0 0
0 0 1
1 3.75713e+08 0
31 0 0
0 0 1
1 3.74691e+08 0
32 0 0
0 0 1
1 3.73808e+08 0
33 0 0
0 0 1
1 3.72332e+08 0
34 0 0
0 0 1
1 3.70232e+08 0
35 0 0
0 0 1
1 3.6808e+08 0
36 0 0
0 0 1
1 3.66312e+08 0
37 0 0
0 0 1
1 3.64838e+08 0
38 0 0
0 0 1
1 3.63391e+08 0
39 0 0
0 0 1
1 3.61924e+08 0
40 0 0
0 0 1
1 3.60516e+08 0
41 0 0
0 0 1
1 3.59125e+08 0
42 0 0
0 0 1
1 3.57669e+08 0
43 0 0
0 0 1
1 3.56234e+08 0
44 0 0
0 0 1
1 3.54952e+08 0
45 0 0
0 0 1
1 3.53728e+08 0
46 0 0
0 0 1
1 3.52297e+08 0
47 0 0
0 0 1
1 3.50589e+08 0
48 0 0
0 0 1
1 3.48829e+08 0
49 0 0
0 0 1
1 3.47239e+08 0
50 0 0
0 0 1
1 3.45805e+08 0
51 0 0
0 0 1
1 3.44396e+08 0
52 0 0
0 0 1
1 3.42954e+08 0
53 0 0
0 0 1
1 3.4147e+08 0
54 0 0
0 0 1
1 3.39924e+08 0
55 0 0
0 0 1
1 3.38376e+08 0
56 0 0
0 0 1
1 3.3701e+08 0
57 0 0
0 0 1
1 3.35897e+08 0
58 0 0
0 0 1
1 3.34775e+08 0
59 0 0
0 0 1
1 3.33265e+08 0
60 0 0
0 0 1
1 3.31334e+08 0
61 0 0
0 0 1
1 3.29391e+08 0
62 0 0
0 0 1
1 3.27883e+08 0
63 0 0
0 0 1
1 3.2685e+08 0
64 0 0
0 0 1
1 3.25893e+08 0
65 0 0
0 0 1
1 3.24499e+08 0
66 0 0
0 0 1
1 3.22418e+08 0
67 0 0
0 0 1
1 3.19896e+08 0
68 0 0
0 0 1
1 3.1758e+08 0
69 0 0
0 0 1
1 3.16012e+08 0
70 0 0
0 0 1
1 3.15068e+08 0
71 0 0
0 0 1
1 3.1401e+08 0
72 0 0
0 0 1
1 3.12257e+08 0
73 0 0
0 0 1
1 3.10018e+08 0
74 0 0
0 0 1
1 3.08e+08 0
75 0 0
0 0 1
1 3.06526e+08 0
76 0 0
0 0 1
1 3.05183e+08 0
77 0 0
0 0 1
1 3.03387e+08 0
78 0 0
0 0 1
1 3.01104e+08 0
79 0 0
0 0 1
1 2.98859e+08 0
80 0 0
0 0 1
1 2.97163e+08 0
81 0 0
0 0 1
1 2.96108e+08 0
82 0 0
0 0 1
1 2.95456e+08 0
83 0 0
0 0 1
1 2.94913e+08 0
84 0 0
0 0 1
1 2.94252e+08 0
85 0 0
0 0 1
1 2.93329e+08 0
86 0 0
0 0 1
1 2.92105e+08 0
87 0 0
0 0 1
1 2.90658e+08 0
88 0 0
0 0 1
1 2.89079e+08 0
89 0 0
0 0 1
1 2.87346e+08 0
90 0 0
0 0 1
1 2.85344e+08 0
91 0 0
0 0 1
1 2.8306e+08 0
92 0 0
0 0 1
1 2.8078e+08 0
93 0 0
0 0 1
1 2.79009e+08 0
94 0 0
0 0 1
1 2.78068e+08 0
95 0 0
0 0 1
1 2.77701e+08 0
96 0 0
0 0 1
1 2.77183e+08 0
97 0 0
0 0 1
1 2.75974e+08 0
98 0 0
0 0 1
1 2.74262e+08 0
99 0 0
0 0 1
1 2.72725e+08 0
100 0 0
0 0 1
1 2.71735e+08 0
101 0 0
0 0 1
1 2.70975e+08 0
102 0 0
0 0 1
1 2.69898e+08 0
103 0 0
0 0 1
1 2.68383e+08 0
104 0 0
0 0 1
1 2.66729e+08 0
105 0 0
0 0 1
1 2.65163e+08 0
106 0 0
0 0 1
1 2.63653e+08 0
107 0 0
0 0 1
1 2.62226e+08 0
108 0 0
0 0 1
1 2.61147e+08 0
109 0 0
0 0 1
1 2.60572e+08 0
110 0 0
0 0 1
1 2.60175e+08 0
111 0 0
0 0 1
1 2.59395e+08 0
112 0 0
0 0 1
1 2.58008e+08 0
113 0 0
0 0 1
1 2.56268e+08 0
114 0 0
0 0 1
1 2.54511e+08 0
115 0 0
0 0 1
1 2.52849e+08 0
116 0 0
0 0 1
1 2.51318e+08 0
117 0 0
0 0 1
1 2.50062e+08 0
118 0 0
0 0 1
1 2.49165e+08 0
119 0 0
0 0 1
1 2.48391e+08 0
120 0 0
0 0 1
1 2.47346e+08 0
121 0 0
0 0 1
1 2.45905e+08 0
122 0 0
0 0 1
1 2.44334e+08 0
123 0 0
0 0 1
1 2.42926e+08 0
124 0 0
0 0 1
1 2.41637e+08 0
125 0 0
0 0 1
1 2.4019e+08 0
126 0 0
0 0 1
1 2.38469e+08 0
127 0 0
0 0 1
1 2.36683e+08 0
128 0 0
0 0 1
1 2.35165e+08 0
129 0 0
0 0 1
1 2.34077e+08 0
130 0 0
0 0 1
1 2.33354e+08 0
131 0 0
0 0 1
1 2.32839e+08 0
132 0 0
0 0 1
1 2.32409e+08 0
133 0 0
0 0 1
1 2.31986e+08 0
134 0 0
0 0 1
1 2.31498e+08 0
135 0 0
0 0 1
1 2.30893e+08 0
136 0 0
0 0 1
1 2.30188e+08 0
137 0 0
0 0 1
1 2.29406e+08 0
138 0 0
0 0 1
1 2.28432e+08 0
139 0 0
0 0 1
1 2.27002e+08 0
140 0 0
0 0 1
1 2.24958e+08 0
141 0 0
0 0 1
1 2.22551e+08 0
142 0 0
0 0 1
1 2.20384e+08 0
143 0 0
0 0 1
1 2.18965e+08 0
144 0 0
0 0 1
1 2.18313e+08 0
145 0 0
0 0 1
1 2.18018e+08 0
146 0 0
0 0 1
1 2.17619e+08 0
147 0 0
0 0 1
1 2.16858e+08 0
148 0 0
0 0 1
1 2.15689e+08 0
149 0 0
0 0 1
1 2.14194e+08 0
150 0 0
0 0 1
1 2.12542e+08 0
151 0 0
0 0 1
1 2.10891e+08 0
152 0 0
0 0 1
1 2.09287e+08 0
153 0 0
0 0 1
1 2.07728e+08 0
154 0 0
0 0 1
1 2.06329e+08 0
155 0 0
0 0 1
1 2.05273e+08 0
156 0 0
0 0 1
1 2.04524e+08 0
157 0 0
0 0 1
1 2.03755e+08 0
158 0 0
0 0 1
1 2.02717e+08 0
159 0 0
0 0 1
1 2.01558e+08 0
160 0 0
0 0 1
1 2.00574e+08 0
161 0 0
0 0 1
1 1.99763e+08 0
162 0 0
0 0 1
1 1.98895e+08 0
163 0 0
0 0 1
1 1.98014e+08 0
164 0 0
0 0 1
1 1.97473e+08 0
165 0 0
0 0 1
1 1.97315e+08 0
166 0 0
0 0 1
1 1.96961e+08 0
167 0 0
0 0 1
1 1.95852e+08 0
168 0 0
0 0 1
1 1.94216e+08 0
169 0 0
0 0 1
1 1.92811e+08 0
170 0 0
0 0 1
1 1.91974e+08 0
171 0 0
0 0 1
1 1.91351e+08 0
172 0 0
0 0 1
1 1.90638e+08 0
173 0 0
0 0 1
1 1.90081e+08 0
174 0 0
0 0 1
1 1.89952e+08 0
175 0 0
0 0 1
1 1.89884e+08 0
176 0 0
0 0 1
1 1.89226e+08 0
177 0 0
0 0 1
1 1.87922e+08 0
178 0 0
0 0 1
1 1.86583e+08 0
179 0 0
0 0 1
1 1.85635e+08 0
180 0 0
0 0 1
1 1.84823e+08 0
181 0 0
0 0 1
1 1.83725e+08 0
182 0 0
0 0 1
1 1.82404e+08 0
183 0 0
0 0 1
1 1.81226e+08 0
184 0 0
0 0 1
1 1.80268e+08 0
185 0 0
0 0 1
1 1.79276e+08 0
186 0 0
0 0 1
1 1.78141e+08 0
187 0 0
0 0 1
1 1.7707e+08 0
188 0 0
0 0 1
1 1.76219e+08 0
189 0 0
0 0 1
1 1.75449e+08 0
190 0 0
0 0 1
1 1.74577e+08 0
191 0 0
0 0 1
1 1.7367e+08 0
192 0 0
0 0 1
1 1.72908e+08 0
193 0 0
0 0 1
1 1.72267e+08 0
194 0 0
0 0 1
1 1.71495e+08 0
195 0 0
0 0 1
1 1.70367e+08 0
196 0 0
0 0 1
1 1.6888e+08 0
197 0 0
0 0 1
1 1.67269e+08 0
198 0 0
0 0 1
1 1.65906e+08 0
199 0 0
0 0 1
1 1.65084e+08 0
200 0 0
0 0 1
1 1.64779e+08 0
201 0 0
0 0 1
1 1.64663e+08 0
202 0 0
0 0 1
1 1.6446e+08 0
203 0 0
0 0 1
1 1.64206e+08 0
204 0 0
0 0 1
1 1.6399e+08 0
205 0 0
0 0 1
1 1.63563e+08 0
206 0 0
0 0 1
1 1.62515e+08 0
207 0 0
0 0 1
1 1.60901e+08 0
208 0 0
0 0 1
1 1.59383e+08 0
209 0 0
0 0 1
1 1.58535e+08 0
210 0 0
0 0 1
1 1.5817e+08 0
211 0 0
0 0 1
1 1.57593e+08 0
212 0 0
0 0 1
1 1.56426e+08 0
213 0 0
0 0 1
1 1.54918e+08 0
214 0 0
0 0 1
1 1.53501e+08 0
215 0 0
0 0 1
1 1.52336e+08 0
216 0 0
0 0 1
1 1.514e+08 0
217 0 0
0 0 1
1 1.50727e+08 0
218 0 0
0 0 1
1 1.5034e+08 0
219 0 0
0 0 1
1 1.50048e+08 0
220 0 0
0 0 1
1 1.4956e+08 0
221 0 0
0 0 1
1 1.4878e+08 0
222 0 0
0 0 1
1 1.47862e+08 0
223 0 0
0 0 1
1 1.46993e+08 0
224 0 0
0 0 1
1 1.46292e+08 0
225 0 0
0 0 1
1 1.45866e+08 0
226 0 0
0 0 1
1 1.45739e+08 0
227 0 0
0 0 1
1 1.45627e+08 0
228 0 0
0 0 1
1 1.45018e+08 0
229 0 0
0 0 1
1 1.43674e+08 0
230 0 0
0 0 1
1 1.41995e+08 0
231 0 0
0 0 1
1 1.40681e+08 0
232 0 0
0 0 1
1 1.40034e+08 0
233 0 0
0 0 1
1 1.39753e+08 0
234 0 0
0 0 1
1 1.39426e+08 0
235 0 0
0 0 1
1 1.39006e+08 0
236 0 0
0 0 1
1 1.38691e+08 0
237 0 0
0 0 1
1 1.38481e+08 0
238 0 0
0 0 1
1 1.38115e+08 0
239 0 0
0 0 1
1 1.37454e+08 0
240 0 0
0 0 1
1 1.36723e+08 0
241 0 0
0 0 1
1 1.36232e+08 0
242 0 0
0 0 1
1 1.35958e+08 0
243 0 0
0 0 1
1 1.35543e+08 0
244 0 0
0 0 1
1 1.34727e+08 0
245 0 0
0 0 1
1 1.33647e+08 0
246 0 0
0 0 1
1 1.32648e+08 0
247 0 0
0 0 1
1 1.31858e+08 0
248 0 0
0 0 1
1 1.31074e+08 0
249 0 0
0 0 1
1 1.30084e+08 0
250 0 0
0 0 1
1 1.29029e+08 0
251 0 0
0 0 1
1 1.28321e+08 0
252 0 0
0 0 1
1 1.28143e+08 0
253 0 0
0 0 1
1 1.28109e+08 0
254 0 0
0 0 1
1 1.27584e+08 0
255 0 0
0 0 1
1 1.26404e+08 0
256 0 0
0 0 1
1 1.25141e+08 0
257 0 0
0 0 1
1 1.2447e+08 0
258 0 0
0 0 1
1 1.24316e+08 0
259 0 0
0 0 1
1 1.239e+08 0
260 0 0
0 0 1
1 1.22764e+08 0
261 0 0
0 0 1
1 1.21463e+08 0
262 0 0
0 0 1
1 1.2092e+08 0
263 0 0
0 0 1
1 1.21196e+08 0
264 0 0
0 0 1
1 1.21351e+08 0
265 0 0
0 0 1
1 1.20654e+08 0
266 0 0
0 0 1
1 1.19495e+08 0
267 0 0
0 0 1
1 1.18722e+08 0
268 0 0
0 0 1
1 1.18376e+08 0
269 0 0
0 0 1
1 1.17674e+08 0
270 0 0
0 0 1
1 1.16283e+08 0
271 0 0
0 0 1
1 1.1498e+08 0
272 0 0
0 0 1
1 1.14642e+08 0
273 0 0
0 0 1
1 1.15003e+08 0
274 0 0
0 0 1
1 1.14938e+08 0
275 0 0
0 0 1
1 1.13906e+08 0
276 0 0
0 0 1
1 1.12529e+08 0
277 0 0
0 0 1
1 1.11657e+08 0
278 0 0
0 0 1
1 1.11359e+08 0
279 0 0
0 0 1
1 1.11147e+08 0
280 0 0
0 0 1
1 1.10815e+08 0
281 0 0
0 0 1
1 1.10585e+08 0
282 0 0
0 0 1
1 1.10538e+08 0
283 0 0
0 0 1
1 1.10417e+08 0
284 0 0
0 0 1
1 1.10044e+08 0
285 0 0
0 0 1
1 1.09572e+08 0
286 0 0
0 0 1
1 1.0914e+08 0
287 0 0
0 0 1
1 1.08604e+08 0
288 0 0
0 0 1
1 1.07856e+08 0
289 0 0
0 0 1
1 1.0718e+08 0
290 0 0
0 0 1
1 1.06932e+08 0
291 0 0
0 0 1
1 1.06957e+08 0
292 0 0
0 0 1
1 1.067e+08 0
293 0 0
0 0 1
1 1.05931e+08 0
294 0 0
0 0 1
1 1.05032e+08 0
295 0 0
0 0 1
1 1.04425e+08 0
296 0 0
0 0 1
1 1.03991e+08 0
297 0 0
0 0 1
1 1.0335e+08 0
298 0 0
0 0 1
1 1.02532e+08 0
299 0 0
0 0 1
1 1.02009e+08 0
300 0 0
0 0 1
1 1.02014e+08 0
301 0 0
0 0 1
1 1.02136e+08 0
302 0 0
0 0 1
1 1.01787e+08 0
303 0 0
0 0 1
1 1.0094e+08 0
304 0 0
0 0 1
1 1.00191e+08 0
305 0 0
0 0 1
1 1.00116e+08 0
306 0 0
0 0 1
1 1.00684e+08 0
307 0 0
0 0 1
1 1.01312e+08 0
308 0 0
0 0 1
1 1.01414e+08 0
309 0 0
0 0 1
1 1.00855e+08 0
310 0 0
0 0 1
1 9.99537e+07 0
311 0 0
0 0 1
1 9.9141e+07 0
312 0 0
0 0 1
1 9.86172e+07 0
313 0 0
0 0 1
1 9.83283e+07 0
314 0 0
0 0 1
1 9.81848e+07 0
315 0 0
0 0 1
1 9.818e+07 0
316 0 0
0 0 1
1 9.82283e+07 0
317 0 0
0 0 1
1 9.80112e+07 0
318 0 0
0 0 1
1 9.71857e+07 0
319 0 0
0 0 1
1 9.57906e+07 0
320 0 0
0 0 1
1 9.42947e+07 0
321 0 0
0 0 1
1 9.31539e+07 0
-1 0 0
