# t_m M M/M0 (M-M1)/M0
9.999999999999999547e-07 9.104815944195761112e+05 9.876111715982467398e-01 9.836411181867386055e-01
1.023371798632519308e-06 9.101641277654784499e+05 9.872668114089596658e-01 9.832967579974515315e-01
1.047289838236359565e-06 9.098400364345051348e+05 9.869152653469094316e-01 9.829452119354012973e-01
1.071766885445503435e-06 9.095091846728209639e+05 9.865563861581537752e-01 9.825863327466456409e-01
1.096816005273138014e-06 9.091714340513031930e+05 9.861900236868312852e-01 9.822199702753231509e-01
1.122450568085305844e-06 9.088266434174349997e+05 9.858160248229796974e-01 9.818459714114715631e-01
1.148684256737554753e-06 9.084746688465375919e+05 9.854342334496369871e-01 9.814641800381287418e-01
1.175531073878369957e-06 9.081153635923436377e+05 9.850444903892271453e-01 9.810744369777190110e-01
1.203005349423324184e-06 9.077485780369134154e+05 9.846466333492343015e-01 9.806765799377261672e-01
1.231121748203889582e-06 9.073741596398932161e+05 9.842404968671620846e-01 9.802704434556539503e-01
1.259895277795028425e-06 9.069919528871225193e+05 9.838259122547874380e-01 9.798558588432793037e-01
1.289341296525715624e-06 9.066017992385892430e+05 9.834027075417071107e-01 9.794326541301989764e-01
1.319475521676705910e-06 9.062035370757413330e+05 9.829707074181854853e-01 9.790006540066772400e-01
1.350314037869872138e-06 9.057970016481553903e+05 9.825297331773055198e-01 9.785596797657973855e-01
1.381873305653633617e-06 9.053820250195711851e+05 9.820796026564319048e-01 9.781095492449236595e-01
1.414170170289023892e-06 9.049584360132983420e+05 9.816201301779926558e-01 9.776500767664845215e-01
1.447221870741134366e-06 9.045260601570005529e+05 9.811511264895861339e-01 9.771810730780778886e-01
1.481046048880673974e-06 9.040847196268684929e+05 9.806723987034243750e-01 9.767023452919161297e-01
1.515660758900604291e-06 9.036342331911894726e+05 9.801837502351226084e-01 9.762136968236143630e-01
1.551084476952840571e-06 9.031744161533252336e+05 9.796849807418464007e-01 9.757149273303382664e-01
1.587336111010208705e-06 9.027050802941094153e+05 9.791758860598295255e-01 9.752058326483213913e-01
1.624435010958865447e-06 9.022260338136765640e+05 9.786562581412752149e-01 9.746862047297670806e-01
1.662400978926613503e-06 9.017370812727395678e+05 9.781258849906586672e-01 9.741558315791504219e-01
1.701254279852589246e-06 9.012380235333278542e+05 9.775845506004452456e-01 9.736144971889371114e-01
1.741015652304015331e-06 9.007286576990063768e+05 9.770320348862456816e-01 9.730619814747375473e-01
1.781706319545728901e-06 9.002087770545904059e+05 9.764681136214229396e-01 9.724980602099148053e-01
1.823348000868442370e-06 8.996781710053798743e+05 9.758925583711798302e-01 9.719225049596715849e-01
1.865962923181746036e-06 8.991366250159302726e+05 9.753051364261424716e-01 9.713350830146342263e-01
1.909573832878096448e-06 8.985839205483875703e+05 9.747056107354716836e-01 9.707355573239634383e-01
1.954204007974051565e-06 8.980198350004088134e+05 9.740937398395244085e-01 9.701236864280162742e-01
1.999877270535287164e-06 8.974441416426963406e+05 9.734692778020966886e-01 9.694992243905885543e-01
2.046617999391989682e-06 8.968566095561749535e+05 9.728319741422781775e-01 9.688619207307700432e-01
2.094451143151468901e-06 8.962570035688395146e+05 9.721815737659508239e-01 9.682115203544425786e-01
2.143402233514858855e-06 8.956450841923097614e+05 9.715178168969681449e-01 9.675477634854600106e-01
2.193497398905060136e-06 8.950206075581245823e+05 9.708404390080538349e-01 9.668703855965455896e-01
2.244763378413223769e-06 8.943833253538116114e+05 9.701491707514544593e-01 9.661791173399462140e-01
2.297227536071151343e-06 8.937329847587747499e+05 9.694437378893967505e-01 9.654736844778885052e-01
2.350917875457289323e-06 8.930693283800391946e+05 9.687238612243890268e-01 9.647538078128807815e-01
2.405863054644066633e-06 8.923920941878985614e+05 9.679892565294168083e-01 9.640192031179086740e-01
2.462092401494625704e-06 8.917010154515116010e+05 9.672396344780838096e-01 9.632695810665755642e-01
2.519635929317013705e-06 8.909958206744978670e+05 9.664747005747515995e-01 9.625046471632433542e-01
2.578524352884276345e-06 8.902762335305860033e+05 9.656941550847365496e-01 9.617241016732284153e-01
2.638789104828934724e-06 8.895419727993689012e+05 9.648976929646229106e-01 9.609276395531147763e-01
2.700462352420681915e-06 8.887927523022262612e+05 9.640850037927565230e-01 9.601149503812482777e-01
2.763577014736157548e-06 8.880282808384739328e+05 9.632557716999856634e-01 9.592857182884775291e-01
2.828166780230035161e-06 8.872482621218101121e+05 9.624096753007234106e-01 9.584396218892152763e-01
2.894266124716751985e-06 8.864523947171219625e+05 9.615463876244009223e-01 9.575763342128927880e-01
2.961910329772553400e-06 8.856403719777300721e+05 9.606655760473953309e-01 9.566955226358871966e-01
3.031135501567576034e-06 8.848118819831437431e+05 9.597669022255127524e-01 9.557968488140046182e-01
3.101978590138099995e-06 8.839666074774099980e+05 9.588500220271140018e-01 9.548799686156057565e-01
3.174477409109193511e-06 8.831042258081402397e+05 9.579145854669764981e-01 9.539445320554682528e-01
3.248670655878374734e-06 8.822244088663011789e+05 9.569602366409845073e-01 9.529901832294762620e-01
3.324597932270938332e-06 8.813268230268673506e+05 9.559866136617540811e-01 9.520165602502458357e-01
3.402299765678071381e-06 8.804111290904294001e+05 9.549933485952950551e-01 9.510232951837868098e-01
3.481817630688966499e-06 8.794769822258622153e+05 9.539800673988221291e-01 9.500100139873138838e-01
3.563193971228583995e-06 8.785240319141601212e+05 9.529463898598323768e-01 9.489763364483242425e-01
3.646472223212744903e-06 8.775519218935524113e+05 9.518919295365715350e-01 9.479218761250634007e-01
3.731696837732755555e-06 8.765602901060151635e+05 9.508162937000139703e-01 9.468462402885058360e-01
3.818913304781854566e-06 8.755487686453044880e+05 9.497190832774945468e-01 9.457490298659864125e-01
3.908168177536264381e-06 8.745169837066382170e+05 9.485998927981271756e-01 9.446298393866190413e-01
3.999509097203669772e-06 8.734645555381630547e+05 9.474583103401607032e-01 9.434882569286525689e-01
4.092984818452442028e-06 8.723910983943458414e+05 9.462939174804217979e-01 9.423238640689136636e-01
4.188645235435270633e-06 8.712962204914359609e+05 9.451062892460047049e-01 9.411362358344964596e-01
4.286541408420925215e-06 8.701795239651531447e+05 9.438949940683740714e-01 9.399249406568659371e-01
4.386725591048494378e-06 8.690406048307609744e+05 9.426595937400568115e-01 9.386895403285486772e-01
4.489251258218607721e-06 8.678790529456895310e+05 9.413996433740982051e-01 9.374295899625900708e-01
4.594173134636476806e-06 8.666944519748863531e+05 9.401146913664772953e-01 9.361446379549690500e-01
4.701547224022129581e-06 8.654863793590705609e+05 9.388042793616721005e-01 9.348342259501638551e-01
4.811430839003264423e-06 8.642544062860831618e+05 9.374679422215828062e-01 9.334978888100746719e-01
4.923882631706742034e-06 8.629980976655283011e+05 9.361052079980248797e-01 9.321351545865166344e-01
5.038962625065150179e-06 8.617170121069068555e+05 9.347155979090100431e-01 9.307455444975019088e-01
5.156732244854963479e-06 8.604107019014585530e+05 9.332986263190505838e-01 9.293285729075424495e-01
5.277254352483532008e-06 8.590787130079296185e+05 9.318538007237209264e-01 9.278837473122127921e-01
5.400593278542373812e-06 8.577205850424957462e+05 9.303806217387271538e-01 9.264105683272190195e-01
5.526814857144603101e-06 8.563358512730792863e+05 9.288785830937429377e-01 9.249085296822348035e-01
5.655986461065001783e-06 8.549240386183038354e+05 9.273471716312752244e-01 9.233771182197670901e-01
5.788177037701280115e-06 8.534846676513458369e+05 9.257858673108424474e-01 9.218158138993342021e-01
5.923457145875805800e-06 8.520172526089451276e+05 9.241941432187479322e-01 9.202240898072396869e-01
6.061898993497572126e-06 8.505213014058500994e+05 9.225714655837493616e-01 9.186014121722411163e-01
6.203576476104268057e-06 8.489963156549829291e+05 9.209172937989317242e-01 9.169472403874235900e-01
6.348565216305223777e-06 8.474417906936167274e+05 9.192310804501026000e-01 9.152610270385943547e-01
6.496942604146124583e-06 8.458572156158721773e+05 9.175122713510407424e-01 9.135422179395326081e-01
6.648787838417262737e-06 8.442420733118458884e+05 9.157603055859401264e-01 9.117902521744319921e-01
6.804181968927093473e-06 8.425958405136978254e+05 9.139746155594010713e-01 9.100045621478929370e-01
6.963207939763890511e-06 8.409179878490326228e+05 9.121546270543334778e-01 9.081845736428253435e-01
7.125950633568410784e-06 8.392079799019248458e+05 9.102997592981521002e-01 9.063297058866439659e-01
7.292496916841444531e-06 8.374652752819403540e+05 9.084094250376448798e-01 9.044393716261367455e-01
7.462935686310129477e-06 8.356893267015306046e+05 9.064830306229233470e-01 9.025129772114151017e-01
7.637357916378026724e-06 8.338795810621744022e+05 9.045199761008614336e-01 9.005499226893532994e-01
7.815856707684091517e-06 8.320354795496643055e+05 9.025196553184549053e-01 8.985496019069466600e-01
7.998527336796707127e-06 8.301564577389348997e+05 9.004814560365285159e-01 8.965114026250203816e-01
8.185467307069021234e-06 8.282419457088558702e+05 8.984047600542548473e-01 8.944347066427467130e-01
8.376776400682923638e-06 8.262913681674101390e+05 8.962889433449356957e-01 8.923188899334275614e-01
8.572556731909324328e-06 8.243041445876999060e+05 8.941333762035302835e-01 8.901633227920221492e-01
8.772912801613356524e-06 8.222796893552276306e+05 8.919374234064122442e-01 8.879673699949041099e-01
8.977951553033332622e-06 8.202174119269172661e+05 8.897004443838625320e-01 8.857303909723543978e-01
9.187782428863339748e-06 8.181167170023458311e+05 8.874217934058061807e-01 8.834517399942979354e-01
9.402517429670132434e-06 8.159770047076732153e+05 8.851008197813234890e-01 8.811307663698152437e-01
9.622271173675134078e-06 8.137976707927648677e+05 8.827368680724714256e-01 8.787668146609632913e-01
9.847160957933763262e-06 8.115781068420158699e+05 8.803292783229677010e-01 8.763592249114594557e-01
1.007730682094461773e-05 8.093177004993956070e+05 8.778773863022987234e-01 8.739073328907905891e-01
1.031283160672184683e-05 8.070158357082426082e+05 8.753805237658290883e-01 8.714104703543209540e-01
1.055386103036523061e-05 8.046718929663480958e+05 8.728380187314934702e-01 8.688679653199853359e-01
1.080052374516253993e-05 8.022852495968817966e+05 8.702491957736736561e-01 8.662791423621655218e-01
1.105295141126022030e-05 7.998552800357196247e+05 8.676133763348663486e-01 8.636433229233582143e-01
1.131127876593921339e-05 7.973813561357392464e+05 8.649298790557564676e-01 8.609598256442483333e-01
1.157564369553303484e-05 7.948628474886687472e+05 8.621980201243309994e-01 8.582279667128228651e-01
1.184618730902682447e-05 7.922991217650700128e+05 8.594171136446629999e-01 8.554470602331547546e-01
1.212305401337652898e-05 7.896895450730542652e+05 8.565864720260147891e-01 8.526164186145066548e-01
1.240639159058831744e-05 7.870334823363320902e+05 8.537054063929144787e-01 8.497353529814063444e-01
1.269635127659972725e-05 7.843302976922021480e+05 8.507732270168586464e-01 8.468031736053505121e-01
1.299308784200417238e-05 7.815793549100970849e+05 8.477892437703148376e-01 8.438191903588065923e-01
1.329675967466212602e-05 7.787800178313027136e+05 8.447527666036906968e-01 8.407827131921825625e-01
1.360752886424333165e-05 7.759316508304674644e+05 8.416631060459394131e-01 8.376930526344312788e-01
1.392556128874464730e-05 7.730336192995324964e+05 8.385195737294844909e-01 8.345495203179763566e-01
1.425102670302999301e-05 7.700852901547028450e+05 8.353214829401383046e-01 8.313514295286301703e-01
1.458409882943986393e-05 7.670860323670824291e+05 8.320681491926886775e-01 8.280980957811805432e-01
1.492495545051829036e-05 7.640352175175981829e+05 8.287588908328321624e-01 8.247888374213240281e-01
1.527377850390712299e-05 7.609322203768312465e+05 8.253930296661246002e-01 8.214229762546164659e-01
1.563075417945817392e-05 7.577764195103670936e+05 8.219698916146120915e-01 8.179998382031039572e-01
1.599607301861487752e-05 7.545671979102744954e+05 8.184888074018045190e-01 8.145187539902963847e-01
1.636993001611702035e-05 7.513039436533059925e+05 8.149491132666341064e-01 8.109790598551258611e-01
1.675252472408217280e-05 7.479860505864130100e+05 8.113501517070422775e-01 8.073800982955341432e-01
1.714406135851971963e-05 7.446129190401452361e+05 8.076912722538137634e-01 8.037212188423056292e-01
1.754474890833459822e-05 7.411839565704904962e+05 8.039718322752593682e-01 8.000017788637512339e-01
1.795480124687830550e-05 7.376985787296992494e+05 8.001911978133394721e-01 7.962211444018313378e-01
1.837443724610724835e-05 7.341562098666076781e+05 7.963487444517849401e-01 7.923786910402768058e-01
1.880388089340916658e-05 7.305562839569571661e+05 7.924438582167553369e-01 7.884738048052472026e-01
1.924336141115980055e-05 7.268982454641757067e+05 7.884759365105395990e-01 7.845058830990313536e-01
1.969311337907421862e-05 7.231815502310575685e+05 7.844443890787724527e-01 7.804743356672643184e-01
2.015337685941735182e-05 7.194056664027475053e+05 7.803486390116077809e-01 7.763785856000996466e-01
2.062439752514092561e-05 7.155700753813948249e+05 7.761881237792437327e-01 7.722180703677354874e-01
2.110642679101554765e-05 7.116742728127975715e+05 7.719622963021484097e-01 7.679922428906402754e-01
2.159972194782717103e-05 7.077177696053243708e+05 7.676706260562980999e-01 7.637005726447899656e-01
2.210454629971019498e-05 7.037000929813373368e+05 7.633126002136688681e-01 7.593425468021607339e-01
2.262116930469026491e-05 6.996207875612940406e+05 7.588877248181763457e-01 7.549176714066682115e-01
2.314986671851160856e-05 6.954794164806491463e+05 7.543955259971928395e-01 7.504254725856847053e-01
2.369092074182632066e-05 6.912755625396018149e+05 7.498355512086938290e-01 7.458654977971856948e-01
2.424462017082330928e-05 6.870088293856828241e+05 7.452073705240250812e-01 7.412373171125169469e-01
2.481126055137770437e-05 6.826788427290888503e+05 7.405105779461920168e-01 7.365405245346838825e-01
2.539114433680346981e-05 6.782852515905920882e+05 7.357447927634825913e-01 7.317747393519744570e-01
2.598458104929247240e-05 6.738277295817791019e+05 7.309096609381597887e-01 7.269396075266515433e-01
2.659188744512690965e-05 6.693059762172687333e+05 7.260048565298408141e-01 7.220348031183326798e-01
2.721338768375308650e-05 6.647197182584701804e+05 7.210300831530892518e-01 7.170600297415811175e-01
2.784941350080644140e-05 6.600687110883351415e+05 7.159850754686262198e-01 7.120150220571180855e-01
2.850030438518105311e-05 6.553527401164463954e+05 7.108696007074483125e-01 7.068995472959401782e-01
2.916640776023706944e-05 6.505716222136742435e+05 7.056834602270178891e-01 7.017134068155097548e-01
2.984807916924327366e-05 6.457252071755034849e+05 7.004264910985530390e-01 6.964564376870449047e-01
3.054568246515432163e-05 6.408133792129996000e+05 6.950985677242975669e-01 6.911285143127893216e-01
3.125959000482284364e-05 6.358360584702553460e+05 6.896996034835150002e-01 6.857295500720068659e-01
3.199018284775067032e-05 6.307932025670063449e+05 6.842295524057842027e-01 6.802594989942760684e-01
3.273785095948577347e-05 6.256848081649454543e+05 6.786884108700000917e-01 6.747183574584919574e-01
3.350299341977229842e-05 6.205109125561240362e+05 6.730762193273335248e-01 6.691061659158252795e-01
3.428601863556583155e-05 6.152715952716394095e+05 6.673930640461952501e-01 6.634230106346870048e-01
3.508734455902714811e-05 6.099669797086458420e+05 6.616390788770758480e-01 6.576690254655677137e-01
3.590739891061055147e-05 6.045972347735426156e+05 6.558144470349333011e-01 6.518443936234250558e-01
3.674661940736687922e-05 5.991625765389888547e+05 6.499194028965777914e-01 6.459493494850695461e-01
3.760545399658175977e-05 5.936632699122183258e+05 6.439542338103150243e-01 6.399841803988068900e-01
3.848436109487433118e-05 5.880996303119062213e+05 6.379192819148651328e-01 6.339492285033569985e-01
3.938380983288488669e-05 5.824720253506245790e+05 6.318149459643437327e-01 6.278448925528355984e-01
4.030428030568050765e-05 5.767808765197227476e+05 6.256416831558736513e-01 6.216716297443655170e-01
4.124626382901347725e-05 5.710266608732210007e+05 6.194000109561260681e-01 6.154299575446178228e-01
4.221026320156903033e-05 5.652099127070837421e+05 6.130905089228498861e-01 6.091204555113417518e-01
4.319679297334173899e-05 5.593312252300044056e+05 6.067138205171941356e-01 6.027437671056860014e-01
4.420637972028530196e-05 5.533912522215712816e+05 6.002706549023413274e-01 5.963006014908331931e-01
4.523956232538058048e-05 5.473907096734588267e+05 5.937617887237292003e-01 5.897917353122209549e-01
4.629689226627267960e-05 5.413303774090185761e+05 5.871880678658418784e-01 5.832180144543336331e-01
4.737893390963143824e-05 5.352111006763831247e+05 5.805504091802704547e-01 5.765803557687623204e-01
4.848626481239078214e-05 5.290337917099574115e+05 5.738498021794828929e-01 5.698797487679746476e-01
4.961947603002898075e-05 5.227994312548822490e+05 5.670873106904289473e-01 5.631172572789209241e-01
5.077917243205403721e-05 5.165090700488120201e+05 5.602640744618443414e-01 5.562940210503362071e-01
5.196597302486197180e-05 5.101638302550744265e+05 5.533813107188167990e-01 5.494112573073086647e-01
5.318051128214197225e-05 5.037649068410168402e+05 5.464403156578967469e-01 5.424702622463886126e-01
5.442343548300271707e-05 4.973135688950924086e+05 5.394424658757576152e-01 5.354724124642495919e-01
5.569540905800136036e-05 4.908111608759756200e+05 5.323892197241277824e-01 5.284191663126196481e-01
5.699711094326075290e-05 4.842591037867407431e+05 5.252821185834363193e-01 5.213120651719282961e-01
5.832923594286212095e-05 4.776588962669082102e+05 5.181227880473712188e-01 5.141527346358630846e-01
5.969249509970739695e-05 4.710121155949158710e+05 5.109129390102715718e-01 5.069428855987634375e-01
6.108761607505039696e-05 4.643204185933441622e+05 5.036543686490378979e-01 4.996843152375298192e-01
6.251534353689711088e-05 4.575855424290295923e+05 4.963489612910252924e-01 4.923789078795172136e-01
6.397643955748424092e-05 4.508093052999824868e+05 4.889986891591520113e-01 4.850286357476439325e-01
6.547168402004742828e-05 4.439936070008579409e+05 4.816056129852732126e-01 4.776355595737650783e-01
6.700187503509590005e-05 4.371404293585653068e+05 4.741718824826920420e-01 4.702018290711839077e-01
6.856782936641737654e-05 4.302518365294516552e+05 4.666997366685185500e-01 4.627296832570104712e-01
7.017038286703836689e-05 4.233299751493996009e+05 4.591915040264827330e-01 4.552214506149746542e-01
7.181039092537356639e-05 4.163770743280751049e+05 4.516496025006949688e-01 4.476795490891868901e-01
7.348872892180388270e-05 4.093954454785037669e+05 4.440765393107851677e-01 4.401064858992770890e-01
7.520629269592406859e-05 4.023874819731446914e+05 4.364749105788418571e-01 4.325048571673337228e-01
7.696399902471150959e-05 3.953556586176249548e+05 4.288474007585648673e-01 4.248773473470567330e-01
7.876278611187062886e-05 3.883025309333559708e+05 4.211967818571102917e-01 4.172267284456021574e-01
8.060361408861345649e-05 3.812307342403489747e+05 4.135259124402083097e-01 4.095558590287002310e-01
8.248746552614581479e-05 3.741429825316715869e+05 4.058377364112719654e-01 4.018676829997638311e-01
8.441534596012993945e-05 3.670420671311939368e+05 3.981352815554365931e-01 3.941652281439285144e-01
8.638828442740453491e-05 3.599308551264978014e+05 3.904216578397165516e-01 3.864516044282084173e-01
8.840733401525063448e-05 3.528122875691101654e+05 3.827000554607747906e-01 3.787300020492667119e-01
9.047357242349293694e-05 3.456893774345991551e+05 3.749737426322128919e-01 3.710036892207048131e-01
9.258810253973945087e-05 3.385652073354559834e+05 3.672460631037043899e-01 3.632760096921962556e-01
9.475205302806547630e-05 3.314429269801819464e+05 3.595204334048333061e-01 3.555503799933251718e-01
9.696657893145520398e-05 3.243257503725416027e+05 3.518003398070881915e-01 3.478302863955801127e-01
9.923286228832544731e-05 3.172169527455461212e+05 3.440893349981140048e-01 3.401192815866059260e-01
1.015521127634568086e-04 3.101198672254394623e+05 3.363910344630946514e-01 3.324209810515865726e-01
1.039255682936713091e-04 3.030378812217034283e+05 3.287091125689448612e-01 3.247390591574367824e-01
1.063544957486011247e-04 2.959744325399394729e+05 3.210472983479027986e-01 3.170772449363946643e-01
1.088401916069006557e-04 2.889330052154064178e+05 3.134093709781142212e-01 3.094393175666061424e-01
1.113839826482619416e-04 2.819171250659840880e+05 3.057991549598749748e-01 3.018291015483668960e-01
1.139872266616052477e-04 2.749303549644003506e+05 2.982205149873541350e-01 2.942504615758460562e-01
1.166513131698196175e-04 2.679762898307277355e+05 2.906773505168903649e-01 2.867072971053822861e-01
1.193776641714436922e-04 2.610585513473674364e+05 2.831735900342667867e-01 2.792035366227586524e-01
1.221677348996791812e-04 2.541807824000715336e+05 2.757131850248155658e-01 2.717431316133074315e-01
1.250230145991456081e-04 2.473466412499181752e+05 2.683001036516841631e-01 2.643300502401760288e-01
1.279450273207873381e-04 2.405597954426369397e+05 2.609383241492015948e-01 2.569682707376934605e-01
1.309353327353610932e-04 2.338239154631892743e+05 2.536318279399197850e-01 2.496617745284116785e-01
1.339955269659338412e-04 2.271426681451297773e+05 2.463845924856623570e-01 2.424145390741542505e-01
1.371272434398400808e-04 2.205197098459070257e+05 2.392005838846851251e-01 2.352305304731769908e-01
1.403321537605484669e-04 2.139586794009990408e+05 2.320837492289355708e-01 2.281136958174274365e-01
1.436119685999078855e-04 2.074631908715183090e+05 2.250380087372862437e-01 2.210679553257781371e-01
1.469684386112446071e-04 2.010368261017407931e+05 2.180672476825900596e-01 2.140971942710819531e-01
1.504033553638025288e-04 1.946831271048265917e+05 2.111753081323729242e-01 2.072052547208647899e-01
1.539185522990205494e-04 1.884055882968718361e+05 2.043659805250093164e-01 2.003959271135011821e-01
1.575159057091622900e-04 1.822076486012719688e+05 1.976429951052229295e-01 1.936729416937147952e-01
1.611973357388157043e-04 1.760926834472561604e+05 1.910100132447934140e-01 1.870399598332852797e-01
1.649648074098020775e-04 1.700639966882741719e+05 1.844706186763258593e-01 1.805005652648177528e-01
1.688203316700362703e-04 1.641248124677478918e+05 1.780283086699263884e-01 1.740582552584182818e-01
1.727659664669036485e-04 1.582782670614433009e+05 1.716864851845172624e-01 1.677164317730091281e-01
1.768038178457208688e-04 1.525274007274399337e+05 1.654484460273932811e-01 1.614783926158851746e-01
1.809360410738716568e-04 1.468751495962774497e+05 1.593173760573589059e-01 1.553473226458507717e-01
1.851648417912155954e-04 1.413243376353895292e+05 1.532963384684454811e-01 1.493262850569373745e-01
1.894924771873821728e-04 1.358776687233396515e+05 1.473882661927324311e-01 1.434182127812242968e-01
1.939212572065831012e-04 1.305377188706273591e+05 1.415959534621548666e-01 1.376259000506467323e-01
1.984535457805803086e-04 1.253069286249568395e+05 1.359220475704002729e-01 1.319519941588921386e-01
2.030917620904736781e-04 1.201875956997726025e+05 1.303690408769856979e-01 1.263989874654775636e-01
2.078383818579757254e-04 1.151818678656142147e+05 1.249392630964181461e-01 1.209692096849100257e-01
2.126959386668691900e-04 1.102917361443386035e+05 1.196348739158795277e-01 1.156648205043713934e-01
2.176670253153459040e-04 1.055190283465485409e+05 1.144578559851915367e-01 1.104878025736834163e-01
2.227542951999558719e-04 1.008654029925662180e+05 1.094100083228171233e-01 1.054399549113089890e-01
2.279604637318979670e-04 9.633234365704740048e+04 1.044929401813901731e-01 1.005228867698820527e-01
2.332883097864158189e-04 9.192115377676388016e+04 9.970806541564997127e-02 9.573801200414183699e-02
2.387406771860646915e-04 8.763295196023549943e+04 9.505659739473830416e-02 9.108654398323016987e-02
2.443204762186489522e-04 8.346866783669647702e+04 9.053954449951953642e-02 8.656949108801140214e-02
2.500306851906324121e-04 7.942903848037560238e+04 8.615770624395099886e-02 8.218765283244286457e-02
2.558743520168589233e-04 7.551460544419934740e+04 8.191167005750242536e-02 7.794161664599429107e-02
2.618545958474232716e-04 7.172571243482774298e+04 7.780180876323720962e-02 7.383175535172907533e-02
2.679746087325692136e-04 6.806250365836117999e+04 7.382827878337917815e-02 6.985822537187105774e-02
2.742376573264949761e-04 6.452492286315328238e+04 6.999101910103934510e-02 6.602096568953122468e-02
2.806470846309838869e-04 6.111271310289308167e+04 6.628975100322803682e-02 6.231969759171992335e-02
2.872063117797827919e-04 5.782541723952884786e+04 6.272397862638293131e-02 5.875392521487480396e-02
2.939188398646887007e-04 5.466237920166751428e+04 5.929299032137114178e-02 5.532293690986302137e-02
3.007882518043099003e-04 5.162274600985457801e+04 5.599586085033660815e-02 5.202580743882848774e-02
3.078182142565080021e-04 4.870547057560114627e+04 5.283145442284093579e-02 4.886140101133281538e-02
3.150124795755327540e-04 4.590931527624468436e+04 4.979842857356111402e-02 4.582837516205299361e-02
3.223748878149030293e-04 4.323285630269821559e+04 4.689523887834937121e-02 4.292518546684125080e-02
3.299093687770939063e-04 4.067448877193328372e+04 4.412014449980963121e-02 4.015009108830151080e-02
3.376199441111339922e-04 3.823243259066114115e+04 4.147121454770837795e-02 3.750116113620025754e-02
3.455107294592218038e-04 3.590473905120041309e+04 3.894633523359771615e-02 3.497628182208959574e-02
3.535859366535179407e-04 3.368929813496798306e+04 3.654321779300647582e-02 3.257316438149835541e-02
3.618498759642746650e-04 3.158384649348382663e+04 3.425940714253945807e-02 3.028935373103133766e-02
3.703069584005141035e-04 2.958597607127039009e+04 3.209229123324802008e-02 2.812223782173989967e-02
3.789616980644719825e-04 2.769314332963648485e+04 3.003911105578787460e-02 2.606905764427975419e-02
3.878187145610723736e-04 2.590267902510443309e+04 2.809697124720557729e-02 2.412691783569745688e-02
3.968827354637166063e-04 2.421179849124816974e+04 2.626285124378143626e-02 2.229279783227331238e-02
4.061585988376979588e-04 2.261761236801219275e+04 2.453361691926064098e-02 2.056356350775252056e-02
4.156512558225992243e-04 2.111713771824230207e+04 2.290603264309809192e-02 1.893597923158996804e-02
4.253657732750387591e-04 1.970730946724832393e+04 2.137677368910013628e-02 1.740672027759201587e-02
4.353073364731892205e-04 1.838499209778450313e+04 1.994243892112122080e-02 1.597238550961310039e-02
4.454812518844988400e-04 1.714699152994687756e+04 1.859956367934233884e-02 1.462951026783421669e-02
4.558929499981063905e-04 1.599006711318713496e+04 1.734463278816369969e-02 1.337457937665557581e-02
4.665479882234472913e-04 1.491094365599133016e+04 1.617409360495296322e-02 1.220404019344483934e-02
4.774520538566131341e-04 1.390632341779596027e+04 1.508436902783183778e-02 1.111431561632371737e-02
4.886109671160326559e-04 1.297289798746234374e+04 1.407187038041101020e-02 1.010181696890288805e-02
5.000306842491094618e-04 1.210735997311373649e+04 1.313301009190777531e-02 9.162956680399653164e-03
5.117173007114604729e-04 1.130641442938778528e+04 1.226421409243471511e-02 8.294160680926591228e-03
5.236770544204655915e-04 1.056678995016452609e+04 1.146193384542533965e-02 7.491880433917217502e-03
5.359163290848514881e-04 9.885249357602515374e+03 1.072265794216996013e-02 6.752604530661837114e-03
5.484416576121020235e-04 9.258599921828506922e+03 1.004292318724536205e-02 6.072869775737238171e-03
5.612597255954971396e-04 8.683703049861196632e+03 9.419325108215819212e-03 5.449271696707696198e-03
5.743773748826587087e-04 8.157483387259570009e+03 8.848527828308879947e-03 4.878474416800756934e-03
5.878016072274911547e-04 7.676937281530440487e+03 8.327273246783077967e-03 4.357219835274955821e-03
6.015395880274839119e-04 7.239140562439321911e+03 7.852389478331854578e-03 3.882336066823730697e-03
6.155986501483508158e-04 6.841255600979666269e+03 7.420798510038860256e-03 3.450745098530737243e-03
6.299862978380693342e-04 6.480537615781420755e+03 7.029523042020965895e-03 3.059469630512842882e-03
6.447102107323869971e-04 6.154340203097470294e+03 6.675692485876132294e-03 2.705639074368009281e-03
6.597782479539539974e-04 5.860120074094727897e+03 6.356548103284384577e-03 2.386494691776261563e-03
6.751984523072501482e-04 5.595440990899024655e+03 6.069447275486653838e-03 2.099393863978530825e-03
6.909790545715644838e-04 5.357976900589763318e+03 5.811866902769347726e-03 1.841813491261224713e-03
7.071284778942996639e-04 5.145514274008138273e+03 5.581405941399903564e-03 1.611352529891780985e-03
7.236553422869657212e-04 4.955953663721214980e+03 5.375787093570593041e-03 1.405733682062470244e-03
7.405684692262435144e-04 4.787310502670613459e+03 5.192857673703085881e-03 1.222804262194962651e-03
7.578768863625930151e-04 4.637715171825653670e+03 5.030589681832692978e-03 1.060536270324569747e-03
7.755898323389001994e-04 4.505412371463568888e+03 4.887079121627876943e-03 9.170257101197537130e-04
7.937167617217550904e-04 4.388759836424920650e+03 4.760544606811167520e-03 7.904911953030445068e-04
8.122673500479720343e-04 4.286226440765618463e+03 4.649325305250673855e-03 6.792718937425507334e-04
8.312514989890631501e-04 4.196389741580767804e+03 4.551878274714015078e-03 5.818248632058926071e-04
8.506793416364162239e-04 4.117933015358994453e+03 4.466775248163495915e-03 4.967218366553731185e-04
8.705612479099865408e-04 4.049641842999908022e+03 4.392698929480336884e-03 4.226455179722141955e-04
8.909078300934142802e-04 3.990400301568738996e+03 4.328438862611637059e-03 3.583854511035138284e-04
9.117299484984922164e-04 3.939186821963843158e+03 4.272886938328688232e-03 3.028335268205657608e-04
9.330387172620369486e-04 3.895069771941435192e+03 4.225032603076733610e-03 2.549791915686109222e-04
9.548455102782293490e-04 3.857202823401905334e+03 4.183957833810457612e-03 2.139044223023344360e-04
9.771619672696181796e-04 3.824820161530216865e+03 4.148831941286560375e-03 1.787785297784377683e-04
1.000000000000000021e-03 3.797231591351487168e+03 4.118906262081254571e-03 1.488528505731318290e-04
