# t_m M M/M0 (M-M1)/M0
9.999999999999999547e-07 9.117551919477710035e+05 9.930020579209605236e-01 9.916256678270108926e-01
1.039255682936713100e-06 9.114768571637740824e+05 9.926989206142132760e-01 9.913225305202635340e-01
1.080052374516253951e-06 9.111884928618783597e+05 9.923848600552580557e-01 9.910084699613084247e-01
1.122450568085305844e-06 9.108897410196017008e+05 9.920594863180878242e-01 9.906830962241381933e-01
1.166513131698196192e-06 9.105802310843942687e+05 9.917223958300683817e-01 9.903460057361186397e-01
1.212305401337652771e-06 9.102595795537109952e+05 9.913731709145909843e-01 9.899967808206413533e-01
1.259895277795028425e-06 9.099273895424110815e+05 9.910113793199230026e-01 9.896349892259733716e-01
1.309353327353609475e-06 9.095832503372102510e+05 9.906365737339568600e-01 9.892601836400071180e-01
1.360752886424333165e-06 9.092267369379153242e+05 9.902482912845638197e-01 9.888719011906141887e-01
1.414170170289023892e-06 9.088574095851769671e+05 9.898460530252650713e-01 9.884696629313153293e-01
1.469684386112447426e-06 9.084748132744969334e+05 9.894293634059313503e-01 9.880529733119817193e-01
1.527377850390712468e-06 9.080784772562407888e+05 9.889977097282420804e-01 9.876213196342923384e-01
1.587336111010208705e-06 9.076679145214057062e+05 9.885505615856293726e-01 9.871741714916797417e-01
1.649648074098020724e-06 9.072426212729129475e+05 9.880873702874575226e-01 9.867109801935078917e-01
1.714406135851971963e-06 9.068020763821963919e+05 9.876075682671876521e-01 9.862311781732380211e-01
1.781706319545728901e-06 9.063457408308775630e+05 9.871105684743002318e-01 9.857341783803506008e-01
1.851648417912154073e-06 9.058730571373311104e+05 9.865957637497616561e-01 9.852193736558119141e-01
1.924336141115980055e-06 9.053834487679614685e+05 9.860625261848394718e-01 9.846861360908898408e-01
1.999877270535287164e-06 9.048763195330282906e+05 9.855102064630896219e-01 9.841338163691399910e-01
2.078383818579755340e-06 9.043510529668874806e+05 9.849381331853706012e-01 9.835617430914209702e-01
2.159972194782717103e-06 9.038070116925277980e+05 9.843456121777534040e-01 9.829692220838037731e-01
2.244763378413223769e-06 9.032435367703216616e+05 9.837319257822395580e-01 9.823555356882898160e-01
2.332883097864158392e-06 9.026599470309310127e+05 9.830963321302215174e-01 9.817199420362717754e-01
2.424462017082330759e-06 9.020555383923457703e+05 9.824380643986627692e-01 9.810616743047130273e-01
2.519635929317013705e-06 9.014295831610714085e+05 9.817563300490135259e-01 9.803799399550637839e-01
2.618545958474232632e-06 9.007813293175181607e+05 9.810503100489207373e-01 9.796739199549711063e-01
2.721338768375308565e-06 9.001099997856953414e+05 9.803191580768446656e-01 9.789427679828950346e-01
2.828166780230035161e-06 8.994147916873598006e+05 9.795619997097443354e-01 9.781856096157945935e-01
2.939188398646884365e-06 8.986948755808239803e+05 9.787779315940549063e-01 9.774015415001051643e-01
3.054568246515431994e-06 8.979493946846866747e+05 9.779660206002456224e-01 9.765896305062958804e-01
3.174477409109193511e-06 8.971774640868174611e+05 9.771253029613158336e-01 9.757489128673660916e-01
3.299093687770942248e-06 8.963781699389935238e+05 9.762547833956659593e-01 9.748783933017163283e-01
3.428601863556582985e-06 8.955505686376672238e+05 9.753534342148628689e-01 9.739770441209132379e-01
3.563193971228583995e-06 8.946936859914229717e+05 9.744201944169084140e-01 9.730438043229587830e-01
3.703069584005141018e-06 8.938065163757792907e+05 9.734539687657255413e-01 9.720775786717757994e-01
3.848436109487433457e-06 8.928880218760826392e+05 9.724536268576751130e-01 9.710772367637254820e-01
3.999509097203661301e-06 8.919371314193530707e+05 9.714180021760402406e-01 9.700416120820906096e-01
4.156512558225988346e-06 8.909527398960514693e+05 9.703458911345334004e-01 9.689695010405836584e-01
4.319679297334173221e-06 8.899337072728683706e+05 9.692360521110257032e-01 9.678596620170759612e-01
4.489251258218607721e-06 8.888788576977637131e+05 9.680872044728364711e-01 9.667108143788867292e-01
4.665479882234468170e-06 8.877869785986340139e+05 9.668980275950821435e-01 9.655216375011325125e-01
4.848626481239077875e-06 8.866568197771392297e+05 9.656671598737540663e-01 9.642907697798043243e-01
5.038962625065150179e-06 8.854870924993872177e+05 9.643931977353726870e-01 9.630168076414230560e-01
5.236770544204655305e-06 8.842764685853561386e+05 9.630746946452690693e-01 9.616983045513194384e-01
5.442343548300271877e-06 8.830235794991244329e+05 9.617101601167439284e-01 9.603337700227942975e-01
5.655986461065001783e-06 8.817270154421875486e+05 9.602980587235900867e-01 9.589216686296404557e-01
5.878016072274912326e-06 8.803853244523581816e+05 9.588368091186951769e-01 9.574604190247455460e-01
6.108761607505039188e-06 8.789970115109877661e+05 9.573247830617072074e-01 9.559483929677575764e-01
6.348565216305210224e-06 8.775605376614922425e+05 9.557603044590118335e-01 9.543839143650622026e-01
6.597782479539533130e-06 8.760743191424407996e+05 9.541416484195703873e-01 9.527652583256207564e-01
6.856782936641737654e-06 8.745367265387490625e+05 9.524670403304755784e-01 9.510906502365259474e-01
7.125950633568410784e-06 8.729460839548219228e+05 9.507346549564125171e-01 9.493582648624628861e-01
7.405684692262442192e-06 8.713006682138198521e+05 9.489426155675716457e-01 9.475662254736220147e-01
7.696399902471150620e-06 8.695987080875620013e+05 9.470889931009278673e-01 9.457126030069782363e-01
7.998527336796707127e-06 8.678383835619462188e+05 9.451718053602022884e-01 9.437954152662525464e-01
8.312514989890631094e-06 8.660178251431541285e+05 9.431890162602424299e-01 9.418126261662926879e-01
8.638828442740453152e-06 8.641351132103129057e+05 9.411385351219997419e-01 9.397621450280501110e-01
8.977951553033313987e-06 8.621882774207233451e+05 9.390182160247575460e-01 9.376418259308079151e-01
9.330387172620360271e-06 8.601752961742142215e+05 9.368258572227532444e-01 9.354494671288035024e-01
9.696657893145519720e-06 8.580940961436651414e+05 9.345592006338661051e-01 9.331828105399164741e-01
1.007730682094461773e-05 8.559425518792427611e+05 9.322159314085872728e-01 9.308395413146375308e-01
1.047289838236357490e-05 8.537184854944240069e+05 9.297936775880635274e-01 9.284172874941137854e-01
1.088401916069005439e-05 8.514196664424370974e+05 9.272900098606176034e-01 9.259136197666678614e-01
1.131127876593921339e-05 8.490438113923290512e+05 9.247024414267716041e-01 9.233260513328219732e-01
1.175531073878369830e-05 8.465885842144744238e+05 9.220284279834648489e-01 9.206520378895151069e-01
1.221677348996793032e-05 8.440515960859708721e+05 9.192653678388406080e-01 9.178889777448909770e-01
1.269635127659972725e-05 8.414304057270267513e+05 9.164106021696990512e-01 9.150342120757493092e-01
1.319475521676705910e-05 8.387225197801192990e+05 9.134614154344417036e-01 9.120850253404920727e-01
1.371272434398400910e-05 8.359253933444153517e+05 9.104150359551151928e-01 9.090386458611654508e-01
1.425102670302996252e-05 8.330364306786620291e+05 9.072686366829361138e-01 9.058922465889864828e-01
1.481046048880673932e-05 8.300529860865112860e+05 9.040193361625081803e-01 9.026429460685584383e-01
1.539185522990205290e-05 8.269723649990017293e+05 9.006641997107631692e-01 8.992878096168135382e-01
1.599607301861487752e-05 8.237918252697034040e+05 8.972002408275177032e-01 8.958238507335680723e-01
1.662400978926613715e-05 8.205085786988292821e+05 8.936244228553984481e-01 8.922480327614487061e-01
1.727659664669034520e-05 8.171197928034157958e+05 8.899336609077638238e-01 8.885572708138141929e-01
1.795480124687830550e-05 8.136225928514914121e+05 8.861248240841387291e-01 8.847484339901890982e-01
1.865962923181746036e-05 8.100140641789595829e+05 8.821947379935556333e-01 8.808183478996060023e-01
1.939212572065831012e-05 8.062912548087269533e+05 8.781401876070740187e-01 8.767637975131243877e-01
2.015337685941735182e-05 8.024511783924064366e+05 8.739579204616203523e-01 8.725815303676706103e-01
2.094451143151468647e-05 7.984908174956991570e+05 8.696446502381310895e-01 8.682682601441813475e-01
2.176670253153459243e-05 7.944071272493075812e+05 8.651970607378007827e-01 8.638206706438510407e-01
2.262116930469026491e-05 7.901970393879498588e+05 8.606118102810138559e-01 8.592354201870642250e-01
2.350917875457284495e-05 7.858574667007045355e+05 8.558855365542622495e-01 8.545091464603125075e-01
2.443204762186486879e-05 7.813853079165299423e+05 8.510148619310141660e-01 8.496384718370644240e-01
2.539114433680346981e-05 7.767774530493379571e+05 8.459963992930905619e-01 8.446200091991408199e-01
2.638789104828934555e-05 7.720307892274431651e+05 8.408267583795782096e-01 8.394503682856284676e-01
2.742376573264952404e-05 7.671422070325706154e+05 8.355025526907091660e-01 8.341261625967594240e-01
2.850030438518105311e-05 7.621086073738170089e+05 8.300204069743633006e-01 8.286440168804135586e-01
2.961910329772553569e-05 7.569269089220586466e+05 8.243769653229592320e-01 8.230005752290096011e-01
3.078182142565080156e-05 7.515940561302226270e+05 8.185688999084153039e-01 8.171925098144656729e-01
3.199018284775060933e-05 7.461070278645752696e+05 8.125929203825752456e-01 8.112165302886255036e-01
3.324597932270938416e-05 7.404628466717200354e+05 8.064457839699918917e-01 8.050693938760422608e-01
3.455107294592217902e-05 7.346585887052947655e+05 8.001243062791968397e-01 7.987479161852472087e-01
3.590739891061055147e-05 7.286913943353816867e+05 7.936253728575185518e-01 7.922489827635689208e-01
3.731696837732755809e-05 7.225584794623850612e+05 7.869459515131446148e-01 7.855695614191949838e-01
3.878187145610719399e-05 7.162571475555344950e+05 7.800831054263804853e-01 7.787067153324308544e-01
4.030428030568050765e-05 7.097848024342086865e+05 7.730340070699223132e-01 7.716576169759726822e-01
4.188645235435271141e-05 7.031389618079221109e+05 7.657959529553971523e-01 7.644195628614474103e-01
4.353073364731891934e-05 6.963172715880020987e+05 7.583663792203589882e-01 7.569899891264092462e-01
4.523956232538058048e-05 6.893175209807186620e+05 7.507428780663736312e-01 7.493664879724238892e-01
4.701547224022129581e-05 6.821376583678128663e+05 7.429232150546672964e-01 7.415468249607175544e-01
4.886109671160326288e-05 6.747758079760118853e+05 7.349053472610683757e-01 7.335289571671187447e-01
5.077917243205403721e-05 6.672302873321461957e+05 7.266874422865574612e-01 7.253110521926078302e-01
5.277254352483532347e-05 6.594996254948566202e+05 7.182678981136088048e-01 7.168915080196590628e-01
5.484416576121014950e-05 6.515825820475700311e+05 7.096453637916374513e-01 7.082689736976877093e-01
5.699711094326075290e-05 6.434781668303837068e+05 7.008187609271998575e-01 6.994423708332502265e-01
5.923457145875805631e-05 6.351856603806678904e+05 6.917873059460668550e-01 6.904109158521171130e-01
6.155986501483513579e-05 6.267046350435881177e+05 6.825505330849122032e-01 6.811741429909624612e-01
6.397643955748424092e-05 6.180349767042798921e+05 6.731083180600506699e-01 6.717319279661010389e-01
6.648787838417262398e-05 6.091769070830846904e+05 6.634609023494113522e-01 6.620845122554616102e-01
6.909790545715645651e-05 6.001310065240554977e+05 6.536089180117351516e-01 6.522325279177855206e-01
7.181039092537341731e-05 5.908982371948251966e+05 6.435534129537936465e-01 6.421770228598440156e-01
7.462935686310129138e-05 5.814799666029474465e+05 6.332958765422798120e-01 6.319194864483301810e-01
7.755898323389002265e-05 5.718779913199391449e+05 6.228382654419093445e-01 6.214618753479596025e-01
8.060361408861345649e-05 5.620945607895121211e+05 6.121830295452134196e-01 6.108066394512636776e-01
8.376776400682923638e-05 5.521324010809429456e+05 6.013331378425805784e-01 5.999567477486309475e-01
8.705612479099856735e-05 5.419947384322262369e+05 5.902921040633500871e-01 5.889157139694004561e-01
9.047357242349293694e-05 5.316853224106854759e+05 5.790640119002733455e-01 5.776876218063237145e-01
9.402517429670132095e-05 5.212084485012008809e+05 5.676535396105881759e-01 5.662771495166384339e-01
9.771619672696181254e-05 5.105689799142365810e+05 5.560659837673677108e-01 5.546895936734179688e-01
1.015521127634568086e-04 4.997723683876594296e+05 5.443072819149976649e-01 5.429308918210479229e-01
1.055386103036522926e-04 4.888246737380441627e+05 5.323840338627058300e-01 5.310076437687560880e-01
1.096816005273137988e-04 4.777325818990578409e+05 5.203035213303541795e-01 5.189271312364044375e-01
1.139872266616051392e-04 4.665034211668429198e+05 5.080737256414545877e-01 5.066973355475048457e-01
1.184618730902683531e-04 4.551451763553860364e+05 4.957033431399279766e-01 4.943269530459782346e-01
1.231121748203889692e-04 4.436665005490477779e+05 4.832017979899066451e-01 4.818254078959569031e-01
1.279450273207873381e-04 4.320767241250778316e+05 4.705792520022494263e-01 4.692028619082996843e-01
1.329675967466211416e-04 4.203858607065528049e+05 4.578466111179480547e-01 4.564702210239983127e-01
1.381873305653632058e-04 4.086046096961583826e+05 4.450155281676957397e-01 4.436391380737459977e-01
1.436119685999078855e-04 3.967443550341849914e+05 4.320984015192073091e-01 4.307220114252575671e-01
1.492495545051829070e-04 3.848171598205046612e+05 4.191083692199582544e-01 4.177319791260085124e-01
1.551084476952840495e-04 3.728357564407903119e+05 4.060592982435474729e-01 4.046829081495976754e-01
1.611973357388157043e-04 3.608135318424259895e+05 3.929657684535381446e-01 3.915893783595884026e-01
1.675252472408215586e-04 3.487645076160442550e+05 3.798430509100531594e-01 3.784666608161034174e-01
1.741015652304015381e-04 3.367033145551343332e+05 3.667070801623794063e-01 3.653306900684296643e-01
1.809360410738716568e-04 3.246451613892291789e+05 3.535744201959573618e-01 3.521980301020076198e-01
1.880388089340914693e-04 3.126057974165365449e+05 3.404622237351906389e-01 3.390858336412408969e-01
1.954204007974053514e-04 3.006014687999924645e+05 3.273881846450237276e-01 3.260117945510739856e-01
2.030917620904734884e-04 2.886488683372305823e+05 3.143704832248935821e-01 3.129940931309438401e-01
2.110642679101554697e-04 2.767650785701975692e+05 3.014277242488198616e-01 3.000513341548701196e-01
2.193497398905057730e-04 2.649675081645542523e+05 2.885788676755497439e-01 2.872024775816000020e-01
2.279604637318979670e-04 2.532738215626759629e+05 2.758431520329092668e-01 2.744667619389595803e-01
2.369092074182632202e-04 2.417018619971225853e+05 2.632400105709729599e-01 2.618636204770232734e-01
2.462092401494625450e-04 2.302695680436407274e+05 2.507889803790712691e-01 2.494125902851215548e-01
2.558743520168586523e-04 2.189948839937617886e+05 2.385096047716551981e-01 2.371332146777054839e-01
2.659188744512693946e-04 2.078956644361293293e+05 2.264213293668281279e-01 2.250449392728784137e-01
2.763577014736157632e-04 1.969895735519357549e+05 2.145433924079589993e-01 2.131670023140092851e-01
2.872063117797827919e-04 1.862939797519270505e+05 2.028947100117487468e-01 2.015183199177990325e-01
2.984807916924324248e-04 1.758258464087748143e+05 1.914937571637208014e-01 1.901173670697710871e-01
3.101978590138096945e-04 1.656016195671587193e+05 1.803584454221046629e-01 1.789820553281549487e-01
3.223748878149030293e-04 1.556371136423565913e+05 1.695059984309819356e-01 1.681296083370322214e-01
3.350299341977229571e-04 1.459473962436969450e+05 1.589528264803112545e-01 1.575764363863615403e-01
3.481817630688966228e-04 1.365466733788610436e+05 1.487144014807403047e-01 1.473380113867905905e-01
3.618498759642746650e-04 1.274481764052774379e+05 1.388051338411942504e-01 1.374287437472445084e-01
3.760545399658171912e-04 1.186640521920390602e+05 1.292382528430779109e-01 1.278618627491281690e-01
3.908168177536264177e-04 1.102052580360203574e+05 1.200256921923264636e-01 1.186493020983767216e-01
4.061585988376979588e-04 1.020814629350960022e+05 1.111779824950416135e-01 1.098015924010918853e-01
4.221026320156898832e-04 9.430095685557204706e+04 1.027041524397076244e-01 1.013277623457578963e-01
4.386725591048498511e-04 8.687056963614275446e+04 9.461164047464765137e-02 9.323525038069790938e-02
4.558929499981059568e-04 7.979560114325255563e+04 8.690621873950235554e-02 8.552982864555262743e-02
4.737893390963144095e-04 7.307976422936856397e+04 7.959193094049152317e-02 7.821554084654179506e-02
4.923882631706736918e-04 6.672514194374874933e+04 7.267104574821685314e-02 7.129465565426713891e-02
5.117173007114604729e-04 6.073216030291969946e+04 6.614402714170622422e-02 6.476763704775649610e-02
5.318051128214197360e-04 5.509957774442154187e+04 6.000952292237759361e-02 5.863313282842787244e-02
5.526814857144602593e-04 4.982449216267717566e+04 5.426437237687743026e-02 5.288798228292770909e-02
5.743773748826580582e-04 4.490236616175864765e+04 4.890363378013100337e-02 4.752724368618128220e-02
5.969249509970733867e-04 4.032707085940199613e+04 4.392063210275035101e-02 4.254424200880062984e-02
6.203576476104268565e-04 3.609094824454995251e+04 3.930702692528231790e-02 3.793063683133259673e-02
6.447102107323869971e-04 3.218489173321580893e+04 3.505290017243728462e-02 3.367651007848755651e-02
6.700187503509583229e-04 2.859844419245240351e+04 3.114686287201285167e-02 2.977047277806312356e-02
6.963207939763882718e-04 2.531991231900561979e+04 2.757617972587441887e-02 2.619978963192469076e-02
7.236553422869657212e-04 2.233649587855214122e+04 2.432690986575253983e-02 2.295051977180281172e-02
7.520629269592406588e-04 1.963442994497145992e+04 2.138406176751276450e-02 2.000767167356303985e-02
7.815856707684091381e-04 1.719913793935052308e+04 1.873175992752655269e-02 1.735536983357682805e-02
8.122673500479711669e-04 1.501539296804343212e+04 1.635342057762931983e-02 1.497703048367959346e-02
8.441534596012984729e-04 1.306748471054705988e+04 1.423193344444068434e-02 1.285554335049095796e-02
8.772912801613356321e-04 1.133938892280946857e+04 1.234984635717979728e-02 1.097345626323007091e-02
9.117299484984922164e-04 9.814936509997054600e+03 1.068954938657365981e-02 9.313159292623933438e-03
9.475205302806537873e-04 8.477979092812094677e+03 9.233455164854758104e-03 7.857065070905033463e-03
9.847160957933774172e-04 7.312548048606195152e+03 7.964172099091065479e-03 6.587782005141338236e-03
1.023371798632519191e-03 6.303004155084767262e+03 6.864667349700240631e-03 5.488277255750514255e-03
1.063544957486011302e-03 5.434175199081639221e+03 5.918416701596612532e-03 4.542026607646886156e-03
1.105295141126020871e-03 4.691479230670388461e+03 5.109538801525142539e-03 3.733148707575417464e-03
1.148684256737553602e-03 4.061031534878876755e+03 4.422911662067778062e-03 3.046521568118052119e-03
1.193776641714435838e-03 3.529733846928314506e+03 3.844269826887772214e-03 2.467879732938046272e-03
1.240639159058831839e-03 3.085344836360876798e+03 3.360281135725810050e-03 1.983891041776084541e-03
1.289341296525714411e-03 2.716531412122679285e+03 2.958602601299229438e-03 1.582212507349503713e-03
1.339955269659338357e-03 2.412900934242036783e+03 2.627915491375676458e-03 1.251525397425950733e-03
1.392556128874461972e-03 2.165014936961923013e+03 2.357940274779330141e-03 9.815501808296046328e-04
1.447221870741134415e-03 1.964385452092325977e+03 2.139432617115731919e-03 7.630425231660061935e-04
1.504033553638023553e-03 1.803455450438518255e+03 1.964162079327986653e-03 5.877719853782610365e-04
1.563075417945815901e-03 1.675565276514347943e+03 1.824875561394074565e-03 4.484854674443489479e-04
1.624435010958865354e-03 1.574907224061392299e+03 1.715247830052538461e-03 3.388577361028128438e-04
1.688203316700362649e-03 1.496470578295834457e+03 1.629821663742231147e-03 2.534315697925056381e-04
1.754474890833459741e-03 1.435979531416423924e+03 1.563940235736621404e-03 1.875501417868959228e-04
1.823348000868440328e-03 1.389826362058525774e+03 1.513674339192549057e-03 1.372842452428235758e-04
1.894924771873821674e-03 1.355002163475807492e+03 1.475746942492768944e-03 9.935684854304325977e-05
1.969311337907421727e-03 1.329027220254325130e+03 1.447457361801475582e-03 7.106726785174995121e-05
2.046617999391989878e-03 1.309882884052594363e+03 1.426607066224613776e-03 5.021697227488814504e-05
2.126959386668689569e-03 1.295946502626738720e+03 1.411428808334705323e-03 3.503871438497985463e-05
2.210454629971021680e-03 1.285930632067504121e+03 1.400520419586248925e-03 2.413032563652329129e-05
2.297227536071151221e-03 1.278827428663088313e+03 1.392784246915438175e-03 1.639415296571263597e-05
2.387406771860646915e-03 1.273858791841870925e+03 1.387372852900789922e-03 1.098275895106428638e-05
2.481126055137767780e-03 1.270432528676341462e+03 1.383641274068668058e-03 7.251180118942387902e-06
2.578524352884273892e-03 1.268104545712086974e+03 1.381105843621191010e-03 4.715749671465354702e-06
2.679746087325689426e-03 1.266546853976687316e+03 1.379409345358807585e-03 3.019251409082069303e-06
2.784941350080644140e-03 1.265521002557377415e+03 1.378292079913551833e-03 1.901985963826207127e-06
2.894266124716749020e-03 1.264856435967651123e+03 1.377568293532018808e-03 1.178199582293295714e-06
3.007882518043098787e-03 1.264433198162741974e+03 1.377107340838821820e-03 7.172468890962270039e-07
3.125959000482278049e-03 1.264168376347344065e+03 1.376818920646653019e-03 4.288266969274151445e-07
3.248670655878374992e-03 1.264005683613029760e+03 1.376641730298399724e-03 2.516363486742103625e-07
3.376199441111336561e-03 1.263907612899433843e+03 1.376534920464704678e-03 1.448265149791797098e-07
3.508734455902711314e-03 1.263849647537148257e+03 1.376471789786046663e-03 8.169583632106685244e-08
3.646472223212745157e-03 1.263816077927723882e+03 1.376435228775441588e-03 4.513482571602101859e-08
3.789616980644716030e-03 1.263797042973814996e+03 1.376414497609257034e-03 2.440365953140679088e-08
3.938380983288488832e-03 1.263786483241969108e+03 1.376402996895527376e-03 1.290294580181542228e-08
4.092984818452437799e-03 1.263780756532060650e+03 1.376396759876232683e-03 6.665926507121610323e-09
4.253657732750387374e-03 1.263777722976177074e+03 1.376393455998983859e-03 3.362049258258447733e-09
4.420637972028529546e-03 1.263776154695643982e+03 1.376391747968351781e-03 1.654018626229439804e-09
4.594173134636476453e-03 1.263775364130759954e+03 1.376390886955918122e-03 7.930061925270990373e-10
4.774520538566126571e-03 1.263774975894074487e+03 1.376390464123308051e-03 3.701735823772189028e-10
4.961947603002903225e-03 1.263774790331724034e+03 1.376390262025422966e-03 1.680756974412738639e-10
5.156732244854963371e-03 1.263774704095140805e+03 1.376390168104263704e-03 7.415453815336243238e-11
5.359163290848514664e-03 1.263774665167293279e+03 1.376390125707540203e-03 3.175781472811971800e-11
5.569540905800130642e-03 1.263774648116707795e+03 1.376390107137570422e-03 1.318784482407447298e-11
5.788177037701273779e-03 1.263774640878106084e+03 1.376390099253933970e-03 5.304208450080230852e-12
6.015395880274832831e-03 1.263774637902907898e+03 1.376390096013614716e-03 2.063889176759329891e-12
6.251534353689711630e-03 1.263774636720371063e+03 1.376390094725701580e-03 7.759760167669760627e-13
6.496942604146118024e-03 1.263774636266404059e+03 1.376390094231281320e-03 2.815558329164041959e-13
6.751984523072501049e-03 1.263774636098291921e+03 1.376390094048188630e-03 9.846315626693469382e-14
7.017038286703822757e-03 1.263774636038316430e+03 1.376390093982868702e-03 3.314322526774779544e-14
7.292496916841444653e-03 1.263774636017730700e+03 1.376390093960448702e-03 1.072309222680993728e-14
7.578768863625922128e-03 1.263774636010942459e+03 1.376390093953055527e-03 3.329948297397654285e-15
7.876278611187054537e-03 1.263774636008794914e+03 1.376390093950716686e-03 9.910354046393553419e-16
8.185467307069021342e-03 1.263774636008144171e+03 1.376390093950007835e-03 2.823039383530397719e-16
8.506793416364153565e-03 1.263774636007955451e+03 1.376390093949802270e-03 7.676686042933537720e-17
8.840733401525063123e-03 1.263774636007903155e+03 1.376390093949745458e-03 1.981080269144138588e-17
9.187782428863330506e-03 1.263774636007889512e+03 1.376390093949730496e-03 4.952700672860346469e-18
9.548455102782293924e-03 1.263774636007886102e+03 1.376390093949726810e-03 1.238175168215086617e-18
9.923286228832544839e-03 1.263774636007885192e+03 1.376390093949725725e-03 2.476350336430173331e-19
1.031283160672184784e-02 1.263774636007884965e+03 1.376390093949725509e-03 0.000000000000000000e+00
1.071766885445503414e-02 1.263774636007884965e+03 1.376390093949725509e-03 0.000000000000000000e+00
1.113839826482618256e-02 1.263774636007884965e+03 1.376390093949725509e-03 0.000000000000000000e+00
1.157564369553303572e-02 1.263774636007884965e+03 1.376390093949725509e-03 0.000000000000000000e+00
1.203005349423324176e-02 1.263774636007884965e+03 1.376390093949725509e-03 0.000000000000000000e+00
1.250230145991455995e-02 1.263774636007884965e+03 1.376390093949725509e-03 0.000000000000000000e+00
1.299308784200414561e-02 1.263774636007884965e+03 1.376390093949725509e-03 0.000000000000000000e+00
1.350314037869872197e-02 1.263774636007884965e+03 1.376390093949725509e-03 0.000000000000000000e+00
1.403321537605484691e-02 1.263774636007884965e+03 1.376390093949725509e-03 0.000000000000000000e+00
1.458409882943986248e-02 1.263774636007884965e+03 1.376390093949725509e-03 0.000000000000000000e+00
1.515660758900601313e-02 1.263774636007884965e+03 1.376390093949725509e-03 0.000000000000000000e+00
1.575159057091621295e-02 1.263774636007884965e+03 1.376390093949725509e-03 0.000000000000000000e+00
1.636993001611701873e-02 1.263774636007884965e+03 1.376390093949725509e-03 0.000000000000000000e+00
1.701254279852589327e-02 1.263774636007884965e+03 1.376390093949725509e-03 0.000000000000000000e+00
1.768038178457205165e-02 1.263774636007884965e+03 1.376390093949725509e-03 0.000000000000000000e+00
1.837443724610724957e-02 1.263774636007884965e+03 1.376390093949725509e-03 0.000000000000000000e+00
1.909573832878096525e-02 1.263774636007884965e+03 1.376390093949725509e-03 0.000000000000000000e+00
1.984535457805803108e-02 1.263774636007884965e+03 1.376390093949725509e-03 0.000000000000000000e+00
2.062439752514092645e-02 1.263774636007884965e+03 1.376390093949725509e-03 0.000000000000000000e+00
2.143402233514854482e-02 1.263774636007884965e+03 1.376390093949725509e-03 0.000000000000000000e+00
2.227542951999556334e-02 1.263774636007884965e+03 1.376390093949725509e-03 0.000000000000000000e+00
2.314986671851160943e-02 1.263774636007884965e+03 1.376390093949725509e-03 0.000000000000000000e+00
2.405863054644066801e-02 1.263774636007884965e+03 1.376390093949725509e-03 0.000000000000000000e+00
2.500306851906321237e-02 1.263774636007884965e+03 1.376390093949725509e-03 0.000000000000000000e+00
2.598458104929247253e-02 1.263774636007884965e+03 1.376390093949725509e-03 0.000000000000000000e+00
2.700462352420682222e-02 1.263774636007884965e+03 1.376390093949725509e-03 0.000000000000000000e+00
2.806470846309838674e-02 1.263774636007884965e+03 1.376390093949725509e-03 0.000000000000000000e+00
2.916640776023700712e-02 1.263774636007884965e+03 1.376390093949725509e-03 0.000000000000000000e+00
3.031135501567576093e-02 1.263774636007884965e+03 1.376390093949725509e-03 0.000000000000000000e+00
3.150124795755327584e-02 1.263774636007884965e+03 1.376390093949725509e-03 0.000000000000000000e+00
3.273785095948576751e-02 1.263774636007884965e+03 1.376390093949725509e-03 0.000000000000000000e+00
3.402299765678064303e-02 1.263774636007884965e+03 1.376390093949725509e-03 0.000000000000000000e+00
3.535859366535176046e-02 1.263774636007884965e+03 1.376390093949725509e-03 0.000000000000000000e+00
3.674661940736687754e-02 1.263774636007884965e+03 1.376390093949725509e-03 0.000000000000000000e+00
3.818913304781854090e-02 1.263774636007884965e+03 1.376390093949725509e-03 0.000000000000000000e+00
3.968827354637157606e-02 1.263774636007884965e+03 1.376390093949725509e-03 0.000000000000000000e+00
4.124626382901348115e-02 1.263774636007884965e+03 1.376390093949725509e-03 0.000000000000000000e+00
4.286541408420924820e-02 1.263774636007884965e+03 1.376390093949725509e-03 0.000000000000000000e+00
4.454812518844988856e-02 1.263774636007884965e+03 1.376390093949725509e-03 0.000000000000000000e+00
4.629689226627267673e-02 1.263774636007884965e+03 1.376390093949725509e-03 0.000000000000000000e+00
4.811430839003254245e-02 1.263774636007884965e+03 1.376390093949725509e-03 0.000000000000000000e+00
5.000306842491089587e-02 1.263774636007884965e+03 1.376390093949725509e-03 0.000000000000000000e+00
5.196597302486197223e-02 1.263774636007884965e+03 1.376390093949725509e-03 0.000000000000000000e+00
5.400593278542373948e-02 1.263774636007884965e+03 1.376390093949725509e-03 0.000000000000000000e+00
5.612597255954965975e-02 1.263774636007884965e+03 1.376390093949725509e-03 0.000000000000000000e+00
5.832923594286200386e-02 1.263774636007884965e+03 1.376390093949725509e-03 0.000000000000000000e+00
6.061898993497571997e-02 1.263774636007884965e+03 1.376390093949725509e-03 0.000000000000000000e+00
6.299862978380693646e-02 1.263774636007884965e+03 1.376390093949725509e-03 0.000000000000000000e+00
6.547168402004729937e-02 1.263774636007884965e+03 1.376390093949725509e-03 0.000000000000000000e+00
6.804181968927093538e-02 1.263774636007884965e+03 1.376390093949725509e-03 0.000000000000000000e+00
7.071284778942996119e-02 1.263774636007884965e+03 1.376390093949725509e-03 0.000000000000000000e+00
7.348872892180388638e-02 1.263774636007884965e+03 1.376390093949725509e-03 0.000000000000000000e+00
7.637357916378011147e-02 1.263774636007884965e+03 1.376390093949725509e-03 0.000000000000000000e+00
7.937167617217542881e-02 1.263774636007884965e+03 1.376390093949725509e-03 0.000000000000000000e+00
8.248746552614581729e-02 1.263774636007884965e+03 1.376390093949725509e-03 0.000000000000000000e+00
8.572556731909324046e-02 1.263774636007884965e+03 1.376390093949725509e-03 0.000000000000000000e+00
8.909078300934124284e-02 1.263774636007884965e+03 1.376390093949725509e-03 0.000000000000000000e+00
9.258810253973945303e-02 1.263774636007884965e+03 1.376390093949725509e-03 0.000000000000000000e+00
9.622271173675134293e-02 1.263774636007884965e+03 1.376390093949725509e-03 0.000000000000000000e+00
1.000000000000000056e-01 1.263774636007884965e+03 1.376390093949725509e-03 0.000000000000000000e+00
