4.13619e2 3.48067e-5
4.08753e2 3.0216e-5
4.03889e2 2.83083e-5
4.49335e2 7.82662e-5
4.86408e2 1.3585e-4
4.84767e2 9.36545e-5
4.8045e2  9.62022e-5
4.75882e2 1.03179e-4
4.71206e2 1.05641e-4
4.66509e2 9.08023e-5
4.61671e2 8.86772e-5
4.56252e2 9.76766e-5
4.49335e2 7.27035e-5
4.52057e2 8.29445e-5
4.47406e2 7.66488e-5
4.42616e2 7.01014e-5
4.37836e2 6.89384e-5
4.33009e2 5.7671e-5
4.28179e2 5.18195e-5
4.2334e2  4.55771e-5
4.185e2   3.96922e-5
4.13619e2 3.48067e-5
4.08753e2 3.0216e-5
4.03889e2 2.83083e-5
4.49335e2 7.82662e-5
