7.9 5.61162
10.5    2.87419
13.5    1.03496
14.5    0.98986
21.8    0.29374
30  0.10497
38.4    0.06547
45  0.03049
54  0.01757
63  0.01196
76.56642    0.00963
80.72   0.00688
88.69796    0.00561
98.16054    0.00612
104.42769   0.00521
109.40269   0.00414
113.14808   0.00448
122.47385   0.00381
127.695 0.00418
130.68577   0.00474
137.48731   0.0044
142.40577   0.00421
147.34692   0.00369
152.28462   0.00345
157.22115   0.00438
162.17923   0.00349
167.14538   0.00473
172.28462   0.00443
177.12885   0.00397
182.10692   0.00353
186.92615   0.0051
191.73577   0.00478
196.58538   0.00524
206.28962   0.00412
230.4175    0.00567
249.77269   0.00608
