# t_m M M/M0 (M-M1)/M0
1.000000000000000082e-05 -1.299826406695369515e+05 2.794981324005088585e-01 9.019060014046186291e-01
1.015521127634569068e-05 -1.293798727431774023e+05 2.782020169437015022e-01 9.006098859478113283e-01
1.031283160672184683e-05 -1.287695931559292367e+05 2.768897493670512411e-01 8.992976183711610672e-01
1.047289838236359523e-05 -1.281517207612791681e+05 2.755611551834203921e-01 8.979690241875302181e-01
1.063544957486011146e-05 -1.275261738871021662e+05 2.742160587754627343e-01 8.966239277795725604e-01
1.080052374516253993e-05 -1.268928703431222821e+05 2.728542834116661209e-01 8.952621524157760025e-01
1.096816005273138056e-05 -1.262517274288061890e+05 2.714756512633259566e-01 8.938835202674357827e-01
1.113839826482620568e-05 -1.256026619417006150e+05 2.700799834224729135e-01 8.924878524265826840e-01
1.131127876593921339e-05 -1.249455901862268220e+05 2.686670999207831922e-01 8.910749689248930183e-01
1.148684256737554795e-05 -1.242804279829426087e+05 2.672368197494948139e-01 8.896446887536045844e-01
1.166513131698196108e-05 -1.236070906782873208e+05 2.657889608803615800e-01 8.881968298844714615e-01
1.184618730902684818e-05 -1.229254931548191234e+05 2.643233402876663529e-01 8.867312092917761790e-01
1.203005349423324184e-05 -1.222355498419608339e+05 2.628397739713274617e-01 8.852476429754372322e-01
1.221677348996793032e-05 -1.215371747272642097e+05 2.613380769811197157e-01 8.837459459852295973e-01
1.240639159058831744e-05 -1.208302813682098640e+05 2.598180634420478308e-01 8.822259324461576568e-01
1.259895277795028468e-05 -1.201147829045517719e+05 2.582795465808902513e-01 8.806874155850000774e-01
1.279450273207873449e-05 -1.193905920712249936e+05 2.567223387539543378e-01 8.791302077580641638e-01
1.299308784200417238e-05 -1.186576212118264521e+05 2.551462514760636791e-01 8.775541204801735606e-01
1.319475521676705910e-05 -1.179157822926859371e+05 2.535510954508146675e-01 8.759589644549244936e-01
1.339955269659339733e-05 -1.171649869175390922e+05 2.519366806021274274e-01 8.743445496062371980e-01
1.360752886424333165e-05 -1.164051463428201387e+05 2.503028161071291224e-01 8.727106851112389485e-01
1.381873305653633617e-05 -1.156361714935849886e+05 2.486493104303933444e-01 8.710571794345032259e-01
1.403321537605484669e-05 -1.148579729800839559e+05 2.469759713595756634e-01 8.693838403636855450e-01
1.425102670302999301e-05 -1.140704611149955890e+05 2.452826060424712351e-01 8.676904750465810334e-01
1.447221870741134408e-05 -1.132735459313392639e+05 2.435690210255317401e-01 8.659768900296415106e-01
1.469684386112447426e-05 -1.124671372010805644e+05 2.418350222938719096e-01 8.642428912979817079e-01
1.492495545051829036e-05 -1.116511444544458063e+05 2.400804153128011931e-01 8.624882843169110469e-01
1.515660758900604291e-05 -1.108254769999611890e+05 2.383050050709132617e-01 8.607128740750230600e-01
1.539185522990205290e-05 -1.099900439452325227e+05 2.365085961247682111e-01 8.589164651288780927e-01
1.563075417945817392e-05 -1.091447542184811318e+05 2.346909926452004913e-01 8.570988616493103729e-01
1.587336111010208536e-05 -1.082895165908534545e+05 2.328519984652907548e-01 8.552598674694006364e-01
1.611973357388158737e-05 -1.074242396995180752e+05 2.309914171300306851e-01 8.533992861341405112e-01
1.636993001611702035e-05 -1.065488320715702721e+05 2.291090519477243515e-01 8.515169209518341775e-01
1.662400978926613715e-05 -1.056632021487563034e+05 2.272047060431521825e-01 8.496125750472620641e-01
1.688203316700362703e-05 -1.047672583130383864e+05 2.252781824125425214e-01 8.476860514166523197e-01
1.714406135851971963e-05 -1.038609089130126522e+05 2.233292839803776297e-01 8.457371529844874836e-01
1.741015652304015246e-05 -1.029440622912017279e+05 2.213578136580799938e-01 8.437656826621898754e-01
1.768038178457208620e-05 -1.020166268122334732e+05 2.193635744046044389e-01 8.417714434087142372e-01
1.795480124687830550e-05 -1.010785108919274644e+05 2.173463692889819054e-01 8.397542382930917038e-01
1.823348000868442158e-05 -1.001296230273027904e+05 2.153060015548444728e-01 8.377138705589542989e-01
1.851648417912153989e-05 -9.916987182752648368e+04 2.132422746869728769e-01 8.356501436910827030e-01
1.880388089340916658e-05 -9.819916604581690626e+04 2.111549924798974409e-01 8.335628614840072670e-01
1.909573832878096617e-05 -9.721741461232223082e+04 2.090439591085959392e-01 8.314518281127057930e-01
1.939212572065831012e-05 -9.622452666798728751e+04 2.069089792013164009e-01 8.293168482054262824e-01
1.969311337907421862e-05 -9.522041159942949889e+04 2.047498579145699549e-01 8.271577269186798365e-01
1.999877270535286910e-05 -9.420497907483618474e+04 2.025664010103198354e-01 8.249742700144296892e-01
2.030917620904734816e-05 -9.317813908090488985e+04 2.003584149354130650e-01 8.227662839395228911e-01
2.062439752514092561e-05 -9.213980196083826013e+04 1.981257069032799634e-01 8.205335759073898450e-01
2.094451143151468647e-05 -9.108987845341465436e+04 1.958680849779464994e-01 8.182759539820563255e-01
2.126959386668691833e-05 -9.002827973314619157e+04 1.935853581603850238e-01 8.159932271644948498e-01
2.159972194782717103e-05 -8.895491745154472301e+04 1.912773364772475393e-01 8.136852054813573654e-01
2.193497398905059966e-05 -8.786970377950731199e+04 1.889438310720058523e-01 8.113517000761156783e-01
2.227542951999556551e-05 -8.677255145084107062e+04 1.865846542985418743e-01 8.089925233026517004e-01
2.262116930469026491e-05 -8.566337380693876185e+04 1.841996198172125010e-01 8.066074888213223826e-01
2.297227536071151343e-05 -8.454208484262390994e+04 1.817885426934289228e-01 8.041964116975387489e-01
2.332883097864158392e-05 -8.340859925317636225e+04 1.793512394987745173e-01 8.017591085028843434e-01
2.369092074182632066e-05 -8.226283248255727813e+04 1.768875284147016502e-01 7.992953974188115041e-01
2.405863054644066888e-05 -8.110470077284245053e+04 1.743972293388269534e-01 7.968050983429367795e-01
2.443204762186486879e-05 -7.993412121488276171e+04 1.718801639938649095e-01 7.942880329979747911e-01
2.481126055137770437e-05 -7.875101180019974709e+04 1.693361560392176168e-01 7.917440250433274151e-01
2.519635929317013366e-05 -7.755529147413419560e+04 1.667650311852587608e-01 7.891729001893685869e-01
2.558743520168589098e-05 -7.634688019025477115e+04 1.641666173103269455e-01 7.865744863144368271e-01
2.598458104929247240e-05 -7.512569896604306996e+04 1.615407445804638020e-01 7.839486135845736836e-01
2.638789104828934555e-05 -7.389166993986134185e+04 1.588872455719100851e-01 7.812951145760199667e-01
2.679746087325689358e-05 -7.264471642921795137e+04 1.562059553963923153e-01 7.786138244005021969e-01
2.721338768375308650e-05 -7.138476299033541000e+04 1.534967118292103472e-01 7.759045808333201455e-01
2.763577014736157294e-05 -7.011173547903448343e+04 1.507593554401547298e-01 7.731672244442645558e-01
2.806470846309838869e-05 -6.882556111293798313e+04 1.479937297272619079e-01 7.704015987313717062e-01
2.850030438518105311e-05 -6.752616853500565048e+04 1.451996812534314674e-01 7.676075502575413489e-01
2.894266124716751731e-05 -6.621348787840240402e+04 1.423770597859106424e-01 7.647849287900204684e-01
2.939188398646884365e-05 -6.488745083270949544e+04 1.395257184386662908e-01 7.619335874427761723e-01
2.984807916924327366e-05 -6.354799071147857467e+04 1.366455138176446149e-01 7.590533828217543855e-01
3.031135501567576034e-05 -6.219504252113669645e+04 1.337363061689356702e-01 7.561441751730454408e-01
3.078182142565080156e-05 -6.082854303123941645e+04 1.307979595298367215e-01 7.532058285339465753e-01
3.125959000482277588e-05 -5.944843084607849596e+04 1.278303418828283800e-01 7.502382108869382060e-01
3.174477409109193257e-05 -5.805464647763816174e+04 1.248333253124503522e-01 7.472411943165602199e-01
3.223748878149026770e-05 -5.664713241990463575e+04 1.218067861650872635e-01 7.442146551691970480e-01
3.273785095948577347e-05 -5.522583322451985441e+04 1.187506052116448219e-01 7.411584742157546479e-01
3.324597932270938416e-05 -5.379069557778153103e+04 1.156646678131208750e-01 7.380725368172307288e-01
3.376199441111340057e-05 -5.234166837897710502e+04 1.125488640890448672e-01 7.349567330931546794e-01
3.428601863556583155e-05 -5.087870282005105400e+04 1.094030890887841695e-01 7.318109580928939817e-01
3.481817630688966499e-05 -4.940175246659026016e+04 1.062272429656848372e-01 7.286351119697946910e-01
3.535859366535175748e-05 -4.791077334012318170e+04 1.030212311540371628e-01 7.254291001581469889e-01
3.590739891061055147e-05 -4.640572400171338813e+04 9.978496454882467004e-02 7.221928335529345100e-01
3.646472223212745157e-05 -4.488656563684111461e+04 9.651835968824251655e-02 7.189262286923523426e-01
3.703069584005140764e-05 -4.335326214154844638e+04 9.322133893893326528e-02 7.156292079430430775e-01
3.760545399658167846e-05 -4.180578020983788883e+04 8.989383068391748610e-02 7.123016996880273677e-01
3.818913304781854058e-05 -4.024408942229708191e+04 8.653576951316123422e-02 7.089436385172710464e-01
3.878187145610719399e-05 -3.866816233593336074e+04 8.314709641674471186e-02 7.055549654208544963e-01
3.938380983288488669e-05 -3.707797457518771989e+04 7.972775898056723431e-02 7.021356279846771020e-01
3.999509097203669263e-05 -3.547350492410693550e+04 7.627771158454234313e-02 6.986855805886521553e-01
4.061585988376979588e-05 -3.385473541963991011e+04 7.279691560321045751e-02 6.952047846073202697e-01
4.124626382901347725e-05 -3.222165144602803048e+04 6.928533960870385255e-02 6.916932086128136925e-01
4.188645235435271141e-05 -3.057424183025636012e+04 6.574295957599281259e-02 6.881508285801026803e-01
4.253657732750391928e-05 -2.891249893852713285e+04 6.216975909032988745e-02 6.845776280944396719e-01
4.319679297334173899e-05 -2.723641877371480223e+04 5.856572955680484915e-02 6.809735985609146613e-01
4.386725591048494039e-05 -2.554600107376201777e+04 5.493087041192293296e-02 6.773387394160327313e-01
4.454812518844988536e-05 -2.384124941096926341e+04 5.126518933710456916e-02 6.736730583412143814e-01
4.523956232538058048e-05 -2.212217129213170847e+04 4.756870247400699081e-02 6.699765714781168446e-01
4.594173134636476128e-05 -2.038877825946774101e+04 4.384143464154805631e-02 6.662493036456579310e-01
4.665479882234468170e-05 -1.864108599228697130e+04 4.008341955452023736e-02 6.624912885586300426e-01
4.737893390963143824e-05 -1.687911440933943959e+04 3.629470004366928265e-02 6.587025690477791295e-01
4.811430839003264084e-05 -1.510288777178409509e+04 3.247532827710458009e-02 6.548831972812144686e-01
4.886109671160326288e-05 -1.331243478670954937e+04 2.862536598289698586e-02 6.510332349870068258e-01
4.961947603002898075e-05 -1.150778871114033973e+04 2.474488467272067255e-02 6.471527536768305611e-01
5.038962625065150348e-05 -9.688987456456816290e+03 2.083396586638436299e-02 6.432418348704942446e-01
5.117173007114609744e-05 -7.856073693151527550e+03 1.689270131708613121e-02 6.393005703211959156e-01
5.196597302486197180e-05 -6.009094955841661431e+03 1.292119323721880285e-02 6.353290622413286792e-01
5.277254352483532347e-05 -4.148103748455119785e+03 8.919554524548699292e-03 6.313274235286585601e-01
5.359163290848514475e-05 -2.273157649501401465e+03 4.887908988576755015e-03 6.272957779926865429e-01
5.442343548300271707e-05 -3.843194173378287815e+02 8.263915768896152843e-04 6.232342605809993996e-01
5.526814857144603271e-05 1.518342904668941628e+03 -3.264851398714431301e-03 6.191430176053953627e-01
5.612597255954966110e-05 3.434755883182806429e+03 -7.385662036532579348e-03 6.150222069675772563e-01
5.699711094326075290e-05 5.364840590244741179e+03 -1.153587061992399077e-02 6.108719983841858214e-01
5.788177037701280284e-05 7.308512499034754001e+03 -1.571529539316956700e-02 6.066925736109403111e-01
5.878016072274911818e-05 9.265681380162888672e+03 -1.992374233846931283e-02 6.024841266656405514e-01
5.969249509970739695e-05 1.123625119860784616e+04 -2.416100495433225886e-02 5.982468640497775603e-01
6.061898993497572295e-05 1.322012001142057125e+04 -2.842686403561127395e-02 5.939810049684985938e-01
6.155986501483513579e-05 1.521717986632679822e+04 -3.272108745547087916e-02 5.896867815486389608e-01
6.251534353689711088e-05 1.722731670135218883e+04 -3.704342994955392432e-02 5.853644390545559295e-01
6.348565216305223269e-05 1.925041024561307859e+04 -4.139363290265461043e-02 5.810142361014551948e-01
6.447102107323869429e-05 2.128633392140647629e+04 -4.577142413818530153e-02 5.766364448659245800e-01
6.547168402004742828e-05 2.333495474775123876e+04 -5.017651771076372252e-02 5.722313512933461244e-01
6.648787838417262398e-05 2.539613324552366976e+04 -5.460861370222865052e-02 5.677992553018811339e-01
6.751984523072507988e-05 2.746972334434976801e+04 -5.906739802143282092e-02 5.633404709826770329e-01
6.856782936641737654e-05 2.955557229140386335e+04 -6.355254220813512378e-02 5.588553267959747162e-01
6.963207939763889495e-05 3.165352056228942820e+04 -6.806370324137003824e-02 5.543441657627398156e-01
7.071284778942996368e-05 3.376340177415820654e+04 -7.260052335263010581e-02 5.498073456514797064e-01
7.181039092537356639e-05 3.588504260125299334e+04 -7.716262984425979743e-02 5.452452391598500148e-01
7.292496916841444870e-05 3.801826269304138259e+04 -8.174963491342078503e-02 5.406582340906890272e-01
7.405684692262442192e-05 4.016287459513256908e+04 -8.636113548204148171e-02 5.360467335220683305e-01
7.520629269592406859e-05 4.231868367315502837e+04 -9.099671303313330850e-02 5.314111559709765453e-01
7.637357916378027063e-05 4.448548803979626973e+04 -9.565593345390621671e-02 5.267519355502036094e-01
7.755898323389002265e-05 4.666307848518999526e+04 -1.003383468860821609e-01 5.220695221180277068e-01
7.876278611187062886e-05 4.885123841086094035e+04 -1.050434875838584109e-01 5.173643814202514291e-01
7.998527336796708482e-05 5.104974376742230379e+04 -1.097708737799401035e-01 5.126369952241697225e-01
8.122673500479720343e-05 5.325836299624195090e+04 -1.145200075601066209e-01 5.078878614440032191e-01
8.248746552614581479e-05 5.547685697528114542e+04 -1.192903747467500969e-01 5.031174942573597431e-01
8.376776400682923638e-05 5.770497896933034644e+04 -1.240814447918688196e-01 4.983264242122409926e-01
8.506793416364153294e-05 5.994247458485144307e+04 -1.288926706799657096e-01 4.935151983241441442e-01
8.638828442740453491e-05 6.218908172965823906e+04 -1.337234888413504075e-01 4.886843801627594464e-01
8.772912801613356863e-05 6.444453057765137055e+04 -1.385733190763096256e-01 4.838345499278002282e-01
8.909078300934142260e-05 6.670854353884476586e+04 -1.434415644906559539e-01 4.789663045134538999e-01
9.047357242349293694e-05 6.898083523490556399e+04 -1.483276114431319737e-01 4.740802575609778802e-01
9.187782428863340426e-05 7.126111248044902459e+04 -1.532308295051892366e-01 4.691770394989205895e-01
9.330387172620360271e-05 7.354907427031491534e+04 -1.581505714336290114e-01 4.642572975704807869e-01
9.475205302806547630e-05 7.584441177307089674e+04 -1.630861731566327910e-01 4.593216958474770628e-01
9.622271173675135095e-05 7.814680833097157301e+04 -1.680369537736741692e-01 4.543709152304356569e-01
9.771619672696181254e-05 8.045593946662158123e+04 -1.730022155698464625e-01 4.494056534342633635e-01
9.923286228832544731e-05 8.277147289657278452e+04 -1.779812440451002398e-01 4.444266249590095863e-01
1.007730682094461807e-04 8.509306855210475624e+04 -1.829733079589271338e-01 4.394345610451826922e-01
1.023371798632519164e-04 8.742037860741835902e+04 -1.879776593909835702e-01 4.344302096131262281e-01
1.039255682936713091e-04 8.975304751549090724e+04 -1.929935338181894000e-01 4.294143351859204261e-01
1.055386103036522926e-04 9.209071205182027188e+04 -1.980201502087893528e-01 4.243877187953205010e-01
1.071766885445503333e-04 9.443300136630397174e+04 -2.030567111339074970e-01 4.193511578702023290e-01
1.088401916069005473e-04 9.677953704347673920e+04 -2.081024028970742679e-01 4.143054661070355582e-01
1.105295141126022064e-04 9.912993317134681274e+04 -2.131563956822434269e-01 4.092514733218663991e-01
1.122450568085305836e-04 1.014837964190492348e+05 -2.182178437207676347e-01 4.041900252833421914e-01
1.139872266616052477e-04 1.038407261235487240e+05 -2.232858854778334012e-01 3.991219835262764248e-01
1.157564369553303518e-04 1.062003143856008246e+05 -2.283596438588037791e-01 3.940482251453060747e-01
1.175531073878369897e-04 1.085621461751958122e+05 -2.334382264359514125e-01 3.889696425681584135e-01
1.193776641714435703e-04 1.109257994466814562e+05 -2.385207256960039102e-01 3.838871433081059159e-01
1.212305401337652864e-04 1.132908452637769515e+05 -2.436062193089578998e-01 3.788016496951518985e-01
1.231121748203889692e-04 1.156568479346602398e+05 -2.486937704185537001e-01 3.737140985855560982e-01
1.250230145991456081e-04 1.180233651573247625e+05 -2.537824279548318573e-01 3.686254410492779687e-01
1.269635127659972894e-04 1.203899481753725850e+05 -2.588712269691308965e-01 3.635366420349789296e-01
1.289341296525715658e-04 1.227561419444191852e+05 -2.639591889919030709e-01 3.584486800122067551e-01
1.309353327353609577e-04 1.251214853092575795e+05 -2.690453224136654664e-01 3.533625465904443597e-01
1.329675967466212771e-04 1.274855111919358023e+05 -2.741286228894180277e-01 3.482792461146917984e-01
1.350314037869872197e-04 1.298477467908709368e+05 -2.792080737667927970e-01 3.431997952373170291e-01
1.371272434398400808e-04 1.322077137911290338e+05 -2.842826465382132795e-01 3.381252224658965466e-01
1.392556128874461918e-04 1.345649285859665251e+05 -2.893513013172689941e-01 3.330565676868408320e-01
1.414170170289023951e-04 1.369189025097339181e+05 -2.944129873395216479e-01 3.279948816645881782e-01
1.436119685999077229e-04 1.392691420822072832e+05 -2.994666434878847094e-01 3.229412255162251166e-01
1.458409882943986291e-04 1.416151492644149403e+05 -3.045111988427205985e-01 3.178966701613892276e-01
1.481046048880673999e-04 1.439564217259908619e+05 -3.095455732567232165e-01 3.128622957473866095e-01
1.504033553638025288e-04 1.462924531240869255e+05 -3.145686779546555401e-01 3.078391910494542860e-01
1.527377850390712502e-04 1.486227333938357187e+05 -3.195794161579237902e-01 3.028284528461860359e-01
1.551084476952840495e-04 1.509467490503575536e+05 -3.245766837339750244e-01 2.978311852701348017e-01
1.575159057091621274e-04 1.532639835022618063e+05 -3.295593698704103458e-01 2.928484991336994803e-01
1.599607301861487752e-04 1.555739173765907180e+05 -3.345263577737028204e-01 2.878815112304070056e-01
1.624435010958866980e-04 1.578760288551125559e+05 -3.394765253923194837e-01 2.829313436117903424e-01
1.649648074098020775e-04 1.601697940218632575e+05 -3.444087461640307213e-01 2.779991228400791048e-01
1.675252472408215586e-04 1.624546872217964847e+05 -3.493218897871054884e-01 2.730859792170043376e-01
1.701254279852589153e-04 1.647301814303868159e+05 -3.542148230150594101e-01 2.681930459890504159e-01
1.727659664669036485e-04 1.669957486339971656e+05 -3.590864104745480900e-01 2.633214585295617360e-01
1.754474890833459687e-04 1.692508602207989316e+05 -3.639355155059521563e-01 2.584723534981576698e-01
1.781706319545730730e-04 1.714949873820007197e+05 -3.687610010261286875e-01 2.536468679779811386e-01
1.809360410738716568e-04 1.737276015231161728e+05 -3.735617304127488159e-01 2.488461385913610102e-01
1.837443724610726800e-04 1.759481746849691845e+05 -3.783365684095742476e-01 2.440713005945355785e-01
1.865962923181746036e-04 1.781561799741060240e+05 -3.830843820519603260e-01 2.393234869521495278e-01
1.894924771873821728e-04 1.803510920022511855e+05 -3.878040416118061495e-01 2.346038273923037043e-01
1.924336141115979919e-04 1.825323873344146996e+05 -3.924944215611075871e-01 2.299134474430022668e-01
1.954204007974053514e-04 1.846995449452235771e+05 -3.971544015531942029e-01 2.252534674509156232e-01
1.984535457805803086e-04 1.868520466830208898e+05 -4.017828674206690431e-01 2.206250015834407829e-01
2.015337685941733013e-04 1.889893777412402560e+05 -4.063787121889921861e-01 2.160291568151176400e-01
2.046617999391989716e-04 1.911110271365329681e+05 -4.109408371045845665e-01 2.114670318995252873e-01
2.078383818579757254e-04 1.932164881930897827e+05 -4.154681526762518673e-01 2.069397163278579865e-01
2.110642679101554697e-04 1.953052590325679630e+05 -4.199595797286614363e-01 2.024482892754483898e-01
2.143402233514856738e-04 1.973768430689994711e+05 -4.244140504665298574e-01 1.979938185375799964e-01
2.176670253153459040e-04 1.994307495080238441e+05 -4.288305095481095841e-01 1.935773594560002697e-01
2.210454629971021735e-04 2.014664938497566327e+05 -4.332079151664935401e-01 1.891999538376162859e-01
2.244763378413223921e-04 2.034835983945700282e+05 -4.375452401371813793e-01 1.848626288669284745e-01
2.279604637318979670e-04 2.054815927510336041e+05 -4.418414729902903626e-01 1.805663960138194635e-01
2.314986671851160856e-04 2.074600143452276243e+05 -4.460956190657182630e-01 1.763122499383915631e-01
2.350917875457286799e-04 2.094184089306131937e+05 -4.503067016095030350e-01 1.721011673946067910e-01
2.387406771860646915e-04 2.113563310976132052e+05 -4.544737628695609266e-01 1.679341061345489272e-01
2.424462017082328286e-04 2.132733447820277652e+05 -4.585958651889182058e-01 1.638120038151915925e-01
2.462092401494625450e-04 2.151690237713816459e+05 -4.626720920944966120e-01 1.597357769096132141e-01
2.500306851906324121e-04 2.170429522082736075e+05 -4.667015493794512415e-01 1.557063196246585568e-01
2.539114433680347252e-04 2.188947250897724298e+05 -4.706833661770086774e-01 1.517245028271011764e-01
2.578524352884273567e-04 2.207239487618813291e+05 -4.746166960236999355e-01 1.477911729804098906e-01
2.618545958474232716e-04 2.225302414080700255e+05 -4.785007179098381136e-01 1.439071510942717402e-01
2.659188744512693946e-04 2.243132335308541951e+05 -4.823346373150451671e-01 1.400732316890646589e-01
2.700462352420681983e-04 2.260725684253835934e+05 -4.861176872265958182e-01 1.362901817775140079e-01
2.742376573264949761e-04 2.278079026439851441e+05 -4.898491291383118007e-01 1.325587398657980254e-01
2.784941350080644140e-04 2.295189064505920396e+05 -4.935282540277084462e-01 1.288796149764014076e-01
2.828166780230032180e-04 2.312052642639825644e+05 -4.971543833090788511e-01 1.252534856950310027e-01
2.872063117797827919e-04 2.328666750887394301e+05 -5.007268697601743312e-01 1.216809992439355087e-01
2.916640776023704030e-04 2.345028529328388395e+05 -5.042450984201345410e-01 1.181627705839752851e-01
2.961910329772553230e-04 2.361135272107743658e+05 -5.077084874563139172e-01 1.146993815477959089e-01
3.007882518043099003e-04 2.376984431311213411e+05 -5.111164889976507197e-01 1.112913800064590786e-01
3.054568246515431892e-04 2.392573620674514677e+05 -5.144685899322347655e-01 1.079392790718750328e-01
3.101978590138096945e-04 2.407900619115154550e+05 -5.177643126667463847e-01 1.046435563373634969e-01
3.150124795755327540e-04 2.422963374076210312e+05 -5.210032158454599438e-01 1.014046531586498406e-01
3.199018284775064186e-04 2.437760004671486968e+05 -5.241848950265395324e-01 9.822297397757032145e-02
3.248670655878374666e-04 2.452288804621663294e+05 -5.273089833133891569e-01 9.509888569072066922e-02
3.299093687770939063e-04 2.466548244971243257e+05 -5.303751519388725244e-01 9.203271706523734330e-02
3.350299341977229571e-04 2.480536976576406159e+05 -5.333831108002677901e-01 8.902475820384200822e-02
3.402299765678067620e-04 2.494253832354134356e+05 -5.363326089428922527e-01 8.607526006121758722e-02
3.455107294592218038e-04 2.507697829283342580e+05 -5.392234349903988200e-01 8.318443401371099222e-02
3.508734455902714675e-04 2.520868170149119396e+05 -5.420554175198363245e-01 8.035245148427357098e-02
3.563193971228584300e-04 2.533764245021597599e+05 -5.448284253796462639e-01 7.757944362446361763e-02
3.618498759642750444e-04 2.546385632461467758e+05 -5.475423679488816697e-01 7.486550105522814247e-02
3.674661940736688058e-04 2.558732100444590615e+05 -5.501971953360239587e-01 7.221067366808592292e-02
3.731696837732755402e-04 2.570803606998809846e+05 -5.527928985159143993e-01 6.961497048819545452e-02
3.789616980644716030e-04 2.582600300546533254e+05 -5.553295094034192969e-01 6.707835960069057080e-02
3.848436109487433118e-04 2.594122519947398687e+05 -5.578071008626036553e-01 6.460076814150617075e-02
3.908168177536264177e-04 2.605370794235898647e+05 -5.602257866503137507e-01 6.218208235379604765e-02
3.968827354637166063e-04 2.616345842049644561e+05 -5.625857212932381390e-01 5.982214771087170785e-02
4.030428030568050765e-04 2.627048570744587341e+05 -5.648870998976558422e-01 5.752076910645401858e-02
4.092984818452442570e-04 2.637480075194402016e+05 -5.671301578912715247e-01 5.527771111283833610e-02
4.156512558225987906e-04 2.647641636271937750e+05 -5.693151706966856906e-01 5.309269830742411461e-02
4.221026320156903168e-04 2.657534719011588022e+05 -5.714424533362543190e-01 5.096541566785546540e-02
4.286541408420925384e-04 2.667160970452205511e+05 -5.735123599682565576e-01 4.889550903585328928e-02
4.353073364731892205e-04 2.676522217161172885e+05 -5.755252833545022595e-01 4.688258564960761515e-02
4.420637972028530196e-04 2.685620462441083509e+05 -5.774816542596924451e-01 4.492621474441740176e-02
4.489251258218607721e-04 2.694457883221502416e+05 -5.793819407830631540e-01 4.302592822104673448e-02
4.558929499981059568e-04 2.703036826639161445e+05 -5.812266476230336654e-01 4.118122138107614683e-02
4.629689226627267825e-04 2.711359806310994318e+05 -5.830163152758081058e-01 3.939155372830174806e-02
4.701547224022129445e-04 2.719429498305328889e+05 -5.847515191690710878e-01 3.765634983503875211e-02
4.774520538566131341e-04 2.727248736817605677e+05 -5.864328687321498368e-01 3.597500027195998928e-02
4.848626481239078079e-04 2.734820509557930054e+05 -5.880610064042118834e-01 3.434686259989797041e-02
4.923882631706741255e-04 2.742147952858818462e+05 -5.896366065822969960e-01 3.277126242181287175e-02
5.000306842491090281e-04 2.749234346512405900e+05 -5.911603745111759789e-01 3.124749449293381942e-02
5.077917243205403450e-04 2.756083108347441303e+05 -5.926330451172571179e-01 2.977482388685272902e-02
5.156732244854962937e-04 2.762697788557279273e+05 -5.940553817889490107e-01 2.835248721516083967e-02
5.236770544204655915e-04 2.769082063791071996e+05 -5.954281751061062389e-01 2.697969389800361842e-02
5.318051128214197360e-04 2.775239731021226617e+05 -5.967522415213651898e-01 2.565562748274469174e-02
5.400593278542374252e-04 2.781174701201135758e+05 -5.980284219963830639e-01 2.437944700772678303e-02
5.484416576121014814e-04 2.786890992727961857e+05 -5.992575805961584123e-01 2.315028840795139986e-02
5.569540905800135630e-04 2.792392724726133747e+05 -6.004406030447995146e-01 2.196726595931026635e-02
5.655986461065001716e-04 2.797684110167918261e+05 -6.015783952462597783e-01 2.082947375785007549e-02
5.743773748826587087e-04 2.802769448848185129e+05 -6.026718817737202194e-01 1.973598723038966912e-02
5.832923594286200169e-04 2.807653120231092325e+05 -6.037220043314320828e-01 1.868586467267779883e-02
5.923457145875806037e-04 2.812339576187075581e+05 -6.047297201929713317e-01 1.767814881113849435e-02
6.015395880274832614e-04 2.816833333638990298e+05 -6.056960006199586521e-01 1.671186838415114617e-02
6.108761607505039425e-04 2.821138967136790161e+05 -6.066218292654127486e-01 1.578603973869713295e-02
6.203576476104268565e-04 2.825261101380452164e+05 -6.075082005659749873e-01 1.489966843813489601e-02
6.299862978380693342e-04 2.829204403711234336e+05 -6.083561181273254848e-01 1.405175087678434132e-02
6.397643955748423279e-04 2.832973576591550373e+05 -6.091665931071509332e-01 1.324127589695892060e-02
6.496942604146124312e-04 2.836573350093929330e+05 -6.099406426000656412e-01 1.246722640404416757e-02
6.597782479539533469e-04 2.840008474419577979e+05 -6.106792880288989256e-01 1.172858097521086232e-02
6.700187503509590818e-04 2.843283712467081496e+05 -6.113835535467627702e-01 1.102431545734708883e-02
6.804181968927094015e-04 2.846403832471639616e+05 -6.120544644542865731e-01 1.035340454982323390e-02
6.909790545715644838e-04 2.849373600735082873e+05 -6.126930456363730571e-01 9.714823367736798512e-03
7.017038286703822323e-04 2.852197774466597475e+05 -6.133003200227580276e-01 9.107548981351831427e-03
7.125950633568410445e-04 2.854881094753751531e+05 -6.138773070765898288e-01 8.530561927520016394e-03
7.236553422869649622e-04 2.857428279682917637e+05 -6.144250213151323248e-01 7.982847688977470074e-03
7.348872892180387728e-04 2.859844017627683352e+05 -6.149444708665903203e-01 7.463398137519556934e-03
7.462935686310129138e-04 2.862132960723153083e+05 -6.154366560669058961e-01 6.971212937203986361e-03
7.578768863625930151e-04 2.864299718543373747e+05 -6.159025681002331387e-01 6.505300903876750675e-03
7.696399902471158820e-04 2.866348851998274913e+05 -6.163431876866133363e-01 6.064681317496471540e-03
7.815856707684091381e-04 2.868284867465656716e+05 -6.167594838201927443e-01 5.648385183917052285e-03
7.937167617217550904e-04 2.870112211172785610e+05 -6.171524125611119738e-01 5.255456442997845368e-03
8.060361408861344565e-04 2.871835263841141714e+05 -6.175229158839807830e-01 4.884953120129047373e-03
8.185467307069029365e-04 2.873458335606761393e+05 -6.178719205856132435e-01 4.535948418496597336e-03
8.312514989890631501e-04 2.874985661227457458e+05 -6.182003372544492281e-01 4.207531749660569330e-03
8.441534596012984729e-04 2.876421395587017178e+05 -6.185090593038345963e-01 3.898809700275225002e-03
8.572556731909324870e-04 2.877769609505189583e+05 -6.187989620710537819e-01 3.608906933056038081e-03
8.705612479099865408e-04 2.879034285860995296e+05 -6.190709019837360438e-01 3.336967020373821265e-03
8.840733401525062906e-04 2.880219316035569645e+05 -6.193257157949693115e-01 3.082153209140485114e-03
8.977951553033323203e-04 2.881328496679370874e+05 -6.195642198881623486e-01 2.843649115947452771e-03
9.117299484984922164e-04 2.882365526807229035e+05 -6.197872096524004171e-01 2.620659351709383415e-03
9.258810253973954844e-04 2.883334005223324639e+05 -6.199954589287458573e-01 2.412410075364005216e-03
9.402517429670132366e-04 2.884237428276790306e+05 -6.201897195276309116e-01 2.218149476478975188e-03
9.548455102782293490e-04 2.885079187947263708e+05 -6.203707208171995724e-01 2.037148186910219417e-03
9.696657893145520669e-04 2.885862570258342894e+05 -6.205391693821574739e-01 1.868699621952313143e-03
9.847160957933774172e-04 2.886590754015560960e+05 -6.206957487524015216e-01 1.712120251708349611e-03
1.000000000000000021e-03 2.887266809864183306e+05 -6.208411192004206214e-01 1.566749803689231144e-03
