# t_m Re(M) Re(M_err) Im(M) Im(Merr) Re(M)/M0 Re(Merr)/M0 Im(M)/M0 Im(Merr)/M0
1.000000000000000082e-05 -3.054032689101364813e+05 2.231988872277610881e+03 9.356020648913217883e+03 2.231988872277610881e+03 -6.945347429180798171e-01 5.075891371874879758e-03 2.127705253227403850e-02 5.075891371874879758e-03
1.599999999999999928e-05 -2.953587977341897786e+05 2.415049993075237580e+03 7.061402910470562347e+03 2.415049993075237580e+03 -6.716920463391282681e-01 5.492200957968033925e-03 1.605873333499828123e-02 5.492200957968033925e-03
2.599999999999999840e-05 -2.781926178271655226e+05 2.338208577524481370e+03 7.400027067428585724e+03 2.338208577524481370e+03 -6.326534715682775589e-01 5.317451575011332768e-03 1.682881756703017567e-02 5.317451575011332768e-03
4.300000000000000165e-05 -2.537128037466272945e+05 2.345447761740796977e+03 7.069915719115757383e+03 2.345447761740796977e+03 -5.769825501672632972e-01 5.333914610808421566e-03 1.607809279170940506e-02 5.333914610808421566e-03
6.999999999999999387e-05 -2.154756090971688682e+05 2.337839232633503343e+03 3.010696953217011469e+03 2.337839232633503343e+03 -4.900251962052646904e-01 5.316611627031015384e-03 6.846795195967926920e-03 5.316611627031015384e-03
1.129999999999999955e-04 -1.619547545425563003e+05 2.474932494168857829e+03 3.081335144113101705e+03 2.474932494168857829e+03 -3.683104120397373005e-01 5.628383120165475484e-03 7.007437477006018926e-03 5.628383120165475484e-03
1.830000000000000029e-04 -8.519324772176292026e+04 2.583868621336560409e+03 2.767669571740911124e+03 2.583868621336560409e+03 -1.937427540181349828e-01 5.876120891103265263e-03 6.294112965296638773e-03 5.876120891103265263e-03
2.979999999999999793e-04 1.215818412531660397e+04 2.388196033412667475e+03 9.428682966880049889e+02 2.388196033412667475e+03 2.764961002533387543e-02 5.431130858629760333e-03 2.144229799447560769e-03 5.431130858629760333e-03
4.829999999999999767e-04 1.226845345074376673e+05 2.328967257981671992e+03 -2.152971744819151354e+02 2.328967257981671992e+03 2.790037969738293211e-01 5.296435370712689224e-03 -4.896194080155207322e-04 5.296435370712689224e-03
7.849999999999999990e-04 2.360054019783905824e+05 2.348897326841766699e+03 -1.832984131920275104e+02 2.348897326841766699e+03 5.367131523355452849e-01 5.341759460731380742e-03 -4.168492260673095184e-04 5.341759460731380742e-03
1.299999999999999920e-05 -3.006538326817773632e+05 2.391879298112058223e+03 5.526885998270940036e+03 2.391879298112058223e+03 -6.837337829884734264e-01 5.439507177947558274e-03 1.256900215785227044e-02 5.439507177947558274e-03
2.099999999999999884e-05 -2.868003320199948503e+05 2.365474029671629523e+03 4.722565406720073952e+03 2.365474029671629523e+03 -6.522287583206538564e-01 5.379457472541974115e-03 1.073985148349955801e-02 5.379457472541974115e-03
3.399999999999999973e-05 -2.666623990621658158e+05 2.337645661218847636e+03 4.719802078505243117e+03 2.337645661218847636e+03 -6.064319528716500818e-01 5.316171415394793827e-03 1.073356724345807256e-02 5.316171415394793827e-03
5.500000000000000196e-05 -2.359122625085674517e+05 2.315851531204314142e+03 3.113156322572795034e+03 2.315851531204314142e+03 -5.365013386311275889e-01 5.266608159111440049e-03 7.079803807856775363e-03 5.266608159111440049e-03
8.899999999999999491e-05 -1.893450121308246744e+05 2.330422645992992329e+03 3.475634951756364899e+03 2.330422645992992329e+03 -4.306001366403129915e-01 5.299745150407896011e-03 7.904136836221924145e-03 5.299745150407896011e-03
1.440000000000000036e-04 -1.253885720160912460e+05 2.439341987062618500e+03 9.310265868960177613e+02 2.439341987062618500e+03 -2.851532006872066205e-01 5.547444747136373068e-03 2.117299901495131153e-03 5.547444747136373068e-03
2.339999999999999958e-04 -3.885182530368809239e+04 2.525924393920809507e+03 2.204466704602875325e+03 2.525924393920809507e+03 -8.835512008594466338e-02 5.744346666042082598e-03 5.013301663130978469e-03 5.744346666042082598e-03
3.789999999999999966e-04 6.493900438753927301e+04 2.305660407328165093e+03 -1.061602334034696469e+02 2.305660407328165093e+03 1.476814406034626381e-01 5.243431951382470854e-03 -2.414249548740011694e-04 5.243431951382470854e-03
6.160000000000000111e-04 1.800002941378146643e+05 2.493207462920810030e+03 3.298372871616382326e+03 2.493207462920810030e+03 4.093487881132384931e-01 5.669943253982208733e-03 7.501015174497430160e-03 5.669943253982208733e-03
1.000000000000000021e-03 2.853807280724778539e+05 2.406270799810154585e+03 1.321120661582477624e+03 2.406270799810154585e+03 6.490003571766427282e-01 5.472235701017275251e-03 3.004434766957058030e-03 5.472235701017275251e-03
2.000000000000000042e-03 3.891651206385386758e+05 2.424622652404867040e+03 3.926755527367677132e+03 2.424622652404867040e+03 8.850222788378280248e-01 5.513970680703067680e-03 8.930055498210612633e-03 5.513970680703067680e-03
4.000000000000000083e-03 4.325416993645853363e+05 2.460451161388085438e+03 4.311941447510893340e+03 2.460451161388085438e+03 9.836673950530878674e-01 5.595450307180542364e-03 9.806028453500264738e-03 5.595450307180542364e-03
8.000000000000000167e-03 4.406368008512672386e+05 2.288894204813294436e+03 3.689791545702355506e+03 2.288894204813294436e+03 1.002076920432473095e+00 5.205302987684952247e-03 8.391162385919808883e-03 5.205302987684952247e-03
1.600000000000000033e-02 4.420310654017808265e+05 2.356604936745317445e+03 5.494135197333322139e+03 2.356604936745317445e+03 1.005247695829234456e+00 5.359287769717655837e-03 1.249452172026316657e-02 5.359287769717655837e-03
3.200000000000000067e-02 4.415470777991568320e+05 2.311452424226331914e+03 6.144429261973491521e+03 2.311452424226331914e+03 1.004147032413405416e+00 5.256603902624843241e-03 1.397339201074099951e-02 5.256603902624843241e-03
6.400000000000000133e-02 4.417093824149477878e+05 2.305117497141978220e+03 6.018509201248583850e+03 2.305117497141978220e+03 1.004516138464578656e+00 5.242197288806865231e-03 1.368703012170196555e-02 5.242197288806865231e-03
1.280000000000000027e-01 4.417571386721086456e+05 2.443797847522187567e+03 5.260226140708524326e+03 2.443797847522187567e+03 1.004624743653738106e+00 5.557578069905999910e-03 1.196257598474807955e-02 5.557578069905999910e-03
