# t_m Re(M) Re(M_err) Im(M) Im(Merr) Re(M)/M0 Re(Merr)/M0 Im(M)/M0 Im(Merr)/M0
1.000000000000000082e-05 -2.162980456891205395e+05 1.130303276919315522e+03 -9.362799861533836520e+03 1.130303276919315522e+03 -7.924189107866831394e-01 4.140923644046006977e-03 -3.430109432821162180e-02 4.140923644046006977e-03
1.599999999999999928e-05 -2.132622171668571827e+05 1.191746222217944251e+03 -7.591762627760268515e+03 1.191746222217944251e+03 -7.812969983196391688e-01 4.366023004671039723e-03 -2.781280918777819314e-02 4.366023004671039723e-03
2.599999999999999840e-05 -2.086235579291787581e+05 1.140835706268775994e+03 -7.231090232502647268e+03 1.140835706268775994e+03 -7.643030338623051367e-01 4.179509735595964004e-03 -2.649146749146140747e-02 4.179509735595964004e-03
4.300000000000000165e-05 -1.999762615807008988e+05 1.213405266577553448e+03 -5.230084467493368720e+03 1.213405266577553448e+03 -7.326232231091415192e-01 4.445372017212696931e-03 -1.916068091992891714e-02 4.445372017212696931e-03
6.999999999999999387e-05 -1.870152859598543146e+05 1.153310115172167116e+03 -3.811796254251152277e+03 1.153310115172167116e+03 -6.851400285593138850e-01 4.225210368185776215e-03 -1.396470978880594294e-02 4.225210368185776215e-03
1.129999999999999955e-04 -1.703625870886505581e+05 1.168438348958448614e+03 -3.032168391094950493e+03 1.168438348958448614e+03 -6.241320177881761744e-01 4.280633423446669923e-03 -1.110850339002450275e-02 4.280633423446669923e-03
1.830000000000000029e-04 -1.457258232694283652e+05 1.161643339579215080e+03 -2.134610863209152740e+03 1.161643339579215080e+03 -5.338739782911564591e-01 4.255739560379517665e-03 -7.820255655979319390e-03 4.255739560379517665e-03
2.979999999999999793e-04 -1.125165327344999387e+05 1.185947086308718781e+03 -1.918926163415198971e+02 1.185947086308718781e+03 -4.122100504001513510e-01 4.344777574801103603e-03 -7.030083769129607781e-04 4.344777574801103603e-03
4.829999999999999767e-04 -6.960050879210254061e+04 1.129773953988350740e+03 3.347504749196177727e+02 1.129773953988350740e+03 -2.549850101119566226e-01 4.138984442519366702e-03 1.226375420434372898e-03 4.138984442519366702e-03
7.849999999999999990e-04 -1.749553946860675569e+04 1.222224824592857658e+03 1.343321447913034262e+03 1.222224824592857658e+03 -6.409580024252672925e-02 4.477682917359025738e-03 4.921326566776179114e-03 4.477682917359025738e-03
1.299999999999999920e-05 -2.155728737186122162e+05 1.149386531190041296e+03 -8.826063387898393557e+02 1.149386531190041296e+03 -7.897622063251497071e-01 4.210836118360306718e-03 -3.233473291027729422e-03 4.210836118360306718e-03
2.099999999999999884e-05 -2.112886911356252967e+05 1.124760477634193194e+03 1.480557812238839688e+02 1.124760477634193194e+03 -7.740668851528950123e-01 4.120617316458846137e-03 5.424098979688687407e-04 4.120617316458846137e-03
3.399999999999999973e-05 -2.052910077401799499e+05 1.225043905533794486e+03 6.601156878750407486e+02 1.225043905533794486e+03 -7.520940664511807094e-01 4.488010764018571241e-03 2.418367455482989693e-03 4.488010764018571241e-03
5.500000000000000196e-05 -1.949421415039472049e+05 1.142646407398637166e+03 1.204183812802883040e+03 1.142646407398637166e+03 -7.141804677190903838e-01 4.186143331440592662e-03 4.411588751475304868e-03 4.186143331440592662e-03
8.899999999999999491e-05 -1.802434072263969283e+05 1.169941136528851303e+03 1.880773494934859627e+03 1.169941136528851303e+03 -6.603309057914713565e-01 4.286138962277999571e-03 6.890309524270045623e-03 4.286138962277999571e-03
1.440000000000000036e-04 -1.604983800888653786e+05 1.191203906929517871e+03 2.152727660456097510e+03 1.191203906929517871e+03 -5.879939928622426315e-01 4.364036204980877715e-03 7.886627465745926421e-03 4.364036204980877715e-03
2.339999999999999958e-04 -1.313913956498213229e+05 1.142253277983255430e+03 3.214667487021539273e+03 1.142253277983255430e+03 -4.813590723663689341e-01 4.184703081797363708e-03 1.177709812629666557e-02 4.184703081797363708e-03
3.789999999999999966e-04 -9.246020405102755467e+04 1.242470924770262855e+03 2.703109613454351347e+03 1.242470924770262855e+03 -3.387326683965270480e-01 4.551855536899547874e-03 9.902979792564294698e-03 4.551855536899547874e-03
6.160000000000000111e-04 -4.489416031740493054e+04 1.165624701418771338e+03 2.689308848969325481e+03 1.165624701418771338e+03 -1.644720436842583844e-01 4.270325482329470797e-03 9.852419988723229438e-03 4.270325482329470797e-03
1.000000000000000021e-03 1.077327678862772882e+04 1.147423290113366875e+03 2.156601710009310864e+03 1.147423290113366875e+03 3.946844841454448527e-02 4.203643684648602531e-03 7.900820243667292311e-03 4.203643684648602531e-03
2.000000000000000042e-03 9.747121925665441086e+04 1.154622619387784198e+03 1.132159856736307120e+03 1.154622619387784198e+03 3.570907779140096716e-01 4.230018794251894608e-03 4.147725318798461264e-03 4.230018794251894608e-03
4.000000000000000083e-03 1.750096615315747622e+05 1.194614152033498158e+03 -5.477452086893608794e+02 1.194614152033498158e+03 6.411568117786835552e-01 4.376529811671599386e-03 -2.006692479700381872e-03 4.376529811671599386e-03
8.000000000000000167e-03 2.321201233907837304e+05 1.216172045027359218e+03 -1.100960822909255512e+02 1.216172045027359218e+03 8.503838985829867969e-01 4.455508251031167592e-03 -4.033426068779520819e-04 4.455508251031167592e-03
1.600000000000000033e-02 2.624950494892870774e+05 1.166337545025087820e+03 -1.838246943894548167e+03 1.166337545025087820e+03 9.616639879500294974e-01 4.272937021200655903e-03 -6.734511337802322022e-03 4.272937021200655903e-03
3.200000000000000067e-02 2.730609364348542294e+05 1.114056403312592465e+03 -1.573982789131478057e+03 1.114056403312592465e+03 1.000372653107990617e+00 4.081402394808127630e-03 -5.766366142545717617e-03 4.081402394808127630e-03
6.400000000000000133e-02 2.745160693117490155e+05 1.162340476644813862e+03 -3.034695303824271832e+03 1.162340476644813862e+03 1.005703606541643813e+00 4.258293557538534238e-03 -1.111776086355479795e-02 4.258293557538534238e-03
1.280000000000000027e-01 2.748831549508737517e+05 1.221205111190861771e+03 -3.844387797026698536e+03 1.221205111190861771e+03 1.007048443483623101e+00 4.473947145356325754e-03 -1.408411056630614819e-02 4.473947145356325754e-03
2.560000000000000053e-01 2.754222728333331761e+05 1.153927793078568811e+03 -4.817029230861618998e+03 1.153927793078568811e+03 1.009023529314116985e+00 4.227473262666622648e-03 -1.764743201532760139e-02 4.227473262666622648e-03
5.120000000000000107e-01 2.749036549784274539e+05 1.128466019461592850e+03 -6.942142482096227468e+03 1.128466019461592850e+03 1.007123546379044221e+00 4.134192757741209263e-03 -2.543289268593400612e-02 4.134192757741209263e-03
