SIMFIT 1
1   327320007
2   325550833
3   323817336
4   321909437
5   319749251
6   317498428
7   315398212
8   313552145
9   311886146
10   310272952
11   308640689
12   306966976
13   305226540
14   303396611
15   301515575
16   299692587
17   298011109
18   296416204
19   294735036
20   292840063
21   290775813
22   288696151
23   286698757
24   284775518
25   282918968
26   281186087
27   279588910
28   277974376
29   276122571
30   273991472
31   271791591
32   269768313
33   267955076
34   266195475
35   264370544
36   262521115
37   260745048
38   259062359
39   257432245
40   255844838
41   254319410
42   252827628
43   251293168
44   249683601
45   248043241
46   246401889
47   244701019
48   242868352
49   240944642
50   239070047
51   237327881
52   235645791
53   233880376
54   231977710
55   230029345
56   228190268
57   226563613
58   225142263
59   223822235
60   222471390
61   221017500
62   219486880
63   217952450
64   216450536
65   214963419
66   213467683
67   211960531
68   210435886
69   208879526
70   207310950
71   205792386
72   204360148
73   202972694
74   201565803
75   200136608
76   198724622
77   197330013
78   195922874
79   194538648
80   193277266
81   192153948
82   191013317
83   189676109
84   188157084
85   186665027
86   185377843
87   184272814
88   183192409
89   182024647
90   180789258
91   179580146
92   178450076
93   177333638
94   176082860
95   174625510
96   173102145
97   171781277
98   170788976
99   169969657
100   169069801
101   168006798
102   166873258
103   165724867
104   164503732
105   163191801
106   161905198
107   160759660
108   159736308
109   158763624
110   157837606
111   156938025
112   155904411
113   154583483
114   153108127
115   151842463
116   150959786
117   150211832
118   149241309
119   148029299
120   146884010
121   146032605
122   145383187
123   144694384
124   143828473
125   142790883
126   141658874
127   140565272
128   139653015
129   138926566
130   138200603
131   137309701
132   136336951
133   135512753
134   134893719
135   134278960
136   133485827
137   132576746
138   131713718
139   130882817
140   129913063
141   128755924
142   127602770
143   126664986
144   125928717
145   125213509
146   124424993
147   123642608
148   122945878
149   122251192
150   121395744
151   120346247
152   119241606
153   118224823
154   117314578
155   116481378
156   115762276
157   115191722
158   114654138
159   113951804
160   113066854
161   112229891
162   111626265
163   111129277
164   110474703
165   109651728
166   108926823
167   108442750
168   107984955
169   107270400
170   106329491
171   105425047
172   104666430
173   103909760
174   103047228
175   102200831
176   101553147
177   101130729
178   100845570
179   100616630
180   100323525
181   99760864
182   98837054
183   97787978
184   96997913
185   96566797
186   96209122
187   95644276
188   94939449
189   94355090
190   93966707
191   93600225
192   93102311
193   92519865
194   91988219
195   91553612
196   91151096
197   90684476
198   90089682
199   89380900
200   88675507
201   88124713
202   87775878
203   87530981
204   87259254
205   86903620
206   86452563
207   85876760
208   85165975
209   84406601
210   83766107
211   83397120
212   83352935
213   83525161
214   83621005
215   83304311
216   82499341
