658
1 0 0
0 0 1
1 3.28532e+08 0
2 0 0
0 0 1
1 3.26508e+08 0
3 0 0
0 0 1
1 3.24669e+08 0
4 0 0
0 0 1
1 3.23008e+08 0
5 0 0
0 0 1
1 3.214e+08 0
6 0 0
0 0 1
1 3.19679e+08 0
7 0 0
0 0 1
1 3.17735e+08 0
8 0 0
0 0 1
1 3.15598e+08 0
9 0 0
0 0 1
1 3.1344e+08 0
10 0 0
0 0 1
1 3.11439e+08 0
11 0 0
0 0 1
1 3.09608e+08 0
12 0 0
0 0 1
1 3.07782e+08 0
13 0 0
0 0 1
1 3.05826e+08 0
14 0 0
0 0 1
1 3.03819e+08 0
15 0 0
0 0 1
1 3.01973e+08 0
16 0 0
0 0 1
1 3.00371e+08 0
17 0 0
0 0 1
1 2.98865e+08 0
18 0 0
0 0 1
1 2.9724e+08 0
19 0 0
0 0 1
1 2.95424e+08 0
20 0 0
0 0 1
1 2.93501e+08 0
21 0 0
0 0 1
1 2.91571e+08 0
22 0 0
0 0 1
1 2.89657e+08 0
23 0 0
0 0 1
1 2.87738e+08 0
24 0 0
0 0 1
1 2.85788e+08 0
25 0 0
0 0 1
1 2.83791e+08 0
26 0 0
0 0 1
1 2.81773e+08 0
27 0 0
0 0 1
1 2.79827e+08 0
28 0 0
0 0 1
1 2.78038e+08 0
29 0 0
0 0 1
1 2.76365e+08 0
30 0 0
0 0 1
1 2.74657e+08 0
31 0 0
0 0 1
1 2.72827e+08 0
32 0 0
0 0 1
1 2.70948e+08 0
33 0 0
0 0 1
1 2.6914e+08 0
34 0 0
0 0 1
1 2.67415e+08 0
35 0 0
0 0 1
1 2.65701e+08 0
36 0 0
0 0 1
1 2.63999e+08 0
37 0 0
0 0 1
1 2.62373e+08 0
38 0 0
0 0 1
1 2.60804e+08 0
39 0 0
0 0 1
1 2.5914e+08 0
40 0 0
0 0 1
1 2.57254e+08 0
41 0 0
0 0 1
1 2.55177e+08 0
42 0 0
0 0 1
1 2.53027e+08 0
43 0 0
0 0 1
1 2.50885e+08 0
44 0 0
0 0 1
1 2.48829e+08 0
45 0 0
0 0 1
1 2.47e+08 0
46 0 0
0 0 1
1 2.45477e+08 0
47 0 0
0 0 1
1 2.44103e+08 0
48 0 0
0 0 1
1 2.42569e+08 0
49 0 0
0 0 1
1 2.40755e+08 0
50 0 0
0 0 1
1 2.38883e+08 0
51 0 0
0 0 1
1 2.37255e+08 0
52 0 0
0 0 1
1 2.35907e+08 0
53 0 0
0 0 1
1 2.34609e+08 0
54 0 0
0 0 1
1 2.33147e+08 0
55 0 0
0 0 1
1 2.315e+08 0
56 0 0
0 0 1
1 2.29752e+08 0
57 0 0
0 0 1
1 2.27966e+08 0
58 0 0
0 0 1
1 2.26186e+08 0
59 0 0
0 0 1
1 2.24461e+08 0
60 0 0
0 0 1
1 2.22804e+08 0
61 0 0
0 0 1
1 2.21172e+08 0
62 0 0
0 0 1
1 2.19551e+08 0
63 0 0
0 0 1
1 2.18012e+08 0
64 0 0
0 0 1
1 2.16623e+08 0
65 0 0
0 0 1
1 2.15341e+08 0
66 0 0
0 0 1
1 2.14057e+08 0
67 0 0
0 0 1
1 2.12709e+08 0
68 0 0
0 0 1
1 2.11298e+08 0
69 0 0
0 0 1
1 2.09804e+08 0
70 0 0
0 0 1
1 2.08212e+08 0
71 0 0
0 0 1
1 2.06603e+08 0
72 0 0
0 0 1
1 2.05119e+08 0
73 0 0
0 0 1
1 2.03779e+08 0
74 0 0
0 0 1
1 2.02411e+08 0
75 0 0
0 0 1
1 2.0084e+08 0
76 0 0
0 0 1
1 1.99093e+08 0
77 0 0
0 0 1
1 1.97348e+08 0
78 0 0
0 0 1
1 1.95693e+08 0
79 0 0
0 0 1
1 1.94061e+08 0
80 0 0
0 0 1
1 1.92396e+08 0
81 0 0
0 0 1
1 1.90791e+08 0
82 0 0
0 0 1
1 1.89396e+08 0
83 0 0
0 0 1
1 1.88249e+08 0
84 0 0
0 0 1
1 1.87232e+08 0
85 0 0
0 0 1
1 1.86188e+08 0
86 0 0
0 0 1
1 1.85039e+08 0
87 0 0
0 0 1
1 1.83811e+08 0
88 0 0
0 0 1
1 1.82576e+08 0
89 0 0
0 0 1
1 1.81368e+08 0
90 0 0
0 0 1
1 1.80152e+08 0
91 0 0
0 0 1
1 1.78878e+08 0
92 0 0
0 0 1
1 1.77588e+08 0
93 0 0
0 0 1
1 1.76394e+08 0
94 0 0
0 0 1
1 1.75332e+08 0
95 0 0
0 0 1
1 1.74267e+08 0
96 0 0
0 0 1
1 1.73029e+08 0
97 0 0
0 0 1
1 1.71633e+08 0
98 0 0
0 0 1
1 1.70285e+08 0
99 0 0
0 0 1
1 1.69145e+08 0
100 0 0
0 0 1
1 1.68169e+08 0
101 0 0
0 0 1
1 1.67202e+08 0
102 0 0
0 0 1
1 1.66158e+08 0
103 0 0
0 0 1
1 1.65037e+08 0
104 0 0
0 0 1
1 1.63846e+08 0
105 0 0
0 0 1
1 1.6259e+08 0
106 0 0
0 0 1
1 1.61346e+08 0
107 0 0
0 0 1
1 1.60228e+08 0
108 0 0
0 0 1
1 1.59249e+08 0
109 0 0
0 0 1
1 1.58268e+08 0
110 0 0
0 0 1
1 1.57137e+08 0
111 0 0
0 0 1
1 1.55859e+08 0
112 0 0
0 0 1
1 1.54567e+08 0
113 0 0
0 0 1
1 1.53353e+08 0
114 0 0
0 0 1
1 1.52193e+08 0
115 0 0
0 0 1
1 1.51001e+08 0
116 0 0
0 0 1
1 1.4975e+08 0
117 0 0
0 0 1
1 1.48509e+08 0
118 0 0
0 0 1
1 1.4739e+08 0
119 0 0
0 0 1
1 1.46463e+08 0
120 0 0
0 0 1
1 1.4567e+08 0
121 0 0
0 0 1
1 1.4485e+08 0
122 0 0
0 0 1
1 1.43878e+08 0
123 0 0
0 0 1
1 1.42801e+08 0
124 0 0
0 0 1
1 1.41808e+08 0
125 0 0
0 0 1
1 1.41026e+08 0
126 0 0
0 0 1
1 1.40377e+08 0
127 0 0
0 0 1
1 1.3965e+08 0
128 0 0
0 0 1
1 1.38732e+08 0
129 0 0
0 0 1
1 1.37722e+08 0
130 0 0
0 0 1
1 1.36822e+08 0
131 0 0
0 0 1
1 1.36114e+08 0
132 0 0
0 0 1
1 1.35467e+08 0
133 0 0
0 0 1
1 1.34677e+08 0
134 0 0
0 0 1
1 1.33683e+08 0
135 0 0
0 0 1
1 1.32619e+08 0
136 0 0
0 0 1
1 1.31643e+08 0
137 0 0
0 0 1
1 1.30747e+08 0
138 0 0
0 0 1
1 1.29797e+08 0
139 0 0
0 0 1
1 1.28725e+08 0
140 0 0
0 0 1
1 1.27617e+08 0
141 0 0
0 0 1
1 1.26582e+08 0
142 0 0
0 0 1
1 1.25622e+08 0
143 0 0
0 0 1
1 1.24685e+08 0
144 0 0
0 0 1
1 1.23797e+08 0
145 0 0
0 0 1
1 1.23025e+08 0
146 0 0
0 0 1
1 1.22334e+08 0
147 0 0
0 0 1
1 1.21593e+08 0
148 0 0
0 0 1
1 1.20753e+08 0
149 0 0
0 0 1
1 1.19914e+08 0
150 0 0
0 0 1
1 1.19178e+08 0
151 0 0
0 0 1
1 1.18506e+08 0
152 0 0
0 0 1
1 1.17808e+08 0
153 0 0
0 0 1
1 1.17109e+08 0
154 0 0
0 0 1
1 1.16486e+08 0
155 0 0
0 0 1
1 1.1589e+08 0
156 0 0
0 0 1
1 1.15158e+08 0
157 0 0
0 0 1
1 1.14242e+08 0
158 0 0
0 0 1
1 1.13296e+08 0
159 0 0
0 0 1
1 1.1248e+08 0
160 0 0
0 0 1
1 1.11787e+08 0
161 0 0
0 0 1
1 1.11138e+08 0
162 0 0
0 0 1
1 1.10551e+08 0
163 0 0
0 0 1
1 1.10063e+08 0
164 0 0
0 0 1
1 1.09556e+08 0
165 0 0
0 0 1
1 1.08819e+08 0
166 0 0
0 0 1
1 1.07847e+08 0
167 0 0
0 0 1
1 1.06905e+08 0
168 0 0
0 0 1
1 1.06228e+08 0
169 0 0
0 0 1
1 1.05741e+08 0
170 0 0
0 0 1
1 1.05194e+08 0
171 0 0
0 0 1
1 1.04483e+08 0
172 0 0
0 0 1
1 1.0372e+08 0
173 0 0
0 0 1
1 1.03005e+08 0
174 0 0
0 0 1
1 1.0229e+08 0
175 0 0
0 0 1
1 1.01512e+08 0
176 0 0
0 0 1
1 1.00747e+08 0
177 0 0
0 0 1
1 1.00142e+08 0
178 0 0
0 0 1
1 9.97331e+07 0
179 0 0
0 0 1
1 9.94069e+07 0
180 0 0
0 0 1
1 9.90254e+07 0
181 0 0
0 0 1
1 9.85218e+07 0
182 0 0
0 0 1
1 9.78939e+07 0
183 0 0
0 0 1
1 9.71726e+07 0
184 0 0
0 0 1
1 9.64188e+07 0
185 0 0
0 0 1
1 9.57072e+07 0
186 0 0
0 0 1
1 9.50832e+07 0
187 0 0
0 0 1
1 9.45486e+07 0
188 0 0
0 0 1
1 9.40912e+07 0
189 0 0
0 0 1
1 9.3699e+07 0
190 0 0
0 0 1
1 9.33323e+07 0
191 0 0
0 0 1
1 9.29175e+07 0
192 0 0
0 0 1
1 9.24028e+07 0
193 0 0
0 0 1
1 9.18149e+07 0
194 0 0
0 0 1
1 9.12364e+07 0
195 0 0
0 0 1
1 9.07219e+07 0
196 0 0
0 0 1
1 9.02455e+07 0
197 0 0
0 0 1
1 8.97352e+07 0
198 0 0
0 0 1
1 8.91577e+07 0
199 0 0
0 0 1
1 8.85627e+07 0
200 0 0
0 0 1
1 8.80299e+07 0
201 0 0
0 0 1
1 8.7569e+07 0
202 0 0
0 0 1
1 8.70975e+07 0
203 0 0
0 0 1
1 8.65503e+07 0
204 0 0
0 0 1
1 8.59862e+07 0
205 0 0
0 0 1
1 8.55204e+07 0
206 0 0
0 0 1
1 8.51377e+07 0
207 0 0
0 0 1
1 8.46564e+07 0
208 0 0
0 0 1
1 8.39451e+07 0
209 0 0
0 0 1
1 8.31241e+07 0
210 0 0
0 0 1
1 8.24497e+07 0
211 0 0
0 0 1
1 8.20014e+07 0
212 0 0
0 0 1
1 8.15874e+07 0
213 0 0
0 0 1
1 8.1002e+07 0
214 0 0
0 0 1
1 8.02895e+07 0
215 0 0
0 0 1
1 7.96708e+07 0
216 0 0
0 0 1
1 7.9263e+07 0
217 0 0
0 0 1
1 7.89722e+07 0
218 0 0
0 0 1
1 7.86557e+07 0
219 0 0
0 0 1
1 7.82838e+07 0
-1 0 0
