3682
1 0 0
0 0 1
1 2.92453e+08 0
2 0 0
0 0 1
1 2.92172e+08 0
3 0 0
0 0 1
1 2.91892e+08 0
4 0 0
0 0 1
1 2.91612e+08 0
5 0 0
0 0 1
1 2.91331e+08 0
6 0 0
0 0 1
1 2.91051e+08 0
7 0 0
0 0 1
1 2.90771e+08 0
8 0 0
0 0 1
1 2.9049e+08 0
9 0 0
0 0 1
1 2.9021e+08 0
10 0 0
0 0 1
1 2.89929e+08 0
11 0 0
0 0 1
1 2.89649e+08 0
12 0 0
0 0 1
1 2.89368e+08 0
13 0 0
0 0 1
1 2.89087e+08 0
14 0 0
0 0 1
1 2.88806e+08 0
15 0 0
0 0 1
1 2.88524e+08 0
16 0 0
0 0 1
1 2.88242e+08 0
17 0 0
0 0 1
1 2.87959e+08 0
18 0 0
0 0 1
1 2.87676e+08 0
19 0 0
0 0 1
1 2.87392e+08 0
20 0 0
0 0 1
1 2.87108e+08 0
21 0 0
0 0 1
1 2.86823e+08 0
22 0 0
0 0 1
1 2.86537e+08 0
23 0 0
0 0 1
1 2.8625e+08 0
24 0 0
0 0 1
1 2.85963e+08 0
25 0 0
0 0 1
1 2.85675e+08 0
26 0 0
0 0 1
1 2.85386e+08 0
27 0 0
0 0 1
1 2.85096e+08 0
28 0 0
0 0 1
1 2.84805e+08 0
29 0 0
0 0 1
1 2.84514e+08 0
30 0 0
0 0 1
1 2.84222e+08 0
31 0 0
0 0 1
1 2.83929e+08 0
32 0 0
0 0 1
1 2.83636e+08 0
33 0 0
0 0 1
1 2.83342e+08 0
34 0 0
0 0 1
1 2.83048e+08 0
35 0 0
0 0 1
1 2.82753e+08 0
36 0 0
0 0 1
1 2.82458e+08 0
37 0 0
0 0 1
1 2.82163e+08 0
38 0 0
0 0 1
1 2.81868e+08 0
39 0 0
0 0 1
1 2.81573e+08 0
40 0 0
0 0 1
1 2.81278e+08 0
41 0 0
0 0 1
1 2.80984e+08 0
42 0 0
0 0 1
1 2.80689e+08 0
43 0 0
0 0 1
1 2.80395e+08 0
44 0 0
0 0 1
1 2.80102e+08 0
45 0 0
0 0 1
1 2.79809e+08 0
46 0 0
0 0 1
1 2.79518e+08 0
47 0 0
0 0 1
1 2.79226e+08 0
48 0 0
0 0 1
1 2.78936e+08 0
49 0 0
0 0 1
1 2.78647e+08 0
50 0 0
0 0 1
1 2.78359e+08 0
51 0 0
0 0 1
1 2.78071e+08 0
52 0 0
0 0 1
1 2.77785e+08 0
53 0 0
0 0 1
1 2.775e+08 0
54 0 0
0 0 1
1 2.77216e+08 0
55 0 0
0 0 1
1 2.76934e+08 0
56 0 0
0 0 1
1 2.76653e+08 0
57 0 0
0 0 1
1 2.76373e+08 0
58 0 0
0 0 1
1 2.76094e+08 0
59 0 0
0 0 1
1 2.75816e+08 0
60 0 0
0 0 1
1 2.7554e+08 0
61 0 0
0 0 1
1 2.75265e+08 0
62 0 0
0 0 1
1 2.74991e+08 0
63 0 0
0 0 1
1 2.74718e+08 0
64 0 0
0 0 1
1 2.74446e+08 0
65 0 0
0 0 1
1 2.74175e+08 0
66 0 0
0 0 1
1 2.73906e+08 0
67 0 0
0 0 1
1 2.73637e+08 0
68 0 0
0 0 1
1 2.73368e+08 0
69 0 0
0 0 1
1 2.73101e+08 0
70 0 0
0 0 1
1 2.72834e+08 0
71 0 0
0 0 1
1 2.72568e+08 0
72 0 0
0 0 1
1 2.72302e+08 0
73 0 0
0 0 1
1 2.72036e+08 0
74 0 0
0 0 1
1 2.7177e+08 0
75 0 0
0 0 1
1 2.71505e+08 0
76 0 0
0 0 1
1 2.7124e+08 0
77 0 0
0 0 1
1 2.70974e+08 0
78 0 0
0 0 1
1 2.70709e+08 0
79 0 0
0 0 1
1 2.70443e+08 0
80 0 0
0 0 1
1 2.70177e+08 0
81 0 0
0 0 1
1 2.6991e+08 0
82 0 0
0 0 1
1 2.69643e+08 0
83 0 0
0 0 1
1 2.69376e+08 0
84 0 0
0 0 1
1 2.69108e+08 0
85 0 0
0 0 1
1 2.68839e+08 0
86 0 0
0 0 1
1 2.68569e+08 0
87 0 0
0 0 1
1 2.68299e+08 0
88 0 0
0 0 1
1 2.68029e+08 0
89 0 0
0 0 1
1 2.67757e+08 0
90 0 0
0 0 1
1 2.67485e+08 0
91 0 0
0 0 1
1 2.67211e+08 0
92 0 0
0 0 1
1 2.66937e+08 0
93 0 0
0 0 1
1 2.66662e+08 0
94 0 0
0 0 1
1 2.66387e+08 0
95 0 0
0 0 1
1 2.6611e+08 0
96 0 0
0 0 1
1 2.65833e+08 0
97 0 0
0 0 1
1 2.65554e+08 0
98 0 0
0 0 1
1 2.65275e+08 0
99 0 0
0 0 1
1 2.64995e+08 0
100 0 0
0 0 1
1 2.64715e+08 0
101 0 0
0 0 1
1 2.64433e+08 0
102 0 0
0 0 1
1 2.64151e+08 0
103 0 0
0 0 1
1 2.63868e+08 0
104 0 0
0 0 1
1 2.63585e+08 0
105 0 0
0 0 1
1 2.63301e+08 0
106 0 0
0 0 1
1 2.63016e+08 0
107 0 0
0 0 1
1 2.62731e+08 0
108 0 0
0 0 1
1 2.62446e+08 0
109 0 0
0 0 1
1 2.6216e+08 0
110 0 0
0 0 1
1 2.61874e+08 0
111 0 0
0 0 1
1 2.61589e+08 0
112 0 0
0 0 1
1 2.61303e+08 0
113 0 0
0 0 1
1 2.61017e+08 0
114 0 0
0 0 1
1 2.60731e+08 0
115 0 0
0 0 1
1 2.60446e+08 0
116 0 0
0 0 1
1 2.60161e+08 0
117 0 0
0 0 1
1 2.59876e+08 0
118 0 0
0 0 1
1 2.59592e+08 0
119 0 0
0 0 1
1 2.59308e+08 0
120 0 0
0 0 1
1 2.59024e+08 0
121 0 0
0 0 1
1 2.58741e+08 0
122 0 0
0 0 1
1 2.58459e+08 0
123 0 0
0 0 1
1 2.58177e+08 0
124 0 0
0 0 1
1 2.57896e+08 0
125 0 0
0 0 1
1 2.57615e+08 0
126 0 0
0 0 1
1 2.57335e+08 0
127 0 0
0 0 1
1 2.57055e+08 0
128 0 0
0 0 1
1 2.56776e+08 0
129 0 0
0 0 1
1 2.56497e+08 0
130 0 0
0 0 1
1 2.56218e+08 0
131 0 0
0 0 1
1 2.5594e+08 0
132 0 0
0 0 1
1 2.55661e+08 0
133 0 0
0 0 1
1 2.55383e+08 0
134 0 0
0 0 1
1 2.55105e+08 0
135 0 0
0 0 1
1 2.54828e+08 0
136 0 0
0 0 1
1 2.5455e+08 0
137 0 0
0 0 1
1 2.54272e+08 0
138 0 0
0 0 1
1 2.53995e+08 0
139 0 0
0 0 1
1 2.53717e+08 0
140 0 0
0 0 1
1 2.53439e+08 0
141 0 0
0 0 1
1 2.53162e+08 0
142 0 0
0 0 1
1 2.52884e+08 0
143 0 0
0 0 1
1 2.52606e+08 0
144 0 0
0 0 1
1 2.52329e+08 0
145 0 0
0 0 1
1 2.52051e+08 0
146 0 0
0 0 1
1 2.51774e+08 0
147 0 0
0 0 1
1 2.51496e+08 0
148 0 0
0 0 1
1 2.51219e+08 0
149 0 0
0 0 1
1 2.50942e+08 0
150 0 0
0 0 1
1 2.50665e+08 0
151 0 0
0 0 1
1 2.50388e+08 0
152 0 0
0 0 1
1 2.50111e+08 0
153 0 0
0 0 1
1 2.49835e+08 0
154 0 0
0 0 1
1 2.49558e+08 0
155 0 0
0 0 1
1 2.49282e+08 0
156 0 0
0 0 1
1 2.49007e+08 0
157 0 0
0 0 1
1 2.48731e+08 0
158 0 0
0 0 1
1 2.48456e+08 0
159 0 0
0 0 1
1 2.48181e+08 0
160 0 0
0 0 1
1 2.47907e+08 0
161 0 0
0 0 1
1 2.47632e+08 0
162 0 0
0 0 1
1 2.47358e+08 0
163 0 0
0 0 1
1 2.47084e+08 0
164 0 0
0 0 1
1 2.4681e+08 0
165 0 0
0 0 1
1 2.46536e+08 0
166 0 0
0 0 1
1 2.46262e+08 0
167 0 0
0 0 1
1 2.45988e+08 0
168 0 0
0 0 1
1 2.45714e+08 0
169 0 0
0 0 1
1 2.4544e+08 0
170 0 0
0 0 1
1 2.45166e+08 0
171 0 0
0 0 1
1 2.44891e+08 0
172 0 0
0 0 1
1 2.44616e+08 0
173 0 0
0 0 1
1 2.44341e+08 0
174 0 0
0 0 1
1 2.44065e+08 0
175 0 0
0 0 1
1 2.43789e+08 0
176 0 0
0 0 1
1 2.43512e+08 0
177 0 0
0 0 1
1 2.43235e+08 0
178 0 0
0 0 1
1 2.42957e+08 0
179 0 0
0 0 1
1 2.42678e+08 0
180 0 0
0 0 1
1 2.42398e+08 0
181 0 0
0 0 1
1 2.42118e+08 0
182 0 0
0 0 1
1 2.41837e+08 0
183 0 0
0 0 1
1 2.41554e+08 0
184 0 0
0 0 1
1 2.41271e+08 0
185 0 0
0 0 1
1 2.40988e+08 0
186 0 0
0 0 1
1 2.40703e+08 0
187 0 0
0 0 1
1 2.40417e+08 0
188 0 0
0 0 1
1 2.40131e+08 0
189 0 0
0 0 1
1 2.39843e+08 0
190 0 0
0 0 1
1 2.39555e+08 0
191 0 0
0 0 1
1 2.39266e+08 0
192 0 0
0 0 1
1 2.38976e+08 0
193 0 0
0 0 1
1 2.38685e+08 0
194 0 0
0 0 1
1 2.38394e+08 0
195 0 0
0 0 1
1 2.38102e+08 0
196 0 0
0 0 1
1 2.3781e+08 0
197 0 0
0 0 1
1 2.37518e+08 0
198 0 0
0 0 1
1 2.37224e+08 0
199 0 0
0 0 1
1 2.36931e+08 0
200 0 0
0 0 1
1 2.36638e+08 0
201 0 0
0 0 1
1 2.36344e+08 0
202 0 0
0 0 1
1 2.3605e+08 0
203 0 0
0 0 1
1 2.35756e+08 0
204 0 0
0 0 1
1 2.35463e+08 0
205 0 0
0 0 1
1 2.35169e+08 0
206 0 0
0 0 1
1 2.34876e+08 0
207 0 0
0 0 1
1 2.34583e+08 0
208 0 0
0 0 1
1 2.34291e+08 0
209 0 0
0 0 1
1 2.33998e+08 0
210 0 0
0 0 1
1 2.33707e+08 0
211 0 0
0 0 1
1 2.33416e+08 0
212 0 0
0 0 1
1 2.33126e+08 0
213 0 0
0 0 1
1 2.32836e+08 0
214 0 0
0 0 1
1 2.32548e+08 0
215 0 0
0 0 1
1 2.3226e+08 0
216 0 0
0 0 1
1 2.31973e+08 0
217 0 0
0 0 1
1 2.31688e+08 0
218 0 0
0 0 1
1 2.31403e+08 0
219 0 0
0 0 1
1 2.3112e+08 0
220 0 0
0 0 1
1 2.30838e+08 0
221 0 0
0 0 1
1 2.30557e+08 0
222 0 0
0 0 1
1 2.30278e+08 0
223 0 0
0 0 1
1 2.30001e+08 0
224 0 0
0 0 1
1 2.29724e+08 0
225 0 0
0 0 1
1 2.2945e+08 0
226 0 0
0 0 1
1 2.29177e+08 0
227 0 0
0 0 1
1 2.28906e+08 0
228 0 0
0 0 1
1 2.28636e+08 0
229 0 0
0 0 1
1 2.28368e+08 0
230 0 0
0 0 1
1 2.28102e+08 0
231 0 0
0 0 1
1 2.27838e+08 0
232 0 0
0 0 1
1 2.27576e+08 0
233 0 0
0 0 1
1 2.27315e+08 0
234 0 0
0 0 1
1 2.27056e+08 0
235 0 0
0 0 1
1 2.26799e+08 0
236 0 0
0 0 1
1 2.26544e+08 0
237 0 0
0 0 1
1 2.26291e+08 0
238 0 0
0 0 1
1 2.26039e+08 0
239 0 0
0 0 1
1 2.25789e+08 0
240 0 0
0 0 1
1 2.25541e+08 0
241 0 0
0 0 1
1 2.25294e+08 0
242 0 0
0 0 1
1 2.25049e+08 0
243 0 0
0 0 1
1 2.24805e+08 0
244 0 0
0 0 1
1 2.24562e+08 0
245 0 0
0 0 1
1 2.24321e+08 0
246 0 0
0 0 1
1 2.24081e+08 0
247 0 0
0 0 1
1 2.23842e+08 0
248 0 0
0 0 1
1 2.23604e+08 0
249 0 0
0 0 1
1 2.23367e+08 0
250 0 0
0 0 1
1 2.2313e+08 0
251 0 0
0 0 1
1 2.22894e+08 0
252 0 0
0 0 1
1 2.22659e+08 0
253 0 0
0 0 1
1 2.22424e+08 0
254 0 0
0 0 1
1 2.22189e+08 0
255 0 0
0 0 1
1 2.21955e+08 0
256 0 0
0 0 1
1 2.2172e+08 0
257 0 0
0 0 1
1 2.21486e+08 0
258 0 0
0 0 1
1 2.21251e+08 0
259 0 0
0 0 1
1 2.21017e+08 0
260 0 0
0 0 1
1 2.20782e+08 0
261 0 0
0 0 1
1 2.20546e+08 0
262 0 0
0 0 1
1 2.20311e+08 0
263 0 0
0 0 1
1 2.20074e+08 0
264 0 0
0 0 1
1 2.19838e+08 0
265 0 0
0 0 1
1 2.196e+08 0
266 0 0
0 0 1
1 2.19363e+08 0
267 0 0
0 0 1
1 2.19124e+08 0
268 0 0
0 0 1
1 2.18885e+08 0
269 0 0
0 0 1
1 2.18645e+08 0
270 0 0
0 0 1
1 2.18404e+08 0
271 0 0
0 0 1
1 2.18162e+08 0
272 0 0
0 0 1
1 2.1792e+08 0
273 0 0
0 0 1
1 2.17676e+08 0
274 0 0
0 0 1
1 2.17432e+08 0
275 0 0
0 0 1
1 2.17187e+08 0
276 0 0
0 0 1
1 2.1694e+08 0
277 0 0
0 0 1
1 2.16693e+08 0
278 0 0
0 0 1
1 2.16444e+08 0
279 0 0
0 0 1
1 2.16195e+08 0
280 0 0
0 0 1
1 2.15944e+08 0
281 0 0
0 0 1
1 2.15692e+08 0
282 0 0
0 0 1
1 2.15439e+08 0
283 0 0
0 0 1
1 2.15185e+08 0
284 0 0
0 0 1
1 2.14929e+08 0
285 0 0
0 0 1
1 2.14672e+08 0
286 0 0
0 0 1
1 2.14414e+08 0
287 0 0
0 0 1
1 2.14155e+08 0
288 0 0
0 0 1
1 2.13894e+08 0
289 0 0
0 0 1
1 2.13633e+08 0
290 0 0
0 0 1
1 2.1337e+08 0
291 0 0
0 0 1
1 2.13106e+08 0
292 0 0
0 0 1
1 2.12841e+08 0
293 0 0
0 0 1
1 2.12575e+08 0
294 0 0
0 0 1
1 2.12308e+08 0
295 0 0
0 0 1
1 2.1204e+08 0
296 0 0
0 0 1
1 2.11771e+08 0
297 0 0
0 0 1
1 2.11502e+08 0
298 0 0
0 0 1
1 2.11232e+08 0
299 0 0
0 0 1
1 2.10961e+08 0
300 0 0
0 0 1
1 2.1069e+08 0
301 0 0
0 0 1
1 2.10419e+08 0
302 0 0
0 0 1
1 2.10147e+08 0
303 0 0
0 0 1
1 2.09875e+08 0
304 0 0
0 0 1
1 2.09603e+08 0
305 0 0
0 0 1
1 2.09331e+08 0
306 0 0
0 0 1
1 2.0906e+08 0
307 0 0
0 0 1
1 2.08788e+08 0
308 0 0
0 0 1
1 2.08516e+08 0
309 0 0
0 0 1
1 2.08245e+08 0
310 0 0
0 0 1
1 2.07974e+08 0
311 0 0
0 0 1
1 2.07703e+08 0
312 0 0
0 0 1
1 2.07433e+08 0
313 0 0
0 0 1
1 2.07164e+08 0
314 0 0
0 0 1
1 2.06894e+08 0
315 0 0
0 0 1
1 2.06626e+08 0
316 0 0
0 0 1
1 2.06357e+08 0
317 0 0
0 0 1
1 2.0609e+08 0
318 0 0
0 0 1
1 2.05822e+08 0
319 0 0
0 0 1
1 2.05556e+08 0
320 0 0
0 0 1
1 2.05289e+08 0
321 0 0
0 0 1
1 2.05023e+08 0
322 0 0
0 0 1
1 2.04757e+08 0
323 0 0
0 0 1
1 2.04492e+08 0
324 0 0
0 0 1
1 2.04226e+08 0
325 0 0
0 0 1
1 2.03961e+08 0
326 0 0
0 0 1
1 2.03696e+08 0
327 0 0
0 0 1
1 2.03431e+08 0
328 0 0
0 0 1
1 2.03166e+08 0
329 0 0
0 0 1
1 2.029e+08 0
330 0 0
0 0 1
1 2.02635e+08 0
331 0 0
0 0 1
1 2.02369e+08 0
332 0 0
0 0 1
1 2.02103e+08 0
333 0 0
0 0 1
1 2.01837e+08 0
334 0 0
0 0 1
1 2.0157e+08 0
335 0 0
0 0 1
1 2.01303e+08 0
336 0 0
0 0 1
1 2.01036e+08 0
337 0 0
0 0 1
1 2.00769e+08 0
338 0 0
0 0 1
1 2.00502e+08 0
339 0 0
0 0 1
1 2.00234e+08 0
340 0 0
0 0 1
1 1.99966e+08 0
341 0 0
0 0 1
1 1.99698e+08 0
342 0 0
0 0 1
1 1.9943e+08 0
343 0 0
0 0 1
1 1.99162e+08 0
344 0 0
0 0 1
1 1.98895e+08 0
345 0 0
0 0 1
1 1.98627e+08 0
346 0 0
0 0 1
1 1.9836e+08 0
347 0 0
0 0 1
1 1.98093e+08 0
348 0 0
0 0 1
1 1.97827e+08 0
349 0 0
0 0 1
1 1.97561e+08 0
350 0 0
0 0 1
1 1.97296e+08 0
351 0 0
0 0 1
1 1.97031e+08 0
352 0 0
0 0 1
1 1.96767e+08 0
353 0 0
0 0 1
1 1.96504e+08 0
354 0 0
0 0 1
1 1.96241e+08 0
355 0 0
0 0 1
1 1.9598e+08 0
356 0 0
0 0 1
1 1.95719e+08 0
357 0 0
0 0 1
1 1.95459e+08 0
358 0 0
0 0 1
1 1.95199e+08 0
359 0 0
0 0 1
1 1.94941e+08 0
360 0 0
0 0 1
1 1.94683e+08 0
361 0 0
0 0 1
1 1.94426e+08 0
362 0 0
0 0 1
1 1.9417e+08 0
363 0 0
0 0 1
1 1.93914e+08 0
364 0 0
0 0 1
1 1.93659e+08 0
365 0 0
0 0 1
1 1.93405e+08 0
366 0 0
0 0 1
1 1.93151e+08 0
367 0 0
0 0 1
1 1.92898e+08 0
368 0 0
0 0 1
1 1.92645e+08 0
369 0 0
0 0 1
1 1.92393e+08 0
370 0 0
0 0 1
1 1.92141e+08 0
371 0 0
0 0 1
1 1.9189e+08 0
372 0 0
0 0 1
1 1.91639e+08 0
373 0 0
0 0 1
1 1.91388e+08 0
374 0 0
0 0 1
1 1.91138e+08 0
375 0 0
0 0 1
1 1.90888e+08 0
376 0 0
0 0 1
1 1.90639e+08 0
377 0 0
0 0 1
1 1.90391e+08 0
378 0 0
0 0 1
1 1.90143e+08 0
379 0 0
0 0 1
1 1.89895e+08 0
380 0 0
0 0 1
1 1.89648e+08 0
381 0 0
0 0 1
1 1.89402e+08 0
382 0 0
0 0 1
1 1.89156e+08 0
383 0 0
0 0 1
1 1.8891e+08 0
384 0 0
0 0 1
1 1.88666e+08 0
385 0 0
0 0 1
1 1.88422e+08 0
386 0 0
0 0 1
1 1.88178e+08 0
387 0 0
0 0 1
1 1.87935e+08 0
388 0 0
0 0 1
1 1.87693e+08 0
389 0 0
0 0 1
1 1.87451e+08 0
390 0 0
0 0 1
1 1.87209e+08 0
391 0 0
0 0 1
1 1.86968e+08 0
392 0 0
0 0 1
1 1.86727e+08 0
393 0 0
0 0 1
1 1.86486e+08 0
394 0 0
0 0 1
1 1.86246e+08 0
395 0 0
0 0 1
1 1.86006e+08 0
396 0 0
0 0 1
1 1.85765e+08 0
397 0 0
0 0 1
1 1.85525e+08 0
398 0 0
0 0 1
1 1.85284e+08 0
399 0 0
0 0 1
1 1.85044e+08 0
400 0 0
0 0 1
1 1.84803e+08 0
401 0 0
0 0 1
1 1.84561e+08 0
402 0 0
0 0 1
1 1.8432e+08 0
403 0 0
0 0 1
1 1.84078e+08 0
404 0 0
0 0 1
1 1.83835e+08 0
405 0 0
0 0 1
1 1.83593e+08 0
406 0 0
0 0 1
1 1.8335e+08 0
407 0 0
0 0 1
1 1.83106e+08 0
408 0 0
0 0 1
1 1.82862e+08 0
409 0 0
0 0 1
1 1.82618e+08 0
410 0 0
0 0 1
1 1.82374e+08 0
411 0 0
0 0 1
1 1.82129e+08 0
412 0 0
0 0 1
1 1.81884e+08 0
413 0 0
0 0 1
1 1.8164e+08 0
414 0 0
0 0 1
1 1.81395e+08 0
415 0 0
0 0 1
1 1.8115e+08 0
416 0 0
0 0 1
1 1.80905e+08 0
417 0 0
0 0 1
1 1.80661e+08 0
418 0 0
0 0 1
1 1.80417e+08 0
419 0 0
0 0 1
1 1.80173e+08 0
420 0 0
0 0 1
1 1.79929e+08 0
421 0 0
0 0 1
1 1.79686e+08 0
422 0 0
0 0 1
1 1.79444e+08 0
423 0 0
0 0 1
1 1.79201e+08 0
424 0 0
0 0 1
1 1.78959e+08 0
425 0 0
0 0 1
1 1.78718e+08 0
426 0 0
0 0 1
1 1.78477e+08 0
427 0 0
0 0 1
1 1.78237e+08 0
428 0 0
0 0 1
1 1.77997e+08 0
429 0 0
0 0 1
1 1.77758e+08 0
430 0 0
0 0 1
1 1.77519e+08 0
431 0 0
0 0 1
1 1.7728e+08 0
432 0 0
0 0 1
1 1.77042e+08 0
433 0 0
0 0 1
1 1.76805e+08 0
434 0 0
0 0 1
1 1.76568e+08 0
435 0 0
0 0 1
1 1.76331e+08 0
436 0 0
0 0 1
1 1.76095e+08 0
437 0 0
0 0 1
1 1.7586e+08 0
438 0 0
0 0 1
1 1.75625e+08 0
439 0 0
0 0 1
1 1.7539e+08 0
440 0 0
0 0 1
1 1.75156e+08 0
441 0 0
0 0 1
1 1.74923e+08 0
442 0 0
0 0 1
1 1.7469e+08 0
443 0 0
0 0 1
1 1.74458e+08 0
444 0 0
0 0 1
1 1.74226e+08 0
445 0 0
0 0 1
1 1.73995e+08 0
446 0 0
0 0 1
1 1.73765e+08 0
447 0 0
0 0 1
1 1.73536e+08 0
448 0 0
0 0 1
1 1.73307e+08 0
449 0 0
0 0 1
1 1.73079e+08 0
450 0 0
0 0 1
1 1.72851e+08 0
451 0 0
0 0 1
1 1.72624e+08 0
452 0 0
0 0 1
1 1.72398e+08 0
453 0 0
0 0 1
1 1.72172e+08 0
454 0 0
0 0 1
1 1.71947e+08 0
455 0 0
0 0 1
1 1.71722e+08 0
456 0 0
0 0 1
1 1.71498e+08 0
457 0 0
0 0 1
1 1.71275e+08 0
458 0 0
0 0 1
1 1.71051e+08 0
459 0 0
0 0 1
1 1.70828e+08 0
460 0 0
0 0 1
1 1.70605e+08 0
461 0 0
0 0 1
1 1.70383e+08 0
462 0 0
0 0 1
1 1.70161e+08 0
463 0 0
0 0 1
1 1.69938e+08 0
464 0 0
0 0 1
1 1.69717e+08 0
465 0 0
0 0 1
1 1.69495e+08 0
466 0 0
0 0 1
1 1.69273e+08 0
467 0 0
0 0 1
1 1.69052e+08 0
468 0 0
0 0 1
1 1.6883e+08 0
469 0 0
0 0 1
1 1.68609e+08 0
470 0 0
0 0 1
1 1.68388e+08 0
471 0 0
0 0 1
1 1.68167e+08 0
472 0 0
0 0 1
1 1.67946e+08 0
473 0 0
0 0 1
1 1.67725e+08 0
474 0 0
0 0 1
1 1.67505e+08 0
475 0 0
0 0 1
1 1.67285e+08 0
476 0 0
0 0 1
1 1.67065e+08 0
477 0 0
0 0 1
1 1.66846e+08 0
478 0 0
0 0 1
1 1.66627e+08 0
479 0 0
0 0 1
1 1.66409e+08 0
480 0 0
0 0 1
1 1.66191e+08 0
481 0 0
0 0 1
1 1.65973e+08 0
482 0 0
0 0 1
1 1.65756e+08 0
483 0 0
0 0 1
1 1.6554e+08 0
484 0 0
0 0 1
1 1.65324e+08 0
485 0 0
0 0 1
1 1.65109e+08 0
486 0 0
0 0 1
1 1.64894e+08 0
487 0 0
0 0 1
1 1.6468e+08 0
488 0 0
0 0 1
1 1.64466e+08 0
489 0 0
0 0 1
1 1.64253e+08 0
490 0 0
0 0 1
1 1.6404e+08 0
491 0 0
0 0 1
1 1.63827e+08 0
492 0 0
0 0 1
1 1.63615e+08 0
493 0 0
0 0 1
1 1.63403e+08 0
494 0 0
0 0 1
1 1.63191e+08 0
495 0 0
0 0 1
1 1.62979e+08 0
496 0 0
0 0 1
1 1.62768e+08 0
497 0 0
0 0 1
1 1.62556e+08 0
498 0 0
0 0 1
1 1.62344e+08 0
499 0 0
0 0 1
1 1.62132e+08 0
500 0 0
0 0 1
1 1.61919e+08 0
501 0 0
0 0 1
1 1.61706e+08 0
502 0 0
0 0 1
1 1.61493e+08 0
503 0 0
0 0 1
1 1.61279e+08 0
504 0 0
0 0 1
1 1.61065e+08 0
505 0 0
0 0 1
1 1.6085e+08 0
506 0 0
0 0 1
1 1.60634e+08 0
507 0 0
0 0 1
1 1.60418e+08 0
508 0 0
0 0 1
1 1.60201e+08 0
509 0 0
0 0 1
1 1.59983e+08 0
510 0 0
0 0 1
1 1.59765e+08 0
511 0 0
0 0 1
1 1.59546e+08 0
512 0 0
0 0 1
1 1.59326e+08 0
513 0 0
0 0 1
1 1.59106e+08 0
514 0 0
0 0 1
1 1.58885e+08 0
515 0 0
0 0 1
1 1.58664e+08 0
516 0 0
0 0 1
1 1.58442e+08 0
517 0 0
0 0 1
1 1.5822e+08 0
518 0 0
0 0 1
1 1.57997e+08 0
519 0 0
0 0 1
1 1.57774e+08 0
520 0 0
0 0 1
1 1.57551e+08 0
521 0 0
0 0 1
1 1.57328e+08 0
522 0 0
0 0 1
1 1.57105e+08 0
523 0 0
0 0 1
1 1.56883e+08 0
524 0 0
0 0 1
1 1.5666e+08 0
525 0 0
0 0 1
1 1.56437e+08 0
526 0 0
0 0 1
1 1.56215e+08 0
527 0 0
0 0 1
1 1.55993e+08 0
528 0 0
0 0 1
1 1.55772e+08 0
529 0 0
0 0 1
1 1.55551e+08 0
530 0 0
0 0 1
1 1.55331e+08 0
531 0 0
0 0 1
1 1.55111e+08 0
532 0 0
0 0 1
1 1.54892e+08 0
533 0 0
0 0 1
1 1.54673e+08 0
534 0 0
0 0 1
1 1.54455e+08 0
535 0 0
0 0 1
1 1.54237e+08 0
536 0 0
0 0 1
1 1.5402e+08 0
537 0 0
0 0 1
1 1.53803e+08 0
538 0 0
0 0 1
1 1.53586e+08 0
539 0 0
0 0 1
1 1.5337e+08 0
540 0 0
0 0 1
1 1.53154e+08 0
541 0 0
0 0 1
1 1.52939e+08 0
542 0 0
0 0 1
1 1.52723e+08 0
543 0 0
0 0 1
1 1.52508e+08 0
544 0 0
0 0 1
1 1.52292e+08 0
545 0 0
0 0 1
1 1.52077e+08 0
546 0 0
0 0 1
1 1.51861e+08 0
547 0 0
0 0 1
1 1.51645e+08 0
548 0 0
0 0 1
1 1.51429e+08 0
549 0 0
0 0 1
1 1.51213e+08 0
550 0 0
0 0 1
1 1.50997e+08 0
551 0 0
0 0 1
1 1.50781e+08 0
552 0 0
0 0 1
1 1.50564e+08 0
553 0 0
0 0 1
1 1.50347e+08 0
554 0 0
0 0 1
1 1.5013e+08 0
555 0 0
0 0 1
1 1.49913e+08 0
556 0 0
0 0 1
1 1.49697e+08 0
557 0 0
0 0 1
1 1.4948e+08 0
558 0 0
0 0 1
1 1.49263e+08 0
559 0 0
0 0 1
1 1.49046e+08 0
560 0 0
0 0 1
1 1.4883e+08 0
561 0 0
0 0 1
1 1.48613e+08 0
562 0 0
0 0 1
1 1.48397e+08 0
563 0 0
0 0 1
1 1.48182e+08 0
564 0 0
0 0 1
1 1.47966e+08 0
565 0 0
0 0 1
1 1.47751e+08 0
566 0 0
0 0 1
1 1.47536e+08 0
567 0 0
0 0 1
1 1.47322e+08 0
568 0 0
0 0 1
1 1.47108e+08 0
569 0 0
0 0 1
1 1.46895e+08 0
570 0 0
0 0 1
1 1.46682e+08 0
571 0 0
0 0 1
1 1.46469e+08 0
572 0 0
0 0 1
1 1.46257e+08 0
573 0 0
0 0 1
1 1.46045e+08 0
574 0 0
0 0 1
1 1.45834e+08 0
575 0 0
0 0 1
1 1.45623e+08 0
576 0 0
0 0 1
1 1.45413e+08 0
577 0 0
0 0 1
1 1.45203e+08 0
578 0 0
0 0 1
1 1.44993e+08 0
579 0 0
0 0 1
1 1.44784e+08 0
580 0 0
0 0 1
1 1.44575e+08 0
581 0 0
0 0 1
1 1.44367e+08 0
582 0 0
0 0 1
1 1.44159e+08 0
583 0 0
0 0 1
1 1.43952e+08 0
584 0 0
0 0 1
1 1.43745e+08 0
585 0 0
0 0 1
1 1.43538e+08 0
586 0 0
0 0 1
1 1.43332e+08 0
587 0 0
0 0 1
1 1.43126e+08 0
588 0 0
0 0 1
1 1.42921e+08 0
589 0 0
0 0 1
1 1.42716e+08 0
590 0 0
0 0 1
1 1.42512e+08 0
591 0 0
0 0 1
1 1.42308e+08 0
592 0 0
0 0 1
1 1.42104e+08 0
593 0 0
0 0 1
1 1.41901e+08 0
594 0 0
0 0 1
1 1.41699e+08 0
595 0 0
0 0 1
1 1.41497e+08 0
596 0 0
0 0 1
1 1.41295e+08 0
597 0 0
0 0 1
1 1.41094e+08 0
598 0 0
0 0 1
1 1.40894e+08 0
599 0 0
0 0 1
1 1.40693e+08 0
600 0 0
0 0 1
1 1.40494e+08 0
601 0 0
0 0 1
1 1.40295e+08 0
602 0 0
0 0 1
1 1.40096e+08 0
603 0 0
0 0 1
1 1.39898e+08 0
604 0 0
0 0 1
1 1.397e+08 0
605 0 0
0 0 1
1 1.39502e+08 0
606 0 0
0 0 1
1 1.39305e+08 0
607 0 0
0 0 1
1 1.39108e+08 0
608 0 0
0 0 1
1 1.38912e+08 0
609 0 0
0 0 1
1 1.38716e+08 0
610 0 0
0 0 1
1 1.3852e+08 0
611 0 0
0 0 1
1 1.38325e+08 0
612 0 0
0 0 1
1 1.3813e+08 0
613 0 0
0 0 1
1 1.37935e+08 0
614 0 0
0 0 1
1 1.37741e+08 0
615 0 0
0 0 1
1 1.37547e+08 0
616 0 0
0 0 1
1 1.37353e+08 0
617 0 0
0 0 1
1 1.3716e+08 0
618 0 0
0 0 1
1 1.36967e+08 0
619 0 0
0 0 1
1 1.36775e+08 0
620 0 0
0 0 1
1 1.36583e+08 0
621 0 0
0 0 1
1 1.36391e+08 0
622 0 0
0 0 1
1 1.36201e+08 0
623 0 0
0 0 1
1 1.3601e+08 0
624 0 0
0 0 1
1 1.35821e+08 0
625 0 0
0 0 1
1 1.35631e+08 0
626 0 0
0 0 1
1 1.35443e+08 0
627 0 0
0 0 1
1 1.35255e+08 0
628 0 0
0 0 1
1 1.35068e+08 0
629 0 0
0 0 1
1 1.34881e+08 0
630 0 0
0 0 1
1 1.34696e+08 0
631 0 0
0 0 1
1 1.3451e+08 0
632 0 0
0 0 1
1 1.34326e+08 0
633 0 0
0 0 1
1 1.34142e+08 0
634 0 0
0 0 1
1 1.33959e+08 0
635 0 0
0 0 1
1 1.33777e+08 0
636 0 0
0 0 1
1 1.33595e+08 0
637 0 0
0 0 1
1 1.33413e+08 0
638 0 0
0 0 1
1 1.33232e+08 0
639 0 0
0 0 1
1 1.33052e+08 0
640 0 0
0 0 1
1 1.32872e+08 0
641 0 0
0 0 1
1 1.32693e+08 0
642 0 0
0 0 1
1 1.32514e+08 0
643 0 0
0 0 1
1 1.32336e+08 0
644 0 0
0 0 1
1 1.32157e+08 0
645 0 0
0 0 1
1 1.3198e+08 0
646 0 0
0 0 1
1 1.31802e+08 0
647 0 0
0 0 1
1 1.31625e+08 0
648 0 0
0 0 1
1 1.31449e+08 0
649 0 0
0 0 1
1 1.31272e+08 0
650 0 0
0 0 1
1 1.31096e+08 0
651 0 0
0 0 1
1 1.30921e+08 0
652 0 0
0 0 1
1 1.30746e+08 0
653 0 0
0 0 1
1 1.30571e+08 0
654 0 0
0 0 1
1 1.30396e+08 0
655 0 0
0 0 1
1 1.30221e+08 0
656 0 0
0 0 1
1 1.30047e+08 0
657 0 0
0 0 1
1 1.29874e+08 0
658 0 0
0 0 1
1 1.297e+08 0
659 0 0
0 0 1
1 1.29527e+08 0
660 0 0
0 0 1
1 1.29354e+08 0
661 0 0
0 0 1
1 1.29181e+08 0
662 0 0
0 0 1
1 1.29008e+08 0
663 0 0
0 0 1
1 1.28835e+08 0
664 0 0
0 0 1
1 1.28663e+08 0
665 0 0
0 0 1
1 1.2849e+08 0
666 0 0
0 0 1
1 1.28317e+08 0
667 0 0
0 0 1
1 1.28144e+08 0
668 0 0
0 0 1
1 1.2797e+08 0
669 0 0
0 0 1
1 1.27796e+08 0
670 0 0
0 0 1
1 1.27622e+08 0
671 0 0
0 0 1
1 1.27447e+08 0
672 0 0
0 0 1
1 1.27271e+08 0
673 0 0
0 0 1
1 1.27094e+08 0
674 0 0
0 0 1
1 1.26917e+08 0
675 0 0
0 0 1
1 1.26739e+08 0
676 0 0
0 0 1
1 1.26559e+08 0
677 0 0
0 0 1
1 1.26379e+08 0
678 0 0
0 0 1
1 1.26198e+08 0
679 0 0
0 0 1
1 1.26015e+08 0
680 0 0
0 0 1
1 1.25832e+08 0
681 0 0
0 0 1
1 1.25648e+08 0
682 0 0
0 0 1
1 1.25462e+08 0
683 0 0
0 0 1
1 1.25276e+08 0
684 0 0
0 0 1
1 1.25089e+08 0
685 0 0
0 0 1
1 1.24902e+08 0
686 0 0
0 0 1
1 1.24714e+08 0
687 0 0
0 0 1
1 1.24526e+08 0
688 0 0
0 0 1
1 1.24337e+08 0
689 0 0
0 0 1
1 1.24148e+08 0
690 0 0
0 0 1
1 1.23959e+08 0
691 0 0
0 0 1
1 1.2377e+08 0
692 0 0
0 0 1
1 1.23581e+08 0
693 0 0
0 0 1
1 1.23393e+08 0
694 0 0
0 0 1
1 1.23205e+08 0
695 0 0
0 0 1
1 1.23018e+08 0
696 0 0
0 0 1
1 1.22831e+08 0
697 0 0
0 0 1
1 1.22644e+08 0
698 0 0
0 0 1
1 1.22459e+08 0
699 0 0
0 0 1
1 1.22273e+08 0
700 0 0
0 0 1
1 1.22089e+08 0
701 0 0
0 0 1
1 1.21905e+08 0
702 0 0
0 0 1
1 1.21721e+08 0
703 0 0
0 0 1
1 1.21538e+08 0
704 0 0
0 0 1
1 1.21355e+08 0
705 0 0
0 0 1
1 1.21173e+08 0
706 0 0
0 0 1
1 1.2099e+08 0
707 0 0
0 0 1
1 1.20808e+08 0
708 0 0
0 0 1
1 1.20625e+08 0
709 0 0
0 0 1
1 1.20443e+08 0
710 0 0
0 0 1
1 1.2026e+08 0
711 0 0
0 0 1
1 1.20077e+08 0
712 0 0
0 0 1
1 1.19894e+08 0
713 0 0
0 0 1
1 1.1971e+08 0
714 0 0
0 0 1
1 1.19526e+08 0
715 0 0
0 0 1
1 1.19341e+08 0
716 0 0
0 0 1
1 1.19155e+08 0
717 0 0
0 0 1
1 1.18969e+08 0
718 0 0
0 0 1
1 1.18783e+08 0
719 0 0
0 0 1
1 1.18596e+08 0
720 0 0
0 0 1
1 1.18408e+08 0
721 0 0
0 0 1
1 1.1822e+08 0
722 0 0
0 0 1
1 1.18031e+08 0
723 0 0
0 0 1
1 1.17842e+08 0
724 0 0
0 0 1
1 1.17652e+08 0
725 0 0
0 0 1
1 1.17462e+08 0
726 0 0
0 0 1
1 1.17271e+08 0
727 0 0
0 0 1
1 1.1708e+08 0
728 0 0
0 0 1
1 1.16889e+08 0
729 0 0
0 0 1
1 1.16697e+08 0
730 0 0
0 0 1
1 1.16505e+08 0
731 0 0
0 0 1
1 1.16312e+08 0
732 0 0
0 0 1
1 1.16119e+08 0
733 0 0
0 0 1
1 1.15926e+08 0
734 0 0
0 0 1
1 1.15732e+08 0
735 0 0
0 0 1
1 1.15539e+08 0
736 0 0
0 0 1
1 1.15345e+08 0
737 0 0
0 0 1
1 1.15151e+08 0
738 0 0
0 0 1
1 1.14956e+08 0
739 0 0
0 0 1
1 1.14762e+08 0
740 0 0
0 0 1
1 1.14567e+08 0
741 0 0
0 0 1
1 1.14372e+08 0
742 0 0
0 0 1
1 1.14177e+08 0
743 0 0
0 0 1
1 1.13982e+08 0
744 0 0
0 0 1
1 1.13788e+08 0
745 0 0
0 0 1
1 1.13593e+08 0
746 0 0
0 0 1
1 1.13398e+08 0
747 0 0
0 0 1
1 1.13204e+08 0
748 0 0
0 0 1
1 1.1301e+08 0
749 0 0
0 0 1
1 1.12816e+08 0
750 0 0
0 0 1
1 1.12623e+08 0
751 0 0
0 0 1
1 1.1243e+08 0
752 0 0
0 0 1
1 1.12237e+08 0
753 0 0
0 0 1
1 1.12045e+08 0
754 0 0
0 0 1
1 1.11854e+08 0
755 0 0
0 0 1
1 1.11664e+08 0
756 0 0
0 0 1
1 1.11474e+08 0
757 0 0
0 0 1
1 1.11285e+08 0
758 0 0
0 0 1
1 1.11097e+08 0
759 0 0
0 0 1
1 1.1091e+08 0
760 0 0
0 0 1
1 1.10724e+08 0
761 0 0
0 0 1
1 1.10539e+08 0
762 0 0
0 0 1
1 1.10355e+08 0
763 0 0
0 0 1
1 1.10172e+08 0
764 0 0
0 0 1
1 1.09991e+08 0
765 0 0
0 0 1
1 1.09811e+08 0
766 0 0
0 0 1
1 1.09633e+08 0
767 0 0
0 0 1
1 1.09456e+08 0
768 0 0
0 0 1
1 1.09281e+08 0
769 0 0
0 0 1
1 1.09108e+08 0
770 0 0
0 0 1
1 1.08936e+08 0
771 0 0
0 0 1
1 1.08766e+08 0
772 0 0
0 0 1
1 1.08598e+08 0
773 0 0
0 0 1
1 1.08431e+08 0
774 0 0
0 0 1
1 1.08266e+08 0
775 0 0
0 0 1
1 1.08103e+08 0
776 0 0
0 0 1
1 1.07941e+08 0
777 0 0
0 0 1
1 1.07782e+08 0
778 0 0
0 0 1
1 1.07623e+08 0
779 0 0
0 0 1
1 1.07467e+08 0
780 0 0
0 0 1
1 1.07311e+08 0
781 0 0
0 0 1
1 1.07157e+08 0
782 0 0
0 0 1
1 1.07004e+08 0
783 0 0
0 0 1
1 1.06852e+08 0
784 0 0
0 0 1
1 1.06701e+08 0
785 0 0
0 0 1
1 1.06551e+08 0
786 0 0
0 0 1
1 1.06401e+08 0
787 0 0
0 0 1
1 1.06252e+08 0
788 0 0
0 0 1
1 1.06103e+08 0
789 0 0
0 0 1
1 1.05955e+08 0
790 0 0
0 0 1
1 1.05806e+08 0
791 0 0
0 0 1
1 1.05658e+08 0
792 0 0
0 0 1
1 1.0551e+08 0
793 0 0
0 0 1
1 1.05361e+08 0
794 0 0
0 0 1
1 1.05213e+08 0
795 0 0
0 0 1
1 1.05064e+08 0
796 0 0
0 0 1
1 1.04915e+08 0
797 0 0
0 0 1
1 1.04766e+08 0
798 0 0
0 0 1
1 1.04617e+08 0
799 0 0
0 0 1
1 1.04467e+08 0
800 0 0
0 0 1
1 1.04318e+08 0
801 0 0
0 0 1
1 1.04169e+08 0
802 0 0
0 0 1
1 1.04019e+08 0
803 0 0
0 0 1
1 1.0387e+08 0
804 0 0
0 0 1
1 1.03722e+08 0
805 0 0
0 0 1
1 1.03574e+08 0
806 0 0
0 0 1
1 1.03426e+08 0
807 0 0
0 0 1
1 1.03279e+08 0
808 0 0
0 0 1
1 1.03134e+08 0
809 0 0
0 0 1
1 1.02989e+08 0
810 0 0
0 0 1
1 1.02845e+08 0
811 0 0
0 0 1
1 1.02702e+08 0
812 0 0
0 0 1
1 1.02561e+08 0
813 0 0
0 0 1
1 1.02421e+08 0
814 0 0
0 0 1
1 1.02282e+08 0
815 0 0
0 0 1
1 1.02145e+08 0
816 0 0
0 0 1
1 1.02009e+08 0
817 0 0
0 0 1
1 1.01875e+08 0
818 0 0
0 0 1
1 1.01742e+08 0
819 0 0
0 0 1
1 1.01611e+08 0
820 0 0
0 0 1
1 1.01481e+08 0
821 0 0
0 0 1
1 1.01352e+08 0
822 0 0
0 0 1
1 1.01225e+08 0
823 0 0
0 0 1
1 1.01099e+08 0
824 0 0
0 0 1
1 1.00974e+08 0
825 0 0
0 0 1
1 1.0085e+08 0
826 0 0
0 0 1
1 1.00726e+08 0
827 0 0
0 0 1
1 1.00604e+08 0
828 0 0
0 0 1
1 1.00482e+08 0
829 0 0
0 0 1
1 1.00361e+08 0
830 0 0
0 0 1
1 1.0024e+08 0
831 0 0
0 0 1
1 1.00119e+08 0
832 0 0
0 0 1
1 9.99983e+07 0
833 0 0
0 0 1
1 9.98778e+07 0
834 0 0
0 0 1
1 9.97572e+07 0
835 0 0
0 0 1
1 9.96365e+07 0
836 0 0
0 0 1
1 9.95156e+07 0
837 0 0
0 0 1
1 9.93945e+07 0
838 0 0
0 0 1
1 9.92731e+07 0
839 0 0
0 0 1
1 9.91514e+07 0
840 0 0
0 0 1
1 9.90293e+07 0
841 0 0
0 0 1
1 9.8907e+07 0
842 0 0
0 0 1
1 9.87842e+07 0
843 0 0
0 0 1
1 9.86611e+07 0
844 0 0
0 0 1
1 9.85376e+07 0
845 0 0
0 0 1
1 9.84138e+07 0
846 0 0
0 0 1
1 9.82897e+07 0
847 0 0
0 0 1
1 9.81652e+07 0
848 0 0
0 0 1
1 9.80405e+07 0
849 0 0
0 0 1
1 9.79155e+07 0
850 0 0
0 0 1
1 9.77902e+07 0
851 0 0
0 0 1
1 9.76647e+07 0
852 0 0
0 0 1
1 9.7539e+07 0
853 0 0
0 0 1
1 9.74131e+07 0
854 0 0
0 0 1
1 9.7287e+07 0
855 0 0
0 0 1
1 9.71607e+07 0
856 0 0
0 0 1
1 9.70343e+07 0
857 0 0
0 0 1
1 9.69077e+07 0
858 0 0
0 0 1
1 9.6781e+07 0
859 0 0
0 0 1
1 9.66541e+07 0
860 0 0
0 0 1
1 9.6527e+07 0
861 0 0
0 0 1
1 9.63998e+07 0
862 0 0
0 0 1
1 9.62724e+07 0
863 0 0
0 0 1
1 9.61447e+07 0
864 0 0
0 0 1
1 9.60168e+07 0
865 0 0
0 0 1
1 9.58887e+07 0
866 0 0
0 0 1
1 9.57602e+07 0
867 0 0
0 0 1
1 9.56313e+07 0
868 0 0
0 0 1
1 9.5502e+07 0
869 0 0
0 0 1
1 9.53723e+07 0
870 0 0
0 0 1
1 9.52421e+07 0
871 0 0
0 0 1
1 9.51114e+07 0
872 0 0
0 0 1
1 9.498e+07 0
873 0 0
0 0 1
1 9.48481e+07 0
874 0 0
0 0 1
1 9.47155e+07 0
875 0 0
0 0 1
1 9.45822e+07 0
876 0 0
0 0 1
1 9.44481e+07 0
877 0 0
0 0 1
1 9.43134e+07 0
878 0 0
0 0 1
1 9.41778e+07 0
879 0 0
0 0 1
1 9.40414e+07 0
880 0 0
0 0 1
1 9.39043e+07 0
881 0 0
0 0 1
1 9.37663e+07 0
882 0 0
0 0 1
1 9.36275e+07 0
883 0 0
0 0 1
1 9.34878e+07 0
884 0 0
0 0 1
1 9.33473e+07 0
885 0 0
0 0 1
1 9.32059e+07 0
886 0 0
0 0 1
1 9.30636e+07 0
887 0 0
0 0 1
1 9.29204e+07 0
888 0 0
0 0 1
1 9.27763e+07 0
889 0 0
0 0 1
1 9.26313e+07 0
890 0 0
0 0 1
1 9.24854e+07 0
891 0 0
0 0 1
1 9.23385e+07 0
892 0 0
0 0 1
1 9.21906e+07 0
893 0 0
0 0 1
1 9.20416e+07 0
894 0 0
0 0 1
1 9.18917e+07 0
895 0 0
0 0 1
1 9.17407e+07 0
896 0 0
0 0 1
1 9.15886e+07 0
897 0 0
0 0 1
1 9.14354e+07 0
898 0 0
0 0 1
1 9.1281e+07 0
899 0 0
0 0 1
1 9.11256e+07 0
900 0 0
0 0 1
1 9.09691e+07 0
901 0 0
0 0 1
1 9.08114e+07 0
902 0 0
0 0 1
1 9.06527e+07 0
903 0 0
0 0 1
1 9.04928e+07 0
904 0 0
0 0 1
1 9.03319e+07 0
905 0 0
0 0 1
1 9.017e+07 0
906 0 0
0 0 1
1 9.00072e+07 0
907 0 0
0 0 1
1 8.98434e+07 0
908 0 0
0 0 1
1 8.96789e+07 0
909 0 0
0 0 1
1 8.95135e+07 0
910 0 0
0 0 1
1 8.93476e+07 0
911 0 0
0 0 1
1 8.9181e+07 0
912 0 0
0 0 1
1 8.90141e+07 0
913 0 0
0 0 1
1 8.88468e+07 0
914 0 0
0 0 1
1 8.86792e+07 0
915 0 0
0 0 1
1 8.85117e+07 0
916 0 0
0 0 1
1 8.83441e+07 0
917 0 0
0 0 1
1 8.81768e+07 0
918 0 0
0 0 1
1 8.80098e+07 0
919 0 0
0 0 1
1 8.78433e+07 0
920 0 0
0 0 1
1 8.76774e+07 0
921 0 0
0 0 1
1 8.75121e+07 0
922 0 0
0 0 1
1 8.73478e+07 0
923 0 0
0 0 1
1 8.71844e+07 0
924 0 0
0 0 1
1 8.70221e+07 0
925 0 0
0 0 1
1 8.68609e+07 0
926 0 0
0 0 1
1 8.6701e+07 0
927 0 0
0 0 1
1 8.65423e+07 0
928 0 0
0 0 1
1 8.6385e+07 0
929 0 0
0 0 1
1 8.62292e+07 0
930 0 0
0 0 1
1 8.60748e+07 0
931 0 0
0 0 1
1 8.59218e+07 0
932 0 0
0 0 1
1 8.57703e+07 0
933 0 0
0 0 1
1 8.56203e+07 0
934 0 0
0 0 1
1 8.54718e+07 0
935 0 0
0 0 1
1 8.53247e+07 0
936 0 0
0 0 1
1 8.51791e+07 0
937 0 0
0 0 1
1 8.5035e+07 0
938 0 0
0 0 1
1 8.48923e+07 0
939 0 0
0 0 1
1 8.4751e+07 0
940 0 0
0 0 1
1 8.4611e+07 0
941 0 0
0 0 1
1 8.44725e+07 0
942 0 0
0 0 1
1 8.43352e+07 0
943 0 0
0 0 1
1 8.41993e+07 0
944 0 0
0 0 1
1 8.40647e+07 0
945 0 0
0 0 1
1 8.39313e+07 0
946 0 0
0 0 1
1 8.37991e+07 0
947 0 0
0 0 1
1 8.36681e+07 0
948 0 0
0 0 1
1 8.35383e+07 0
949 0 0
0 0 1
1 8.34096e+07 0
950 0 0
0 0 1
1 8.32819e+07 0
951 0 0
0 0 1
1 8.31552e+07 0
952 0 0
0 0 1
1 8.30295e+07 0
953 0 0
0 0 1
1 8.29046e+07 0
954 0 0
0 0 1
1 8.27805e+07 0
955 0 0
0 0 1
1 8.26571e+07 0
956 0 0
0 0 1
1 8.25344e+07 0
957 0 0
0 0 1
1 8.24122e+07 0
958 0 0
0 0 1
1 8.22904e+07 0
959 0 0
0 0 1
1 8.21689e+07 0
960 0 0
0 0 1
1 8.20477e+07 0
961 0 0
0 0 1
1 8.19266e+07 0
962 0 0
0 0 1
1 8.18055e+07 0
963 0 0
0 0 1
1 8.16843e+07 0
964 0 0
0 0 1
1 8.15629e+07 0
965 0 0
0 0 1
1 8.14413e+07 0
966 0 0
0 0 1
1 8.13193e+07 0
967 0 0
0 0 1
1 8.11968e+07 0
968 0 0
0 0 1
1 8.10739e+07 0
969 0 0
0 0 1
1 8.09504e+07 0
970 0 0
0 0 1
1 8.08263e+07 0
971 0 0
0 0 1
1 8.07017e+07 0
972 0 0
0 0 1
1 8.05765e+07 0
973 0 0
0 0 1
1 8.04507e+07 0
974 0 0
0 0 1
1 8.03244e+07 0
975 0 0
0 0 1
1 8.01976e+07 0
976 0 0
0 0 1
1 8.00704e+07 0
977 0 0
0 0 1
1 7.99429e+07 0
978 0 0
0 0 1
1 7.98151e+07 0
979 0 0
0 0 1
1 7.96872e+07 0
980 0 0
0 0 1
1 7.95593e+07 0
981 0 0
0 0 1
1 7.94314e+07 0
982 0 0
0 0 1
1 7.93037e+07 0
983 0 0
0 0 1
1 7.91763e+07 0
984 0 0
0 0 1
1 7.90493e+07 0
985 0 0
0 0 1
1 7.89228e+07 0
986 0 0
0 0 1
1 7.87969e+07 0
987 0 0
0 0 1
1 7.86717e+07 0
988 0 0
0 0 1
1 7.85473e+07 0
989 0 0
0 0 1
1 7.84238e+07 0
990 0 0
0 0 1
1 7.83011e+07 0
991 0 0
0 0 1
1 7.81793e+07 0
992 0 0
0 0 1
1 7.80585e+07 0
993 0 0
0 0 1
1 7.79386e+07 0
994 0 0
0 0 1
1 7.78197e+07 0
995 0 0
0 0 1
1 7.77017e+07 0
996 0 0
0 0 1
1 7.75847e+07 0
997 0 0
0 0 1
1 7.74685e+07 0
998 0 0
0 0 1
1 7.73532e+07 0
999 0 0
0 0 1
1 7.72387e+07 0
1000 0 0
0 0 1
1 7.7125e+07 0
1001 0 0
0 0 1
1 7.70119e+07 0
1002 0 0
0 0 1
1 7.68995e+07 0
1003 0 0
0 0 1
1 7.67876e+07 0
1004 0 0
0 0 1
1 7.66763e+07 0
1005 0 0
0 0 1
1 7.65655e+07 0
1006 0 0
0 0 1
1 7.6455e+07 0
1007 0 0
0 0 1
1 7.63449e+07 0
1008 0 0
0 0 1
1 7.62351e+07 0
1009 0 0
0 0 1
1 7.61255e+07 0
1010 0 0
0 0 1
1 7.60161e+07 0
1011 0 0
0 0 1
1 7.59068e+07 0
1012 0 0
0 0 1
1 7.57976e+07 0
1013 0 0
0 0 1
1 7.56884e+07 0
1014 0 0
0 0 1
1 7.55791e+07 0
1015 0 0
0 0 1
1 7.54698e+07 0
1016 0 0
0 0 1
1 7.53603e+07 0
1017 0 0
0 0 1
1 7.52506e+07 0
1018 0 0
0 0 1
1 7.51406e+07 0
1019 0 0
0 0 1
1 7.50303e+07 0
1020 0 0
0 0 1
1 7.49197e+07 0
1021 0 0
0 0 1
1 7.48086e+07 0
1022 0 0
0 0 1
1 7.46971e+07 0
1023 0 0
0 0 1
1 7.45851e+07 0
1024 0 0
0 0 1
1 7.44725e+07 0
1025 0 0
0 0 1
1 7.43593e+07 0
1026 0 0
0 0 1
1 7.42455e+07 0
1027 0 0
0 0 1
1 7.4131e+07 0
1028 0 0
0 0 1
1 7.40159e+07 0
1029 0 0
0 0 1
1 7.38999e+07 0
1030 0 0
0 0 1
1 7.37832e+07 0
1031 0 0
0 0 1
1 7.36657e+07 0
1032 0 0
0 0 1
1 7.35474e+07 0
1033 0 0
0 0 1
1 7.34283e+07 0
1034 0 0
0 0 1
1 7.33083e+07 0
1035 0 0
0 0 1
1 7.31874e+07 0
1036 0 0
0 0 1
1 7.30656e+07 0
1037 0 0
0 0 1
1 7.2943e+07 0
1038 0 0
0 0 1
1 7.28195e+07 0
1039 0 0
0 0 1
1 7.26951e+07 0
1040 0 0
0 0 1
1 7.25699e+07 0
1041 0 0
0 0 1
1 7.24437e+07 0
1042 0 0
0 0 1
1 7.23168e+07 0
1043 0 0
0 0 1
1 7.21889e+07 0
1044 0 0
0 0 1
1 7.20603e+07 0
1045 0 0
0 0 1
1 7.19308e+07 0
1046 0 0
0 0 1
1 7.18006e+07 0
1047 0 0
0 0 1
1 7.16696e+07 0
1048 0 0
0 0 1
1 7.15378e+07 0
1049 0 0
0 0 1
1 7.14053e+07 0
1050 0 0
0 0 1
1 7.12721e+07 0
1051 0 0
0 0 1
1 7.11382e+07 0
1052 0 0
0 0 1
1 7.10036e+07 0
1053 0 0
0 0 1
1 7.08684e+07 0
1054 0 0
0 0 1
1 7.07325e+07 0
1055 0 0
0 0 1
1 7.05961e+07 0
1056 0 0
0 0 1
1 7.04592e+07 0
1057 0 0
0 0 1
1 7.03217e+07 0
1058 0 0
0 0 1
1 7.01837e+07 0
1059 0 0
0 0 1
1 7.00453e+07 0
1060 0 0
0 0 1
1 6.99065e+07 0
1061 0 0
0 0 1
1 6.97674e+07 0
1062 0 0
0 0 1
1 6.96279e+07 0
1063 0 0
0 0 1
1 6.94883e+07 0
1064 0 0
0 0 1
1 6.93485e+07 0
1065 0 0
0 0 1
1 6.92087e+07 0
1066 0 0
0 0 1
1 6.90689e+07 0
1067 0 0
0 0 1
1 6.89292e+07 0
1068 0 0
0 0 1
1 6.87896e+07 0
1069 0 0
0 0 1
1 6.86504e+07 0
1070 0 0
0 0 1
1 6.85115e+07 0
1071 0 0
0 0 1
1 6.83731e+07 0
1072 0 0
0 0 1
1 6.82353e+07 0
1073 0 0
0 0 1
1 6.80981e+07 0
1074 0 0
0 0 1
1 6.79617e+07 0
1075 0 0
0 0 1
1 6.78261e+07 0
1076 0 0
0 0 1
1 6.76915e+07 0
1077 0 0
0 0 1
1 6.75578e+07 0
1078 0 0
0 0 1
1 6.74253e+07 0
1079 0 0
0 0 1
1 6.72938e+07 0
1080 0 0
0 0 1
1 6.71636e+07 0
1081 0 0
0 0 1
1 6.70347e+07 0
1082 0 0
0 0 1
1 6.69071e+07 0
1083 0 0
0 0 1
1 6.67808e+07 0
1084 0 0
0 0 1
1 6.6656e+07 0
1085 0 0
0 0 1
1 6.65326e+07 0
1086 0 0
0 0 1
1 6.64106e+07 0
1087 0 0
0 0 1
1 6.629e+07 0
1088 0 0
0 0 1
1 6.61709e+07 0
1089 0 0
0 0 1
1 6.60533e+07 0
1090 0 0
0 0 1
1 6.59371e+07 0
1091 0 0
0 0 1
1 6.58224e+07 0
1092 0 0
0 0 1
1 6.57091e+07 0
1093 0 0
0 0 1
1 6.55972e+07 0
1094 0 0
0 0 1
1 6.54867e+07 0
1095 0 0
0 0 1
1 6.53775e+07 0
1096 0 0
0 0 1
1 6.52697e+07 0
1097 0 0
0 0 1
1 6.51631e+07 0
1098 0 0
0 0 1
1 6.50578e+07 0
1099 0 0
0 0 1
1 6.49537e+07 0
1100 0 0
0 0 1
1 6.48509e+07 0
1101 0 0
0 0 1
1 6.47492e+07 0
1102 0 0
0 0 1
1 6.46486e+07 0
1103 0 0
0 0 1
1 6.45492e+07 0
1104 0 0
0 0 1
1 6.44509e+07 0
1105 0 0
0 0 1
1 6.43537e+07 0
1106 0 0
0 0 1
1 6.42576e+07 0
1107 0 0
0 0 1
1 6.41626e+07 0
1108 0 0
0 0 1
1 6.40687e+07 0
1109 0 0
0 0 1
1 6.39758e+07 0
1110 0 0
0 0 1
1 6.38841e+07 0
1111 0 0
0 0 1
1 6.37935e+07 0
1112 0 0
0 0 1
1 6.37041e+07 0
1113 0 0
0 0 1
1 6.36159e+07 0
1114 0 0
0 0 1
1 6.35289e+07 0
1115 0 0
0 0 1
1 6.34431e+07 0
1116 0 0
0 0 1
1 6.33586e+07 0
1117 0 0
0 0 1
1 6.32753e+07 0
1118 0 0
0 0 1
1 6.31934e+07 0
1119 0 0
0 0 1
1 6.31129e+07 0
1120 0 0
0 0 1
1 6.30336e+07 0
1121 0 0
0 0 1
1 6.29557e+07 0
1122 0 0
0 0 1
1 6.28791e+07 0
1123 0 0
0 0 1
1 6.28038e+07 0
1124 0 0
0 0 1
1 6.27297e+07 0
1125 0 0
0 0 1
1 6.26567e+07 0
1126 0 0
0 0 1
1 6.25849e+07 0
1127 0 0
0 0 1
1 6.25141e+07 0
1128 0 0
0 0 1
1 6.24442e+07 0
1129 0 0
0 0 1
1 6.23751e+07 0
1130 0 0
0 0 1
1 6.23066e+07 0
1131 0 0
0 0 1
1 6.22387e+07 0
1132 0 0
0 0 1
1 6.21712e+07 0
1133 0 0
0 0 1
1 6.21038e+07 0
1134 0 0
0 0 1
1 6.20366e+07 0
1135 0 0
0 0 1
1 6.19692e+07 0
1136 0 0
0 0 1
1 6.19015e+07 0
1137 0 0
0 0 1
1 6.18333e+07 0
1138 0 0
0 0 1
1 6.17645e+07 0
1139 0 0
0 0 1
1 6.16948e+07 0
1140 0 0
0 0 1
1 6.16242e+07 0
1141 0 0
0 0 1
1 6.15524e+07 0
1142 0 0
0 0 1
1 6.14793e+07 0
1143 0 0
0 0 1
1 6.14047e+07 0
1144 0 0
0 0 1
1 6.13285e+07 0
1145 0 0
0 0 1
1 6.12506e+07 0
1146 0 0
0 0 1
1 6.11709e+07 0
1147 0 0
0 0 1
1 6.10893e+07 0
1148 0 0
0 0 1
1 6.10057e+07 0
1149 0 0
0 0 1
1 6.092e+07 0
1150 0 0
0 0 1
1 6.08322e+07 0
1151 0 0
0 0 1
1 6.07423e+07 0
1152 0 0
0 0 1
1 6.06502e+07 0
1153 0 0
0 0 1
1 6.05561e+07 0
1154 0 0
0 0 1
1 6.04598e+07 0
1155 0 0
0 0 1
1 6.03615e+07 0
1156 0 0
0 0 1
1 6.02612e+07 0
1157 0 0
0 0 1
1 6.0159e+07 0
1158 0 0
0 0 1
1 6.0055e+07 0
1159 0 0
0 0 1
1 5.99493e+07 0
1160 0 0
0 0 1
1 5.98421e+07 0
1161 0 0
0 0 1
1 5.97333e+07 0
1162 0 0
0 0 1
1 5.96233e+07 0
1163 0 0
0 0 1
1 5.95121e+07 0
1164 0 0
0 0 1
1 5.93999e+07 0
1165 0 0
0 0 1
1 5.92868e+07 0
1166 0 0
0 0 1
1 5.91731e+07 0
1167 0 0
0 0 1
1 5.90589e+07 0
1168 0 0
0 0 1
1 5.89443e+07 0
1169 0 0
0 0 1
1 5.88296e+07 0
1170 0 0
0 0 1
1 5.87148e+07 0
1171 0 0
0 0 1
1 5.86001e+07 0
1172 0 0
0 0 1
1 5.84857e+07 0
1173 0 0
0 0 1
1 5.83717e+07 0
1174 0 0
0 0 1
1 5.82582e+07 0
1175 0 0
0 0 1
1 5.81454e+07 0
1176 0 0
0 0 1
1 5.80332e+07 0
1177 0 0
0 0 1
1 5.79219e+07 0
1178 0 0
0 0 1
1 5.78114e+07 0
1179 0 0
0 0 1
1 5.77018e+07 0
1180 0 0
0 0 1
1 5.75932e+07 0
1181 0 0
0 0 1
1 5.74855e+07 0
1182 0 0
0 0 1
1 5.73788e+07 0
1183 0 0
0 0 1
1 5.72731e+07 0
1184 0 0
0 0 1
1 5.71683e+07 0
1185 0 0
0 0 1
1 5.70644e+07 0
1186 0 0
0 0 1
1 5.69614e+07 0
1187 0 0
0 0 1
1 5.68592e+07 0
1188 0 0
0 0 1
1 5.67578e+07 0
1189 0 0
0 0 1
1 5.66571e+07 0
1190 0 0
0 0 1
1 5.65571e+07 0
1191 0 0
0 0 1
1 5.64577e+07 0
1192 0 0
0 0 1
1 5.63588e+07 0
1193 0 0
0 0 1
1 5.62603e+07 0
1194 0 0
0 0 1
1 5.61624e+07 0
1195 0 0
0 0 1
1 5.60648e+07 0
1196 0 0
0 0 1
1 5.59676e+07 0
1197 0 0
0 0 1
1 5.58707e+07 0
1198 0 0
0 0 1
1 5.57741e+07 0
1199 0 0
0 0 1
1 5.56778e+07 0
1200 0 0
0 0 1
1 5.55818e+07 0
1201 0 0
0 0 1
1 5.54861e+07 0
1202 0 0
0 0 1
1 5.53906e+07 0
1203 0 0
0 0 1
1 5.52954e+07 0
1204 0 0
0 0 1
1 5.52005e+07 0
1205 0 0
0 0 1
1 5.51058e+07 0
1206 0 0
0 0 1
1 5.50114e+07 0
1207 0 0
0 0 1
1 5.49173e+07 0
1208 0 0
0 0 1
1 5.48235e+07 0
1209 0 0
0 0 1
1 5.47298e+07 0
1210 0 0
0 0 1
1 5.46365e+07 0
1211 0 0
0 0 1
1 5.45433e+07 0
1212 0 0
0 0 1
1 5.44504e+07 0
1213 0 0
0 0 1
1 5.43576e+07 0
1214 0 0
0 0 1
1 5.4265e+07 0
1215 0 0
0 0 1
1 5.41725e+07 0
1216 0 0
0 0 1
1 5.40801e+07 0
1217 0 0
0 0 1
1 5.39878e+07 0
1218 0 0
0 0 1
1 5.38955e+07 0
1219 0 0
0 0 1
1 5.38032e+07 0
1220 0 0
0 0 1
1 5.3711e+07 0
1221 0 0
0 0 1
1 5.36187e+07 0
1222 0 0
0 0 1
1 5.35264e+07 0
1223 0 0
0 0 1
1 5.34341e+07 0
1224 0 0
0 0 1
1 5.33418e+07 0
1225 0 0
0 0 1
1 5.32496e+07 0
1226 0 0
0 0 1
1 5.31574e+07 0
1227 0 0
0 0 1
1 5.30653e+07 0
-1 0 0
