SIMFIT 1
1   430706887
2   428213354
3   426957358
4   426395272
5   425507005
6   424332418
7   423361254
8   422235111
9   420138130
10   417014635
11   413343555
12   409039574
13   403860389
14   398947982
15   396500039
16   397078316
17   398167573
18   396525777
19   391673913
20   386154968
21   382459306
22   380611866
23   378953475
24   376389596
25   373212368
26   370142978
27   367333172
28   364411629
29   361075035
30   357383097
31   353607952
32   349979706
33   346611442
34   343613865
35   341182468
36   339450304
37   338210883
38   336862108
39   334713663
40   331401271
41   327096871
42   322433270
43   318177485
44   314764429
45   312049714
46   309622351
47   307362538
48   305457154
49   303788566
50   301679422
51   298621969
52   295084674
53   292133879
54   290238434
55   288864842
56   287341771
57   285660575
58   284158703
59   282837779
60   281464210
61   280106862
62   279021448
63   278026943
64   276519136
65   274227339
66   271495776
67   268602225
68   265280876
69   261380470
70   257697111
71   255507348
72   255135823
73   255338746
74   254276930
75   250973538
76   245930446
77   240757744
78   237301999
79   236556007
80   237808239
81   238939406
82   238075126
83   235169229
84   231800845
85   229399873
86   227928181
87   226342271
88   223973363
89   221168108
90   218784029
91   217390535
92   216891597
93   216607011
94   215675510
95   213621095
96   210626573
97   207168302
98   203502020
99   199804727
100   196722886
101   195176435
102   195282856
103   195898370
104   195718736
105   194562964
106   193007996
107   191043239
108   188069768
109   184441493
110   181936256
111   181786988
112   182769495
113   182317929
114   179489811
115   175846003
116   173194408
117   171469644
118   169476862
119   166956584
120   164905832
121   164075157
122   164042040
123   163850817
124   162890450
125   161023318
126   158501500
127   155988776
128   154082451
129   152537787
130   150567171
131   148267991
132   147027747
133   147778738
134   149378278
135   149704710
136   148160711
137   146048552
138   144442767
139   142913943
140   140882906
141   139114387
142   138784683
143   139645179
144   140285523
145   140053381
146   139576062
147   139236471
148   138249961
149   135822489
150   132413439
151   129100675
152   126231557
153   123549951
154   121357955
155   120546030
156   121264684
157   122301568
158   122242118
159   120941690
160   119526793
161   119113202
162   119736748
163   120431029
164   120242671
165   119274135
166   118689723
167   119403429
168   120745336
169   120860404
170   118627100
171   114768595
172   110804500
173   107463589
174   104745598
175   103082728
176   103333372
177   105396641
178   107711588
179   108698705
180   108176522
181   106803312
182   104642590
183   101192648
184   96770368
185   92944649
186   91152439
187   91341418
188   92365439
189   93349694
190   94171640
191   94810349
192   94891230
193   94132453
194   92876939
195   91778929
196   91006295
197   90094373
198   88756990
199   87580463
200   87460017
201   88253242
202   88493267
203   86993461
204   84583174
