##TITLE= Parameter file, TopSpin 3.5 pl 6
##JCAMPDX= 5.0
##DATATYPE= Parameter Values
##NPOINTS= 1	$$ modification sequence number
##ORIGIN= Bruker BioSpin GmbH
##OWNER= nmrsu
$$ 2017-12-01 16:46:47.156 +0100  nmrsu@CZC7097TW4
$$ /opt/topspin3.5pl6/data/e3b/joachim/87Rb-CRN/15/pdata/1/clevels
$$ process /opt/topspin3.5pl6/prog/mod/edparproc
##$LEVELS= (0..255)
-2155479.41685947 -1197488.56492193 -665271.424956626 -369595.236087014
-205330.686715008 -114072.60373056 -63373.6687392 -35207.593744 35207.593744
63373.6687392 114072.60373056 205330.686715008 369595.236087014 665271.424956626
1197488.56492193 2155479.41685947 0 0 0 0 0 0 0 0 0 0 0 0 0 0 0 0 0 0 0
0 0 0 0 0 0 0 0 0 0 0 0 0 0 0 0 0 0 0 0 0 0 0 0 0 0 0 0 0 0 0 0 0 0 0 0
0 0 0 0 0 0 0 0 0 0 0 0 0 0 0 0 0 0 0 0 0 0 0 0 0 0 0 0 0 0 0 0 0 0 0 0
0 0 0 0 0 0 0 0 0 0 0 0 0 0 0 0 0 0 0 0 0 0 0 0 0 0 0 0 0 0 0 0 0 0 0 0
0 0 0 0 0 0 0 0 0 0 0 0 0 0 0 0 0 0 0 0 0 0 0 0 0 0 0 0 0 0 0 0 0 0 0 0
0 0 0 0 0 0 0 0 0 0 0 0 0 0 0 0 0 0 0 0 0 0 0 0 0 0 0 0 0 0 0 0 0 0 0 0
0 0 0 0 0 0 0 0 0 0 0 0 0 0 0 0 0 0 0 0 0 0 0 0 0 0 0 0 0 0 0 0 0 0 0 0
0 0 0 0 0
##$LEVSIGN= 3
##$MAXLEV= 8
##$METHOD= 0
##$NEGBASE= -35207.593744
##$NEGINCR= 1.8
##$POSBASE= 35207.593744
##$POSINCR= 1.8
##END=
