61
9e-06 0 0
0 0 1
9061.8 4.12013e+08 16783
1.5e-05 0 0
0 0 1
9061 0 0
2.4e-05 0 0
0 0 1
9061 0 0
4e-05 0 0
0 0 1
9061 0 0
6.5e-05 0 0
0 0 1
9061 0 0
0.000107 0 0
0 0 1
9061 0 0
0.000176 0 0
0 0 1
9061 0 0
0.000289 0 0
0 0 1
9061 0 0
0.000475 0 0
0 0 1
9061 0 0
0.00078 0 0
0 0 1
9061 0 0
1.2e-05 0 0
0 0 1
9065.27 3.2087e+08 11842
1.9e-05 0 0
0 0 1
9061 0 0
3.1e-05 0 0
0 0 1
9061 0 0
5.1e-05 0 0
0 0 1
9061 0 0
8.4e-05 0 0
0 0 1
9061 0 0
0.000138 0 0
0 0 1
9061 0 0
0.000226 0 0
0 0 1
9061 0 0
0.000371 0 0
0 0 1
9061 0 0
0.000609 0 0
0 0 1
9061 0 0
0.001 0 0
0 0 1
9061 0 0
-1 0 0
