SIMFIT 1
1   429004903
2   428395473
3   427920232
4   427435484
5   426887209
6   426377584
7   426025240
8   425795823
9   425513653
10   425037371
11   424385850
12   423681271
13   423017256
14   422428149
15   421945658
16   421587482
17   421269604
18   420829646
19   420219766
20   419618103
21   419239780
22   419050943
23   418782750
24   418249376
25   417540397
26   416847001
27   416216144
28   415587677
29   414988227
30   414520375
31   414160203
32   413720385
33   413076559
34   412327117
35   411661689
36   411158572
37   410787331
38   410520276
39   410318130
40   410052408
41   409586906
42   408955447
43   408350028
44   407899746
45   407554506
46   407224423
47   406925741
48   406698194
49   406446256
50   405979741
51   405215100
52   404268941
53   403349278
54   402597667
55   402018953
56   401506320
57   400944624
58   400344443
59   399855295
60   399576262
61   399379847
62   399035019
63   398508422
64   397999770
65   397617375
66   397171751
67   396435539
68   395501713
69   394679634
70   394064231
71   393439039
72   392671841
73   391983409
74   391644114
75   391538234
76   391263801
77   390644096
78   389921592
79   389387644
80   389011381
81   388568833
82   388009433
83   387505925
84   387170189
85   386892869
86   386505203
87   385966823
88   385319519
89   384562795
90   383693514
91   382815029
92   382070232
93   381458162
94   380838895
95   380165763
96   379593585
97   379249602
98   378978528
99   378480394
100   377707693
101   376961848
102   376516190
103   376283705
104   376005434
105   375668215
106   375504143
107   375556211
108   375486242
109   374969776
110   374125259
111   373333627
112   372701337
113   371957033
114   370919217
115   369818855
116   369004653
117   368501263
118   368074297
119   367639828
120   367349240
121   367248694
122   367104819
123   366701135
124   366135851
125   365642717
126   365214601
127   364621206
128   363795319
129   362993017
130   362480073
131   362200184
132   361883338
133   361404403
134   360884857
135   360448722
136   360025673
137   359475222
138   358828347
139   358285699
140   357945350
141   357600600
142   356899819
143   355744418
144   354479486
145   353604096
146   353271422
147   353144098
148   352789823
149   352148270
150   351513418
151   351106728
152   350828196
153   350469056
154   350011210
155   349577535
156   349170956
157   348645539
158   347950089
159   347245203
160   346705059
161   346307025
162   345901071
163   345401551
164   344808036
165   344115186
166   343358784
167   342730282
168   342454530
169   342467705
170   342353504
171   341742517
172   340723646
173   339735858
174   339081177
175   338676562
176   338282270
177   337806933
178   337302697
179   336791919
180   336253798
181   335738742
182   335341267
183   335033572
184   334643905
185   334056881
186   333351949
187   332678576
188   332064377
189   331433599
190   330770469
191   330154980
192   329632597
193   329146477
194   328641381
195   328166951
196   327816855
197   327593901
198   327382467
199   327041112
200   326494814
201   325764023
202   324946776
203   324156070
204   323427975
205   322697192
206   321906170
207   321128265
208   320519816
209   320135477
210   319853007
211   319516283
212   319095424
213   318646820
214   318164456
215   317574875
216   316891149
217   316269884
218   315834757
219   315480593
220   314942154
221   314081044
222   313052103
223   312148198
224   311513848
225   311065031
226   310675784
227   310353824
228   310166488
229   310040816
230   309753017
231   309164285
232   308399523
233   307720794
234   307256980
235   306931330
236   306625892
237   306301481
238   305926576
239   305406489
240   304685803
241   303867743
242   303123540
243   302492973
244   301867282
245   301172619
246   300471124
247   299846201
248   299278330
249   298700760
250   298118910
251   297602345
252   297193015
253   296881857
254   296638544
255   296394565
256   296033502
257   295491739
258   294857492
259   294273513
260   293741272
261   293136033
262   292445238
263   291858348
264   291525027
265   291321708
266   290989093
267   290452096
268   289864149
269   289346734
270   288834437
271   288219998
272   287525010
273   286845679
274   286219212
275   285638109
276   285134992
277   284746668
278   284417361
279   284032104
280   283545029
281   283000931
282   282438529
283   281859793
284   281302073
285   280838419
286   280453445
287   279993212
288   279316008
289   278467693
290   277652228
291   277039056
292   276630728
293   276295924
294   275894143
295   275387127
296   274866397
297   274459113
298   274178985
299   273891029
300   273450962
301   272847281
302   272173554
303   271514290
304   270922703
305   270453572
306   270103224
307   269734165
308   269193192
309   268531991
310   267979372
311   267632258
312   267301229
313   266764246
314   266060693
315   265390015
316   264803988
317   264188934
318   263524958
319   262948600
320   262508929
321   262058006
322   261493913
323   260952343
324   260600156
325   260346519
326   259937980
327   259287568
328   258536580
329   257816683
330   257139277
331   256539757
332   256134174
333   255937023
334   255762665
335   255420731
336   254915014
337   254354347
338   253771145
339   253150761
340   252546344
341   252003307
342   251424065
343   250686374
344   249883394
345   249259870
346   248877853
347   248528827
348   248051878
349   247559130
350   247209976
351   246907173
352   246411532
353   245695916
354   244996774
355   244519639
356   244249879
357   244058895
358   243832549
359   243455644
360   242835716
361   242038815
362   241284613
363   240704307
364   240195130
365   239613153
366   239007768
367   238520892
368   238122282
369   237623948
370   236956530
371   236269270
372   235717173
373   235288714
374   234905307
375   234561861
376   234270693
377   233960163
378   233545156
379   233049937
380   232564137
381   232117333
382   231690636
383   231308142
384   230996533
385   230669439
386   230182836
387   229528247
388   228853665
389   228251930
390   227646283
391   226961641
392   226306758
393   225868553
394   225672184
395   225551981
396   225333834
397   224943605
398   224352758
399   223547098
400   222595438
401   221657133
402   220851536
403   220162957
404   219521638
405   218936308
406   218491569
407   218234318
408   218103791
409   217960095
410   217660461
411   217147831
412   216514830
413   215956004
414   215594119
415   215345728
416   214995591
417   214409141
418   213649778
419   212902625
420   212319731
421   211922525
422   211600058
423   211200282
424   210672565
425   210123775
426   209682664
427   209312901
428   208839319
429   208178645
430   207447248
431   206778685
432   206129667
433   205385464
434   204607938
435   204027875
436   203765035
437   203675453
438   203531568
439   203256645
440   202906347
441   202505292
442   202022798
443   201484294
444   200986611
445   200570583
446   200152795
447   199624820
448   198979148
449   198310373
450   197728192
451   197290548
452   196979784
453   196707619
454   196371613
455   195944980
456   195494589
457   195081095
458   194667651
459   194177445
460   193631358
461   193160357
462   192842485
463   192563047
464   192097243
465   191351842
466   190497218
467   189823806
468   189460715
469   189257685
470   188954708
471   188436406
472   187786170
473   187127120
474   186499694
475   185918582
476   185453231
477   185155871
478   184945786
479   184669411
480   184284212
481   183894965
482   183584341
483   183298084
484   182948293
485   182541751
486   182114753
487   181602111
488   180898874
489   180055212
490   179297919
491   178811317
492   178562487
493   178377320
494   178118079
495   177732315
496   177194586
497   176499222
498   175710530
499   174951044
500   174312961
501   173801701
502   173365523
503   172957430
504   172573486
505   172250660
506   172014268
507   171810344
508   171523746
509   171103312
510   170634136
511   170224138
512   169849129
513   169400499
514   168877661
515   168413700
516   168066620
517   167698046
518   167150818
519   166471054
520   165847493
521   165382403
522   165040978
523   164789664
524   164627170
525   164454909
526   164073995
527   163406189
528   162622607
529   161954601
530   161442658
531   160965852
532   160451537
533   159924735
534   159378863
535   158751324
536   158068324
537   157491346
538   157131936
539   156878714
540   156489719
541   155846489
542   155078174
543   154444034
544   154103295
545   153969890
546   153789128
547   153405735
548   152955359
549   152703392
550   152665720
551   152508710
552   151923922
553   151009000
554   150137334
555   149512884
556   149034873
557   148587071
558   148232219
559   148026798
560   147838135
561   147520560
562   147157961
563   146933208
564   146806514
565   146526749
566   145975228
567   145313444
568   144731841
569   144215666
570   143660042
571   143087947
572   142619739
573   142296840
574   142055930
575   141830446
576   141569865
577   141208730
578   140742798
579   140299647
580   139985334
581   139672101
582   139116836
583   138337310
584   137686237
585   137423435
586   137347019
587   137023672
588   136323426
589   135546262
590   135021782
591   134754572
592   134518297
593   134156694
594   133686456
595   133182191
596   132672363
597   132135849
598   131540131
599   130898349
600   130323952
601   129981541
602   129916264
603   129959354
604   129873771
605   129579922
606   129169843
607   128717670
608   128180788
609   127524258
610   126856598
611   126360004
612   126100091
613   125947503
614   125684794
615   125185219
616   124523240
617   123928367
618   123581684
619   123415777
620   123155949
621   122613932
622   121908770
623   121330381
624   121007856
625   120800333
626   120520197
627   120162997
628   119859839
629   119671300
630   119511214
631   119256897
632   118874233
633   118435490
634   118051894
635   117778845
636   117551368
637   117229047
638   116748368
639   116213214
640   115777461
641   115450416
642   115095979
643   114632277
644   114135092
645   113692146
646   113249256
647   112709351
648   112135954
649   111717641
650   111502918
651   111285085
652   110823369
653   110110439
654   109346028
655   108701684
656   108211499
657   107867028
658   107684019
659   107617485
660   107501444
661   107173128
662   106643423
663   106081473
664   105636521
665   105324840
666   105077592
667   104824388
668   104509380
669   104094616
670   103599680
671   103101056
672   102647043
673   102208692
674   101765954
675   101395764
676   101176290
677   101007329
678   100642815
679   99964827
680   99148505
681   98474304
682   98028842
683   97684128
684   97331606
685   97002171
686   96733554
687   96453293
688   96084950
689   95692713
690   95410040
691   95248793
692   95072765
693   94759283
694   94308709
695   93790724
696   93266286
697   92786831
698   92389517
699   92042329
700   91652205
701   91185206
702   90737224
703   90429155
704   90266747
705   90161558
706   90051195
707   89917757
708   89710350
709   89355524
710   88869912
711   88374251
712   87944861
713   87515573
714   86987662
715   86390365
716   85860722
717   85482387
718   85207786
719   84939199
720   84635977
721   84331202
722   84075575
723   83876143
724   83678186
725   83413814
726   83071714
727   82684725
728   82238981
729   81672501
730   81026879
731   80513909
732   80289919
733   80193576
734   79885748
735   79291267
736   78721319
737   78448375
738   78326774
739   78023112
740   77511505
741   77090388
742   76924924
743   76834176
744   76608408
745   76299943
746   76040220
747   75751419
748   75266538
749   74650913
750   74176018
751   73977318
752   73916875
753   73789381
754   73489512
755   72966267
756   72230539
757   71494733
758   71097402
759   71119497
760   71207472
761   70959547
762   70397908
763   69866711
764   69530320
765   69211978
766   68741402
767   68220421
768   67841945
769   67628685
770   67487537
771   67384786
772   67306295
773   67134132
774   66736464
775   66148361
776   65521973
777   64926284
778   64342758
779   63834127
780   63524996
781   63367039
782   63103583
783   62584996
784   62000792
785   61660874
786   61607559
787   61572601
788   61297202
789   60790472
790   60275086
791   59958418
792   59856516
793   59782536
794   59522879
795   59079923
796   58700041
797   58580056
798   58597424
799   58459958
800   58093658
801   57706612
802   57438937
803   57146214
804   56645474
805   56015840
806   55484370
807   55120767
808   54843865
809   54665169
810   54680611
811   54793370
812   54685276
813   54193986
814   53560561
815   53144496
816   52981904
817   52776566
818   52281441
819   51550245
820   50829973
821   50332443
822   50118946
823   50095798
824   50082679
825   49945559
826   49678669
827   49327125
828   48890840
829   48405658
830   48051985
831   47989383
832   48064453
833   47891536
834   47321895
835   46648117
836   46195384
837   45886400
838   45440689
839   44879314
840   44516854
841   44455860
842   44416468
843   44186358
844   43951260
845   43954541
846   44035690
847   43806722
848   43203397
849   42558365
850   42111993
851   41731666
852   41220136
853   40671058
854   40338129
855   40281200
856   40317504
857   40253707
858   40015590
859   39604761
860   39094659
861   38658649
862   38440492
863   38358408
864   38158122
865   37706040
866   37134439
867   36662748
868   36382362
869   36264490
870   36252856
871   36247724
872   36101584
873   35776913
874   35465514
875   35407596
876   35592886
877   35763988
878   35723506
879   35505147
880   35209678
881   34830577
882   34353323
883   33907571
884   33645886
885   33499421
886   33222920
887   32726037
888   32227952
889   31993734
890   31999375
891   31968428
892   31708509
893   31294557
894   30894507
895   30516160
896   30020046
897   29360388
898   28720721
899   28359011
900   28342669
901   28477425
902   28493364
903   28265657
904   27851358
905   27365408
906   26872567
907   26383923
908   25898852
909   25427950
910   25007334
911   24709642
912   24606236
913   24681543
914   24801416
915   24806997
916   24644889
917   24383922
918   24111984
919   23852720
920   23588778
921   23321396
922   23065848
923   22800473
924   22466099
925   22043072
926   21614791
927   21315847
928   21187765
929   21097842
930   20848317
931   20394783
932   19926499
933   19683752
