SIMFIT 1
1   421961089
2   420218280
3   418036583
4   415889833
5   414417866
6   413550884
7   412504629
8   410713219
9   408438582
10   406342040
11   404773542
12   403673872
13   402854083
14   402011808
15   400650319
16   398434211
17   395693958
18   393251356
19   391587157
20   390378285
21   388998158
22   387306863
23   385760640
24   384809099
25   384335708
26   383694051
27   382251761
28   379972349
29   377524187
30   375712610
31   374691476
32   373808332
33   372332226
34   370231666
35   368080485
36   366312297
37   364838445
38   363391234
39   361923566
40   360515545
41   359124860
42   357669340
43   356233879
44   354952352
45   353727927
46   352297214
47   350589164
48   348828851
49   347239076
50   345805128
51   344395735
52   342953492
53   341470300
54   339924063
55   338375992
56   337010233
57   335896888
58   334774547
59   333265364
60   331334095
61   329391376
62   327883300
63   326849563
64   325892857
65   324499284
66   322418237
67   319895801
68   317580059
69   316012286
70   315067791
71   314010224
72   312257109
73   310017998
74   307999563
75   306526212
76   305183040
77   303386672
78   301103609
79   298858795
80   297163218
81   296108323
82   295456267
83   294912818
84   294252441
85   293328824
86   292104606
87   290657551
88   289078723
89   287345972
90   285343568
91   283060207
92   280780496
93   279009097
94   278068038
95   277701305
96   277183124
97   275973688
98   274262142
99   272725133
100   271735367
101   270974835
102   269898446
103   268383012
104   266728775
105   265163277
106   263653351
107   262225648
108   261147260
109   260571755
110   260174528
111   259394871
112   258008238
113   256268329
114   254510593
115   252848810
116   251317893
117   250062311
118   249164535
119   248391207
120   247346371
121   245905003
122   244334342
123   242926241
124   241636675
125   240190042
126   238468690
127   236683217
128   235164697
129   234077228
130   233354398
131   232838546
132   232408571
133   231986169
134   231497542
135   230893010
136   230188254
137   229405906
138   228431796
139   227001625
140   224957868
141   222550706
142   220383631
143   218964578
144   218312580
145   218018307
146   217618865
147   216858488
148   215688941
149   214193797
150   212541608
151   210890890
152   209287144
153   207727798
154   206328773
155   205273152
156   204524140
157   203754802
158   202717052
159   201557834
160   200574323
161   199762623
162   198894776
163   198014244
164   197473439
165   197315469
166   196961218
167   195851631
168   194215761
169   192811473
170   191973654
171   191350636
172   190637791
173   190081348
174   189951709
175   189884246
176   189226333
177   187921953
178   186582565
179   185634958
180   184822709
181   183725137
182   182404243
183   181226148
184   180268078
185   179275702
186   178141055
187   177070201
188   176219125
189   175448801
190   174577041
191   173670066
192   172907825
193   172266817
194   171495005
195   170366550
196   168879560
197   167269182
198   165905772
199   165083941
200   164779349
201   164663046
202   164460423
203   164206314
204   163989792
205   163562631
206   162515233
207   160901216
208   159382812
209   158534529
210   158169558
211   157593434
212   156426086
213   154918073
214   153500862
215   152336195
216   151399808
217   150727475
218   150340321
219   150048230
220   149559675
221   148780019
222   147861542
223   146992683
224   146291503
225   145865989
226   145738661
227   145626975
228   145017665
229   143673791
230   141995308
231   140681206
232   140033704
233   139753071
234   139425743
235   139006123
236   138690896
237   138480698
238   138114697
239   137454079
240   136722807
241   136232389
242   135958287
243   135543453
244   134727155
245   133647132
246   132647759
247   131858320
248   131074196
249   130083611
250   129028802
251   128321353
252   128143208
253   128109114
254   127584181
255   126403798
256   125140724
257   124470150
258   124315778
259   123900218
260   122764111
261   121462894
262   120919560
263   121195561
264   121351122
265   120654246
266   119494578
267   118721992
268   118375942
269   117673585
270   116283306
271   114979510
272   114642416
273   115002752
274   114938206
275   113906251
276   112529193
277   111657345
278   111359492
279   111146906
280   110815395
281   110584623
282   110538389
283   110417137
284   110043874
285   109571714
286   109140362
287   108604096
288   107855819
289   107180073
290   106931710
291   106956941
292   106700416
293   105931142
294   105032442
295   104424795
296   103990857
297   103349989
298   102532227
299   102009249
300   102014104
301   102135905
302   101787487
303   100939780
304   100190512
305   100116354
306   100684097
307   101312165
308   101414419
309   100854625
310   99953743
311   99140962
312   98617226
313   98328298
314   98184830
315   98179967
316   98228343
317   98011227
318   97185729
319   95790642
320   94294703
321   93153916
