1450
1 0 0
0 0 1
1 3.06592e+08 0
2 0 0
0 0 1
1 3.05699e+08 0
3 0 0
0 0 1
1 3.04747e+08 0
4 0 0
0 0 1
1 3.03769e+08 0
5 0 0
0 0 1
1 3.02891e+08 0
6 0 0
0 0 1
1 3.02181e+08 0
7 0 0
0 0 1
1 3.01541e+08 0
8 0 0
0 0 1
1 3.00822e+08 0
9 0 0
0 0 1
1 3.00025e+08 0
10 0 0
0 0 1
1 2.99272e+08 0
11 0 0
0 0 1
1 2.98618e+08 0
12 0 0
0 0 1
1 2.98006e+08 0
13 0 0
0 0 1
1 2.97374e+08 0
14 0 0
0 0 1
1 2.96703e+08 0
15 0 0
0 0 1
1 2.95963e+08 0
16 0 0
0 0 1
1 2.95117e+08 0
17 0 0
0 0 1
1 2.94228e+08 0
18 0 0
0 0 1
1 2.93443e+08 0
19 0 0
0 0 1
1 2.92805e+08 0
20 0 0
0 0 1
1 2.92177e+08 0
21 0 0
0 0 1
1 2.91429e+08 0
22 0 0
0 0 1
1 2.90615e+08 0
23 0 0
0 0 1
1 2.89869e+08 0
24 0 0
0 0 1
1 2.89195e+08 0
25 0 0
0 0 1
1 2.88486e+08 0
26 0 0
0 0 1
1 2.87721e+08 0
27 0 0
0 0 1
1 2.86994e+08 0
28 0 0
0 0 1
1 2.8634e+08 0
29 0 0
0 0 1
1 2.85683e+08 0
30 0 0
0 0 1
1 2.85e+08 0
31 0 0
0 0 1
1 2.84382e+08 0
32 0 0
0 0 1
1 2.83855e+08 0
33 0 0
0 0 1
1 2.8325e+08 0
34 0 0
0 0 1
1 2.82393e+08 0
35 0 0
0 0 1
1 2.81357e+08 0
36 0 0
0 0 1
1 2.80389e+08 0
37 0 0
0 0 1
1 2.79599e+08 0
38 0 0
0 0 1
1 2.78876e+08 0
39 0 0
0 0 1
1 2.78094e+08 0
40 0 0
0 0 1
1 2.77292e+08 0
41 0 0
0 0 1
1 2.76567e+08 0
42 0 0
0 0 1
1 2.7593e+08 0
43 0 0
0 0 1
1 2.7533e+08 0
44 0 0
0 0 1
1 2.74739e+08 0
45 0 0
0 0 1
1 2.7413e+08 0
46 0 0
0 0 1
1 2.73418e+08 0
47 0 0
0 0 1
1 2.72541e+08 0
48 0 0
0 0 1
1 2.71579e+08 0
49 0 0
0 0 1
1 2.70693e+08 0
50 0 0
0 0 1
1 2.69954e+08 0
51 0 0
0 0 1
1 2.69298e+08 0
52 0 0
0 0 1
1 2.68653e+08 0
53 0 0
0 0 1
1 2.68012e+08 0
54 0 0
0 0 1
1 2.67366e+08 0
55 0 0
0 0 1
1 2.66647e+08 0
56 0 0
0 0 1
1 2.65811e+08 0
57 0 0
0 0 1
1 2.64913e+08 0
58 0 0
0 0 1
1 2.64053e+08 0
59 0 0
0 0 1
1 2.63278e+08 0
60 0 0
0 0 1
1 2.62587e+08 0
61 0 0
0 0 1
1 2.61967e+08 0
62 0 0
0 0 1
1 2.61375e+08 0
63 0 0
0 0 1
1 2.60728e+08 0
64 0 0
0 0 1
1 2.59976e+08 0
65 0 0
0 0 1
1 2.59186e+08 0
66 0 0
0 0 1
1 2.58468e+08 0
67 0 0
0 0 1
1 2.57819e+08 0
68 0 0
0 0 1
1 2.57133e+08 0
69 0 0
0 0 1
1 2.56354e+08 0
70 0 0
0 0 1
1 2.55563e+08 0
71 0 0
0 0 1
1 2.54834e+08 0
72 0 0
0 0 1
1 2.54117e+08 0
73 0 0
0 0 1
1 2.53298e+08 0
74 0 0
0 0 1
1 2.52371e+08 0
75 0 0
0 0 1
1 2.51451e+08 0
76 0 0
0 0 1
1 2.50624e+08 0
77 0 0
0 0 1
1 2.49865e+08 0
78 0 0
0 0 1
1 2.49111e+08 0
79 0 0
0 0 1
1 2.48353e+08 0
80 0 0
0 0 1
1 2.47639e+08 0
81 0 0
0 0 1
1 2.46994e+08 0
82 0 0
0 0 1
1 2.46391e+08 0
83 0 0
0 0 1
1 2.45767e+08 0
84 0 0
0 0 1
1 2.45057e+08 0
85 0 0
0 0 1
1 2.44224e+08 0
86 0 0
0 0 1
1 2.43289e+08 0
87 0 0
0 0 1
1 2.42343e+08 0
88 0 0
0 0 1
1 2.41501e+08 0
89 0 0
0 0 1
1 2.40811e+08 0
90 0 0
0 0 1
1 2.402e+08 0
91 0 0
0 0 1
1 2.39534e+08 0
92 0 0
0 0 1
1 2.38749e+08 0
93 0 0
0 0 1
1 2.37929e+08 0
94 0 0
0 0 1
1 2.37206e+08 0
95 0 0
0 0 1
1 2.36572e+08 0
96 0 0
0 0 1
1 2.3587e+08 0
97 0 0
0 0 1
1 2.3501e+08 0
98 0 0
0 0 1
1 2.34141e+08 0
99 0 0
0 0 1
1 2.33478e+08 0
100 0 0
0 0 1
1 2.32986e+08 0
101 0 0
0 0 1
1 2.32375e+08 0
102 0 0
0 0 1
1 2.31482e+08 0
103 0 0
0 0 1
1 2.30517e+08 0
104 0 0
0 0 1
1 2.29799e+08 0
105 0 0
0 0 1
1 2.29322e+08 0
106 0 0
0 0 1
1 2.28771e+08 0
107 0 0
0 0 1
1 2.27949e+08 0
108 0 0
0 0 1
1 2.27024e+08 0
109 0 0
0 0 1
1 2.26267e+08 0
110 0 0
0 0 1
1 2.25701e+08 0
111 0 0
0 0 1
1 2.25141e+08 0
112 0 0
0 0 1
1 2.24488e+08 0
113 0 0
0 0 1
1 2.23806e+08 0
114 0 0
0 0 1
1 2.23138e+08 0
115 0 0
0 0 1
1 2.22416e+08 0
116 0 0
0 0 1
1 2.216e+08 0
117 0 0
0 0 1
1 2.20791e+08 0
118 0 0
0 0 1
1 2.20121e+08 0
119 0 0
0 0 1
1 2.19595e+08 0
120 0 0
0 0 1
1 2.19103e+08 0
121 0 0
0 0 1
1 2.18548e+08 0
122 0 0
0 0 1
1 2.1789e+08 0
123 0 0
0 0 1
1 2.17117e+08 0
124 0 0
0 0 1
1 2.16248e+08 0
125 0 0
0 0 1
1 2.1535e+08 0
126 0 0
0 0 1
1 2.14508e+08 0
127 0 0
0 0 1
1 2.13756e+08 0
128 0 0
0 0 1
1 2.13092e+08 0
129 0 0
0 0 1
1 2.12505e+08 0
130 0 0
0 0 1
1 2.11945e+08 0
131 0 0
0 0 1
1 2.11296e+08 0
132 0 0
0 0 1
1 2.10484e+08 0
133 0 0
0 0 1
1 2.09608e+08 0
134 0 0
0 0 1
1 2.08861e+08 0
135 0 0
0 0 1
1 2.08287e+08 0
136 0 0
0 0 1
1 2.07699e+08 0
137 0 0
0 0 1
1 2.0692e+08 0
138 0 0
0 0 1
1 2.0601e+08 0
139 0 0
0 0 1
1 2.05178e+08 0
140 0 0
0 0 1
1 2.04521e+08 0
141 0 0
0 0 1
1 2.03956e+08 0
142 0 0
0 0 1
1 2.03389e+08 0
143 0 0
0 0 1
1 2.02826e+08 0
144 0 0
0 0 1
1 2.02291e+08 0
145 0 0
0 0 1
1 2.01745e+08 0
146 0 0
0 0 1
1 2.01164e+08 0
147 0 0
0 0 1
1 2.006e+08 0
148 0 0
0 0 1
1 2.00085e+08 0
149 0 0
0 0 1
1 1.99519e+08 0
150 0 0
0 0 1
1 1.98763e+08 0
151 0 0
0 0 1
1 1.97816e+08 0
152 0 0
0 0 1
1 1.96827e+08 0
153 0 0
0 0 1
1 1.95923e+08 0
154 0 0
0 0 1
1 1.95119e+08 0
155 0 0
0 0 1
1 1.94414e+08 0
156 0 0
0 0 1
1 1.93861e+08 0
157 0 0
0 0 1
1 1.93472e+08 0
158 0 0
0 0 1
1 1.93119e+08 0
159 0 0
0 0 1
1 1.92622e+08 0
160 0 0
0 0 1
1 1.91934e+08 0
161 0 0
0 0 1
1 1.91169e+08 0
162 0 0
0 0 1
1 1.90445e+08 0
163 0 0
0 0 1
1 1.89769e+08 0
164 0 0
0 0 1
1 1.89106e+08 0
165 0 0
0 0 1
1 1.88474e+08 0
166 0 0
0 0 1
1 1.87905e+08 0
167 0 0
0 0 1
1 1.87349e+08 0
168 0 0
0 0 1
1 1.86716e+08 0
169 0 0
0 0 1
1 1.86002e+08 0
170 0 0
0 0 1
1 1.85307e+08 0
171 0 0
0 0 1
1 1.8468e+08 0
172 0 0
0 0 1
1 1.84026e+08 0
173 0 0
0 0 1
1 1.83234e+08 0
174 0 0
0 0 1
1 1.82367e+08 0
175 0 0
0 0 1
1 1.81629e+08 0
176 0 0
0 0 1
1 1.81118e+08 0
177 0 0
0 0 1
1 1.8069e+08 0
178 0 0
0 0 1
1 1.8013e+08 0
179 0 0
0 0 1
1 1.79413e+08 0
180 0 0
0 0 1
1 1.78704e+08 0
181 0 0
0 0 1
1 1.78128e+08 0
182 0 0
0 0 1
1 1.77627e+08 0
183 0 0
0 0 1
1 1.77061e+08 0
184 0 0
0 0 1
1 1.76395e+08 0
185 0 0
0 0 1
1 1.75703e+08 0
186 0 0
0 0 1
1 1.75046e+08 0
187 0 0
0 0 1
1 1.74421e+08 0
188 0 0
0 0 1
1 1.73806e+08 0
189 0 0
0 0 1
1 1.73199e+08 0
190 0 0
0 0 1
1 1.7259e+08 0
191 0 0
0 0 1
1 1.71952e+08 0
192 0 0
0 0 1
1 1.7129e+08 0
193 0 0
0 0 1
1 1.70654e+08 0
194 0 0
0 0 1
1 1.70078e+08 0
195 0 0
0 0 1
1 1.69527e+08 0
196 0 0
0 0 1
1 1.68936e+08 0
197 0 0
0 0 1
1 1.68283e+08 0
198 0 0
0 0 1
1 1.67586e+08 0
199 0 0
0 0 1
1 1.66863e+08 0
200 0 0
0 0 1
1 1.66127e+08 0
201 0 0
0 0 1
1 1.65409e+08 0
202 0 0
0 0 1
1 1.64749e+08 0
203 0 0
0 0 1
1 1.64147e+08 0
204 0 0
0 0 1
1 1.63576e+08 0
205 0 0
0 0 1
1 1.63021e+08 0
206 0 0
0 0 1
1 1.62485e+08 0
207 0 0
0 0 1
1 1.61942e+08 0
208 0 0
0 0 1
1 1.61347e+08 0
209 0 0
0 0 1
1 1.60707e+08 0
210 0 0
0 0 1
1 1.60095e+08 0
211 0 0
0 0 1
1 1.5956e+08 0
212 0 0
0 0 1
1 1.59059e+08 0
213 0 0
0 0 1
1 1.58515e+08 0
214 0 0
0 0 1
1 1.579e+08 0
215 0 0
0 0 1
1 1.57249e+08 0
216 0 0
0 0 1
1 1.5659e+08 0
217 0 0
0 0 1
1 1.55943e+08 0
218 0 0
0 0 1
1 1.55346e+08 0
219 0 0
0 0 1
1 1.54831e+08 0
220 0 0
0 0 1
1 1.54356e+08 0
221 0 0
0 0 1
1 1.53822e+08 0
222 0 0
0 0 1
1 1.53179e+08 0
223 0 0
0 0 1
1 1.52474e+08 0
224 0 0
0 0 1
1 1.51773e+08 0
225 0 0
0 0 1
1 1.51073e+08 0
226 0 0
0 0 1
1 1.5034e+08 0
227 0 0
0 0 1
1 1.49596e+08 0
228 0 0
0 0 1
1 1.48906e+08 0
229 0 0
0 0 1
1 1.483e+08 0
230 0 0
0 0 1
1 1.47761e+08 0
231 0 0
0 0 1
1 1.47283e+08 0
232 0 0
0 0 1
1 1.4689e+08 0
233 0 0
0 0 1
1 1.46588e+08 0
234 0 0
0 0 1
1 1.46312e+08 0
235 0 0
0 0 1
1 1.45966e+08 0
236 0 0
0 0 1
1 1.45489e+08 0
237 0 0
0 0 1
1 1.44901e+08 0
238 0 0
0 0 1
1 1.44288e+08 0
239 0 0
0 0 1
1 1.43744e+08 0
240 0 0
0 0 1
1 1.43288e+08 0
241 0 0
0 0 1
1 1.42836e+08 0
242 0 0
0 0 1
1 1.42289e+08 0
243 0 0
0 0 1
1 1.41647e+08 0
244 0 0
0 0 1
1 1.41013e+08 0
245 0 0
0 0 1
1 1.40452e+08 0
246 0 0
0 0 1
1 1.39911e+08 0
247 0 0
0 0 1
1 1.39314e+08 0
248 0 0
0 0 1
1 1.38681e+08 0
249 0 0
0 0 1
1 1.381e+08 0
250 0 0
0 0 1
1 1.37583e+08 0
251 0 0
0 0 1
1 1.37049e+08 0
252 0 0
0 0 1
1 1.36436e+08 0
253 0 0
0 0 1
1 1.35777e+08 0
254 0 0
0 0 1
1 1.35141e+08 0
255 0 0
0 0 1
1 1.34542e+08 0
256 0 0
0 0 1
1 1.33938e+08 0
257 0 0
0 0 1
1 1.3329e+08 0
258 0 0
0 0 1
1 1.32585e+08 0
259 0 0
0 0 1
1 1.31847e+08 0
260 0 0
0 0 1
1 1.31147e+08 0
261 0 0
0 0 1
1 1.30555e+08 0
262 0 0
0 0 1
1 1.30057e+08 0
263 0 0
0 0 1
1 1.29558e+08 0
264 0 0
0 0 1
1 1.29013e+08 0
265 0 0
0 0 1
1 1.28499e+08 0
266 0 0
0 0 1
1 1.28088e+08 0
267 0 0
0 0 1
1 1.27695e+08 0
268 0 0
0 0 1
1 1.27163e+08 0
269 0 0
0 0 1
1 1.26484e+08 0
270 0 0
0 0 1
1 1.25833e+08 0
271 0 0
0 0 1
1 1.25336e+08 0
272 0 0
0 0 1
1 1.24921e+08 0
273 0 0
0 0 1
1 1.24462e+08 0
274 0 0
0 0 1
1 1.23974e+08 0
275 0 0
0 0 1
1 1.23571e+08 0
276 0 0
0 0 1
1 1.23262e+08 0
277 0 0
0 0 1
1 1.22939e+08 0
278 0 0
0 0 1
1 1.22549e+08 0
279 0 0
0 0 1
1 1.22143e+08 0
280 0 0
0 0 1
1 1.21737e+08 0
281 0 0
0 0 1
1 1.2122e+08 0
282 0 0
0 0 1
1 1.20498e+08 0
283 0 0
0 0 1
1 1.19666e+08 0
284 0 0
0 0 1
1 1.18942e+08 0
285 0 0
0 0 1
1 1.18443e+08 0
286 0 0
0 0 1
1 1.18091e+08 0
287 0 0
0 0 1
1 1.17729e+08 0
288 0 0
0 0 1
1 1.17262e+08 0
289 0 0
0 0 1
1 1.16692e+08 0
290 0 0
0 0 1
1 1.16064e+08 0
291 0 0
0 0 1
1 1.15417e+08 0
292 0 0
0 0 1
1 1.14771e+08 0
293 0 0
0 0 1
1 1.14141e+08 0
294 0 0
0 0 1
1 1.13578e+08 0
295 0 0
0 0 1
1 1.13151e+08 0
296 0 0
0 0 1
1 1.12865e+08 0
297 0 0
0 0 1
1 1.12616e+08 0
298 0 0
0 0 1
1 1.12272e+08 0
299 0 0
0 0 1
1 1.11815e+08 0
300 0 0
0 0 1
1 1.11335e+08 0
301 0 0
0 0 1
1 1.10891e+08 0
302 0 0
0 0 1
1 1.10437e+08 0
303 0 0
0 0 1
1 1.09926e+08 0
304 0 0
0 0 1
1 1.09406e+08 0
305 0 0
0 0 1
1 1.08955e+08 0
306 0 0
0 0 1
1 1.08536e+08 0
307 0 0
0 0 1
1 1.08022e+08 0
308 0 0
0 0 1
1 1.07347e+08 0
309 0 0
0 0 1
1 1.06591e+08 0
310 0 0
0 0 1
1 1.05884e+08 0
311 0 0
0 0 1
1 1.05291e+08 0
312 0 0
0 0 1
1 1.0481e+08 0
313 0 0
0 0 1
1 1.04416e+08 0
314 0 0
0 0 1
1 1.0407e+08 0
315 0 0
0 0 1
1 1.03708e+08 0
316 0 0
0 0 1
1 1.03269e+08 0
317 0 0
0 0 1
1 1.0274e+08 0
318 0 0
0 0 1
1 1.02159e+08 0
319 0 0
0 0 1
1 1.01589e+08 0
320 0 0
0 0 1
1 1.01094e+08 0
321 0 0
0 0 1
1 1.00712e+08 0
322 0 0
0 0 1
1 1.00395e+08 0
323 0 0
0 0 1
1 1.00019e+08 0
324 0 0
0 0 1
1 9.94883e+07 0
325 0 0
0 0 1
1 9.88487e+07 0
326 0 0
0 0 1
1 9.8243e+07 0
327 0 0
0 0 1
1 9.77587e+07 0
328 0 0
0 0 1
1 9.73454e+07 0
329 0 0
0 0 1
1 9.6896e+07 0
330 0 0
0 0 1
1 9.63782e+07 0
331 0 0
0 0 1
1 9.58624e+07 0
332 0 0
0 0 1
1 9.54359e+07 0
333 0 0
0 0 1
1 9.51035e+07 0
334 0 0
0 0 1
1 9.47735e+07 0
335 0 0
0 0 1
1 9.4346e+07 0
336 0 0
0 0 1
1 9.38302e+07 0
337 0 0
0 0 1
1 9.33615e+07 0
338 0 0
0 0 1
1 9.30668e+07 0
339 0 0
0 0 1
1 9.29108e+07 0
340 0 0
0 0 1
1 9.27155e+07 0
341 0 0
0 0 1
1 9.23409e+07 0
342 0 0
0 0 1
1 9.18035e+07 0
343 0 0
0 0 1
1 9.12025e+07 0
344 0 0
0 0 1
1 9.05938e+07 0
345 0 0
0 0 1
1 8.99859e+07 0
346 0 0
0 0 1
1 8.9407e+07 0
347 0 0
0 0 1
1 8.88936e+07 0
348 0 0
0 0 1
1 8.84285e+07 0
349 0 0
0 0 1
1 8.79712e+07 0
350 0 0
0 0 1
1 8.75499e+07 0
351 0 0
0 0 1
1 8.72393e+07 0
352 0 0
0 0 1
1 8.70195e+07 0
353 0 0
0 0 1
1 8.67385e+07 0
354 0 0
0 0 1
1 8.62716e+07 0
355 0 0
0 0 1
1 8.5664e+07 0
356 0 0
0 0 1
1 8.50588e+07 0
357 0 0
0 0 1
1 8.45261e+07 0
358 0 0
0 0 1
1 8.40326e+07 0
359 0 0
0 0 1
1 8.35456e+07 0
360 0 0
0 0 1
1 8.30865e+07 0
361 0 0
0 0 1
1 8.26772e+07 0
362 0 0
0 0 1
1 8.23037e+07 0
363 0 0
0 0 1
1 8.19436e+07 0
364 0 0
0 0 1
1 8.158e+07 0
365 0 0
0 0 1
1 8.11836e+07 0
366 0 0
0 0 1
1 8.07401e+07 0
367 0 0
0 0 1
1 8.03088e+07 0
368 0 0
0 0 1
1 7.99853e+07 0
369 0 0
0 0 1
1 7.97763e+07 0
370 0 0
0 0 1
1 7.95662e+07 0
371 0 0
0 0 1
1 7.92422e+07 0
372 0 0
0 0 1
1 7.87999e+07 0
373 0 0
0 0 1
1 7.82932e+07 0
374 0 0
0 0 1
1 7.77531e+07 0
375 0 0
0 0 1
1 7.72158e+07 0
376 0 0
0 0 1
1 7.67576e+07 0
377 0 0
0 0 1
1 7.63992e+07 0
378 0 0
0 0 1
1 7.6018e+07 0
379 0 0
0 0 1
1 7.54784e+07 0
380 0 0
0 0 1
1 7.48464e+07 0
381 0 0
0 0 1
1 7.43472e+07 0
382 0 0
0 0 1
1 7.40758e+07 0
383 0 0
0 0 1
1 7.38677e+07 0
384 0 0
0 0 1
1 7.35177e+07 0
385 0 0
0 0 1
1 7.30262e+07 0
386 0 0
0 0 1
1 7.2538e+07 0
387 0 0
0 0 1
1 7.21209e+07 0
388 0 0
0 0 1
1 7.17204e+07 0
389 0 0
0 0 1
1 7.12914e+07 0
390 0 0
0 0 1
1 7.08525e+07 0
391 0 0
0 0 1
1 7.04204e+07 0
392 0 0
0 0 1
1 6.99976e+07 0
393 0 0
0 0 1
1 6.96258e+07 0
394 0 0
0 0 1
1 6.9344e+07 0
395 0 0
0 0 1
1 6.90815e+07 0
396 0 0
0 0 1
1 6.87048e+07 0
397 0 0
0 0 1
1 6.82043e+07 0
398 0 0
0 0 1
1 6.7726e+07 0
399 0 0
0 0 1
1 6.73695e+07 0
400 0 0
0 0 1
1 6.70689e+07 0
401 0 0
0 0 1
1 6.67425e+07 0
402 0 0
0 0 1
1 6.64296e+07 0
403 0 0
0 0 1
1 6.6152e+07 0
404 0 0
0 0 1
1 6.57627e+07 0
405 0 0
0 0 1
1 6.51278e+07 0
406 0 0
0 0 1
1 6.44094e+07 0
407 0 0
0 0 1
1 6.39385e+07 0
408 0 0
0 0 1
1 6.37742e+07 0
409 0 0
0 0 1
1 6.3602e+07 0
410 0 0
0 0 1
1 6.31697e+07 0
411 0 0
0 0 1
1 6.26285e+07 0
412 0 0
0 0 1
1 6.22752e+07 0
413 0 0
0 0 1
1 6.2095e+07 0
414 0 0
0 0 1
1 6.17894e+07 0
415 0 0
0 0 1
1 6.12086e+07 0
416 0 0
0 0 1
1 6.05306e+07 0
417 0 0
0 0 1
1 5.99828e+07 0
418 0 0
0 0 1
1 5.9586e+07 0
419 0 0
0 0 1
1 5.92579e+07 0
420 0 0
0 0 1
1 5.9002e+07 0
421 0 0
0 0 1
1 5.88538e+07 0
422 0 0
0 0 1
1 5.8734e+07 0
423 0 0
0 0 1
1 5.8501e+07 0
424 0 0
0 0 1
1 5.81152e+07 0
425 0 0
0 0 1
1 5.76459e+07 0
426 0 0
0 0 1
1 5.71452e+07 0
427 0 0
0 0 1
1 5.66214e+07 0
428 0 0
0 0 1
1 5.6115e+07 0
429 0 0
0 0 1
1 5.56854e+07 0
430 0 0
0 0 1
1 5.53146e+07 0
431 0 0
0 0 1
1 5.49301e+07 0
432 0 0
0 0 1
1 5.45422e+07 0
433 0 0
0 0 1
1 5.42495e+07 0
434 0 0
0 0 1
1 5.40608e+07 0
435 0 0
0 0 1
1 5.38136e+07 0
436 0 0
0 0 1
1 5.33559e+07 0
437 0 0
0 0 1
1 5.27461e+07 0
438 0 0
0 0 1
1 5.21847e+07 0
439 0 0
0 0 1
1 5.17841e+07 0
440 0 0
0 0 1
1 5.14813e+07 0
441 0 0
0 0 1
1 5.1153e+07 0
442 0 0
0 0 1
1 5.07353e+07 0
443 0 0
0 0 1
1 5.0245e+07 0
444 0 0
0 0 1
1 4.97643e+07 0
445 0 0
0 0 1
1 4.9406e+07 0
446 0 0
0 0 1
1 4.92149e+07 0
447 0 0
0 0 1
1 4.90882e+07 0
448 0 0
0 0 1
1 4.88638e+07 0
449 0 0
0 0 1
1 4.85064e+07 0
450 0 0
0 0 1
1 4.81342e+07 0
451 0 0
0 0 1
1 4.78397e+07 0
452 0 0
0 0 1
1 4.75716e+07 0
453 0 0
0 0 1
1 4.72465e+07 0
454 0 0
0 0 1
1 4.68949e+07 0
455 0 0
0 0 1
1 4.66074e+07 0
456 0 0
0 0 1
1 4.63884e+07 0
457 0 0
0 0 1
1 4.61657e+07 0
458 0 0
0 0 1
1 4.59205e+07 0
459 0 0
0 0 1
1 4.56953e+07 0
460 0 0
0 0 1
1 4.54638e+07 0
461 0 0
0 0 1
1 4.51064e+07 0
462 0 0
0 0 1
1 4.45714e+07 0
463 0 0
0 0 1
1 4.39834e+07 0
464 0 0
0 0 1
1 4.3516e+07 0
465 0 0
0 0 1
1 4.3198e+07 0
466 0 0
0 0 1
1 4.29131e+07 0
467 0 0
0 0 1
1 4.25629e+07 0
468 0 0
0 0 1
1 4.21623e+07 0
469 0 0
0 0 1
1 4.17785e+07 0
470 0 0
0 0 1
1 4.14393e+07 0
471 0 0
0 0 1
1 4.11196e+07 0
472 0 0
0 0 1
1 4.07818e+07 0
473 0 0
0 0 1
1 4.04119e+07 0
474 0 0
0 0 1
1 4.0038e+07 0
475 0 0
0 0 1
1 3.97116e+07 0
476 0 0
0 0 1
1 3.94518e+07 0
477 0 0
0 0 1
1 3.92124e+07 0
478 0 0
0 0 1
1 3.89343e+07 0
479 0 0
0 0 1
1 3.86209e+07 0
480 0 0
0 0 1
1 3.83249e+07 0
481 0 0
0 0 1
1 3.80665e+07 0
482 0 0
0 0 1
1 3.78165e+07 0
483 0 0
0 0 1
1 3.75649e+07 0
-1 0 0
