61
1e-05 0 0
0 0 1
9057 2.63205e+10 0
1.6e-05 0 0
0 0 1
9057 4.29708e+10 0
2.6e-05 0 0
0 0 1
9057 6.34154e+10 0
4.3e-05 0 0
0 0 1
9057 8.82157e+10 0
7e-05 0 0
0 0 1
9057 1.09084e+11 0
0.000113 0 0
0 0 1
9057 1.24884e+11 0
0.000183 0 0
0 0 1
9057 1.30954e+11 0
0.000298 0 0
0 0 1
9059.81 1.33062e+11 11887
0.000483 0 0
0 0 1
9057 1.32718e+11 0
0.000785 0 0
0 0 1
9057 1.32544e+11 0
1.3e-05 0 0
0 0 1
9057 3.36091e+10 0
2.1e-05 0 0
0 0 1
9057 5.27765e+10 0
3.4e-05 0 0
0 0 1
9057 7.67215e+10 0
5.5e-05 0 0
0 0 1
9057 1.00255e+11 0
8.9e-05 0 0
0 0 1
9057 1.18215e+11 0
0.000144 0 0
0 0 1
9057 1.2838e+11 0
0.000234 0 0
0 0 1
9057 1.31744e+11 0
0.000379 0 0
0 0 1
9057 1.32446e+11 0
0.000616 0 0
0 0 1
9058.18 1.32761e+11 14245
0.001 0 0
0 0 1
9058.14 1.32215e+11 11161
-1 0 0
