SIMFIT 1
1   292268949
2   291748835
3   291229083
4   290709733
5   290190828
6   289672405
7   289154504
8   288637163
9   288120419
10   287604312
11   287088878
12   286574158
13   286060190
14   285547015
15   285034675
16   284523210
17   284012663
18   283503074
19   282994485
20   282486933
21   281980452
22   281475073
23   280970820
24   280467710
25   279965750
26   279464939
27   278965263
28   278466695
29   277969198
30   277472719
31   276977192
32   276482537
33   275988664
34   275495469
35   275002838
36   274510649
37   274018771
38   273527070
39   273035408
40   272543648
41   272051653
42   271559289
43   271066431
44   270572961
45   270078768
46   269583758
47   269087846
48   268590964
49   268093058
50   267594092
51   267094044
52   266592911
53   266090705
54   265587455
55   265083205
56   264578012
57   264071948
58   263565098
59   263057554
60   262549419
61   262040803
62   261531822
63   261022595
64   260513243
65   260003889
66   259494655
67   258985658
68   258477016
69   257968838
70   257461230
71   256954290
72   256448108
73   255942768
74   255438343
75   254934897
76   254432486
77   253931154
78   253430937
79   252931861
80   252433943
81   251937189
82   251441598
83   250947160
84   250453855
85   249961657
86   249470534
87   248980443
88   248491340
89   248003171
90   247515879
91   247029402
92   246543674
93   246058628
94   245574192
95   245090293
96   244606858
97   244123815
98   243641089
99   243158612
100   242676316
101   242194134
102   241712008
103   241229881
104   240747702
105   240265424
106   239783007
107   239300417
108   238817624
109   238334603
110   237851335
111   237367806
112   236884006
113   236399928
114   235915571
115   235430936
116   234946028
117   234460854
118   233975427
119   233489760
120   233003869
121   232517776
122   232031501
123   231545070
124   231058511
125   230571851
126   230085123
127   229598357
128   229111588
129   228624848
130   228138172
131   227651595
132   227165151
133   226678873
134   226192797
135   225706956
136   225221386
137   224736121
138   224251198
139   223766654
140   223282527
141   222798857
142   222315687
143   221833058
144   221351017
145   220869608
146   220388880
147   219908879
148   219429654
149   218951251
150   218473717
151   217997096
152   217521430
153   217046761
154   216573126
155   216100560
156   215629095
157   215158763
158   214689590
159   214221603
160   213754828
161   213289291
162   212825016
163   212362031
164   211900365
165   211440048
166   210981115
167   210523603
168   210067555
169   209613015
170   209160032
171   208708660
172   208258954
173   207810974
174   207364779
175   206920432
176   206477994
177   206037525
178   205599083
179   205162723
180   204728494
181   204296441
182   203866599
183   203438997
184   203013654
185   202590578
186   202169768
187   201751211
188   201334883
189   200920748
190   200508758
191   200098856
192   199690973
193   199285030
194   198880939
195   198478605
196   198077925
197   197678790
198   197281086
199   196884697
200   196489502
201   196095382
202   195702214
203   195309878
204   194918255
205   194527228
206   194136683
207   193746509
208   193356600
209   192966851
210   192577166
211   192187450
212   191797614
213   191407575
214   191017256
215   190626585
216   190235499
217   189843940
218   189451859
219   189059216
220   188665980
221   188272130
222   187877654
223   187482553
224   187086836
225   186690526
226   186293655
227   185896266
228   185498412
229   185100158
230   184701576
231   184302747
232   183903760
233   183504708
234   183105692
235   182706816
236   182308184
237   181909905
238   181512084
239   181114827
240   180718235
241   180322406
242   179927429
243   179533390
244   179140364
245   178748418
246   178357609
247   177967985
248   177579580
249   177192420
250   176806517
251   176421873
252   176038476
253   175656306
254   175275328
255   174895498
256   174516763
257   174139059
258   173762314
259   173386448
260   173011377
261   172637008
262   172263251
263   171890010
264   171517191
265   171144704
266   170772461
267   170400383
268   170028396
269   169656439
270   169284458
271   168912416
272   168540284
273   168168050
274   167795713
275   167423286
276   167050796
277   166678279
278   166305783
279   165933362
280   165561081
281   165189006
282   164817209
283   164445763
284   164074740
285   163704212
286   163334248
287   162964912
288   162596265
289   162228363
290   161861258
291   161494998
292   161129626
293   160765184
294   160401709
295   160039239
296   159677810
297   159317460
298   158958226
299   158600149
300   158243268
301   157887628
302   157533272
303   157180246
304   156828596
305   156478366
306   156129599
307   155782336
308   155436610
309   155092451
310   154749883
311   154408918
312   154069561
313   153731809
314   153395647
315   153061050
316   152727984
317   152396405
318   152066262
319   151737496
320   151410041
321   151083826
322   150758778
323   150434819
324   150111871
325   149789858
326   149468701
327   149148327
328   148828665
329   148509645
330   148191206
331   147873288
332   147555838
333   147238807
334   146922153
335   146605837
336   146289828
337   145974098
338   145658625
339   145343391
340   145028385
341   144713598
342   144399026
343   144084668
344   143770529
345   143456618
346   143142947
347   142829532
348   142516394
349   142203558
350   141891054
351   141578915
352   141267179
353   140955887
354   140645085
355   140334821
356   140025144
357   139716105
358   139407755
359   139100144
360   138793320
361   138487327
362   138182204
363   137877987
364   137574703
365   137272375
366   136971018
367   136670638
368   136371236
369   136072808
370   135775340
371   135478815
372   135183212
373   134888505
374   134594666
375   134301664
376   134009468
377   133718047
378   133427369
379   133137403
380   132848122
381   132559496
382   132271500
383   131984111
384   131697306
385   131411064
386   131125367
387   130840197
388   130555538
389   130271375
390   129987695
391   129704484
392   129421732
393   129139427
394   128857562
395   128576128
396   128295122
397   128014542
398   127734388
399   127454665
400   127175382
401   126896553
402   126618195
403   126340331
404   126062988
405   125786199
406   125510000
407   125234430
408   124959533
409   124685353
410   124411936
411   124139326
412   123867569
413   123596705
414   123326772
415   123057803
416   122789826
417   122522861
418   122256922
419   121992017
420   121728143
421   121465294
422   121203451
423   120942593
424   120682689
425   120423703
426   120165593
427   119908312
428   119651809
429   119396030
430   119140918
431   118886414
432   118632457
433   118378987
434   118125943
435   117873264
436   117620891
437   117368765
438   117116831
439   116865034
440   116613322
441   116361646
442   116109961
443   115858224
444   115606396
445   115354442
446   115102333
447   114850042
448   114597550
449   114344841
450   114091906
451   113838742
452   113585352
453   113331745
454   113077938
455   112823951
456   112569813
457   112315556
458   112061220
459   111806847
460   111552487
461   111298192
462   111044016
463   110790021
464   110536267
465   110282819
466   110029745
467   109777113
468   109524994
469   109273460
470   109022586
471   108772444
472   108523112
473   108274666
474   108027182
475   107780737
476   107535408
477   107291271
478   107048399
479   106806866
480   106566742
481   106328094
482   106090987
483   105855479
484   105621625
485   105389474
486   105159069
487   104930443
488   104703626
489   104478638
490   104255489
491   104034183
492   103814715
493   103597071
494   103381227
495   103167154
496   102954813
497   102744159
498   102535140
499   102327698
500   102121771
501   101917290
502   101714186
503   101512386
504   101311815
505   101112397
506   100914058
507   100716721
508   100520315
509   100324768
510   100130012
511   99935982
512   99742617
513   99549858
514   99357651
515   99165948
516   98974701
517   98783869
518   98593411
519   98403291
520   98213474
521   98023927
522   97834618
523   97645513
524   97456581
525   97267784
526   97079087
527   96890447
528   96701821
529   96513159
530   96324407
531   96135507
532   95946394
533   95757001
534   95567254
535   95377077
536   95186393
537   94995120
538   94803180
539   94610493
540   94416985
541   94222583
542   94027221
543   93830841
544   93633392
545   93434831
546   93235127
547   93034257
548   92832211
549   92628988
550   92424598
551   92219063
552   92012413
553   91804690
554   91595942
555   91386227
556   91175610
557   90964162
558   90751958
559   90539079
560   90325606
561   90111626
562   89897225
563   89682486
564   89467497
565   89252338
566   89037091
567   88821834
568   88606639
569   88391576
570   88176710
571   87962103
572   87747811
573   87533885
574   87320374
575   87107321
576   86894767
577   86682749
578   86471299
579   86260449
580   86050225
581   85840653
582   85631754
583   85423550
584   85216057
585   85009289
586   84803260
587   84597978
588   84393450
589   84189681
590   83986671
591   83784420
592   83582923
593   83382175
594   83182168
595   82982894
596   82784340
597   82586498
598   82389356
599   82192906
600   81997138
601   81802046
602   81607628
603   81413882
604   81220812
605   81028424
606   80836728
607   80645738
608   80455469
609   80265944
610   80077182
611   79889207
612   79702044
613   79515718
614   79330253
615   79145673
616   78961998
617   78779249
618   78597445
619   78416601
620   78236730
621   78057846
622   77879960
623   77703081
624   77527222
625   77352393
626   77178607
627   77005879
628   76834225
629   76663665
630   76494221
631   76325921
632   76158791
633   75992862
634   75828166
635   75664736
636   75502604
637   75341800
638   75182352
639   75024281
640   74867605
641   74712332
642   74558463
643   74405987
644   74254885
645   74105125
646   73956663
647   73809444
648   73663402
649   73518461
650   73374535
651   73231531
652   73089350
653   72947890
654   72807045
655   72666712
656   72526787
657   72387174
658   72247780
659   72108523
660   71969328
661   71830130
662   71690878
663   71551530
664   71412058
665   71272443
666   71132680
667   70992773
668   70852739
669   70712602
670   70572396
671   70432161
672   70291944
673   70151799
674   70011783
675   69871955
676   69732379
677   69593118
678   69454235
679   69315792
680   69177851
681   69040466
682   68903691
683   68767572
684   68632147
685   68497448
686   68363497
687   68230307
688   68097880
689   67966206
690   67835263
691   67705020
692   67575431
693   67446440
694   67317982
695   67189982
696   67062355
697   66935012
698   66807858
699   66680795
700   66553725
701   66426550
702   66299176
703   66171512
704   66043474
705   65914986
706   65785979
707   65656393
708   65526177
