SIMFIT 1
1   306746328
2   306222912
3   305664304
4   305207011
5   304853150
6   304488466
7   304035559
8   303553217
9   303172053
10   302942290
11   302766422
12   302502751
13   302126937
14   301748382
15   301448651
16   301158659
17   300759878
18   300274575
19   299855294
20   299565381
21   299270387
22   298819582
23   298266047
24   297803037
25   297505547
26   297242587
27   296862080
28   296368143
29   295872249
30   295447232
31   295093472
32   294792035
33   294513370
34   294204917
35   293846777
36   293501626
37   293231038
38   292973684
39   292604161
40   292131471
41   291733372
42   291528200
43   291395049
44   291118411
45   290665445
46   290205197
47   289856662
48   289536204
49   289103054
50   288565853
51   288062514
52   287678897
53   287370582
54   287053306
55   286695043
56   286302601
57   285878246
58   285429426
59   284991794
60   284602250
61   284250979
62   283881128
63   283441483
64   282939183
65   282446238
66   282047692
67   281759968
68   281493729
69   281124275
70   280622795
71   280107405
72   279743632
73   279596917
74   279590141
75   279584916
76   279477969
77   279234697
78   278877658
79   278461627
80   278031802
81   277582551
82   277072138
83   276497802
84   275941820
85   275514244
86   275244728
87   275043576
88   274771837
89   274346156
90   273788783
91   273197991
92   272670961
93   272235669
94   271846922
95   271451938
96   271052681
97   270686904
98   270354895
99   270001046
100   269586723
101   269154642
102   268787725
103   268512072
104   268271466
105   268000032
106   267693989
107   267404438
108   267180266
109   267022031
110   266862768
111   266583535
112   266092606
113   265437921
114   264821499
115   264435873
116   264264354
117   264091619
118   263747857
119   263300386
120   262942704
121   262715501
122   262428952
123   261901888
124   261211195
125   260623317
126   260293164
127   260107210
128   259839534
129   259392038
130   258836416
131   258278926
132   257766923
133   257315685
134   256940327
135   256626625
136   256323783
137   256007229
138   255712049
139   255464243
140   255216485
141   254910271
142   254576296
143   254294442
144   254050317
145   253718969
146   253236287
147   252715653
148   252316541
149   252034769
150   251715218
151   251270350
152   250789245
153   250388175
154   250031193
155   249580125
156   248994940
157   248406031
158   247977864
159   247752125
160   247635656
161   247492293
162   247224010
163   246812699
164   246334605
165   245915358
166   245618333
167   245368439
168   245020187
169   244516085
170   243955484
171   243490556
172   243169154
173   242897003
174   242544723
175   242072845
176   241554156
177   241094278
178   240742148
179   240469472
180   240220933
181   239972720
182   239736630
183   239508138
184   239223710
185   238794017
186   238198917
187   237542829
188   236985258
189   236594741
190   236285241
191   235923247
192   235488210
193   235083527
194   234776812
195   234483778
196   234066639
197   233524327
198   233012495
199   232660060
200   232428188
201   232185669
202   231868537
203   231507805
204   231140350
205   230774291
206   230435203
207   230160612
208   229922232
209   229624609
210   229223944
211   228789122
212   228390657
213   227985521
214   227493188
215   226950235
216   226485046
217   226135254
218   225795592
219   225386997
220   224981835
221   224684376
222   224455308
223   224158497
224   223756719
225   223356662
226   223049671
227   222801308
228   222535441
229   222249014
230   221979891
231   221707311
232   221355292
233   220887220
234   220354111
235   219854886
236   219472564
237   219221853
238   219018726
239   218725629
240   218277684
241   217749807
242   217251539
243   216785215
244   216288493
245   215799591
246   215455757
247   215280976
248   215090952
249   214710773
250   214211306
251   213802284
252   213531146
253   213241666
254   212846304
255   212477301
256   212275785
257   212148624
258   211872471
259   211389961
260   210866699
261   210457684
262   210142627
263   209826727
264   209493926
265   209183851
266   208882701
267   208524740
268   208083562
269   207598820
270   207118688
271   206661166
272   206221770
273   205773560
274   205268828
275   204694535
276   204130717
277   203700670
278   203439894
279   203248531
280   202993676
281   202632349
282   202222441
283   201849341
284   201563552
285   201354114
286   201148688
287   200861899
288   200473219
289   200037105
290   199596094
291   199127460
292   198622449
293   198170499
294   197873208
295   197680922
296   197416543
297   196998697
298   196552121
299   196226574
300   195974392
301   195609325
302   195061422
303   194467010
304   193989781
305   193645988
306   193351658
307   193064729
308   192801792
309   192550281
310   192249351
311   191868253
312   191449117
313   191052036
314   190691918
315   190348327
316   190012268
317   189700373
318   189431838
319   189204264
320   188987911
321   188738983
322   188423232
323   188028332
324   187556730
325   187027948
326   186503698
327   186078928
328   185793816
329   185554647
330   185200937
331   184679449
332   184108350
333   183635547
334   183277029
335   182943661
336   182584642
337   182223435
338   181862677
339   181446499
340   180950681
341   180442341
342   180003790
343   179647017
344   179349420
345   179119571
346   178955770
347   178775546
348   178477578
349   178072298
350   177666316
351   177301685
352   176897736
353   176394231
354   175871049
355   175452289
356   175147179
357   174874149
358   174607371
359   174389995
360   174197936
361   173906984
362   173456469
363   172967582
364   172614852
365   172414843
366   172220241
367   171910306
368   171512422
369   171128311
370   170810610
371   170543385
372   170291569
373   170023937
374   169714870
375   169364461
376   169001849
377   168634838
378   168211182
379   167670876
380   167036487
381   166417334
382   165919558
383   165579247
384   165378367
385   165273320
386   165180771
387   164982252
388   164605570
389   164103420
390   163610028
391   163209627
392   162877515
393   162556524
394   162247240
395   161989623
396   161786583
397   161596470
398   161392856
399   161175311
400   160908204
401   160513809
402   159983001
403   159455457
404   159103764
405   158921169
406   158695060
407   158238804
408   157604950
409   157012020
410   156595608
411   156311527
412   156072397
413   155869273
414   155703943
415   155488375
416   155118615
417   154626663
418   154158596
419   153787490
420   153436353
421   153024816
422   152608646
423   152296725
424   152080760
425   151844700
426   151532696
427   151210346
428   150934537
429   150651496
430   150285194
431   149863530
432   149469118
433   149090706
434   148625243
435   148054407
436   147535315
437   147243470
438   147156105
439   147062602
440   146794154
441   146384319
442   145976873
443   145627893
444   145263593
445   144824551
446   144376400
447   144027502
448   143771303
449   143482071
450   143081724
451   142650649
452   142323169
453   142106331
454   141873088
455   141540067
456   141180719
457   140916418
458   140741540
459   140526922
460   140190676
461   139797244
462   139459257
463   139190110
464   138902610
465   138533671
466   138118128
467   137732437
468   137408653
469   137130662
470   136886509
471   136678026
472   136473940
473   136195509
474   135786323
475   135286972
476   134802722
477   134387597
478   133995276
479   133569350
480   133146588
481   132814997
482   132577368
483   132325052
484   131976085
485   131581519
486   131239621
487   130945145
488   130603267
489   130187572
490   129800258
491   129542204
492   129383079
493   129204033
494   128923603
495   128533715
496   128056471
497   127538700
498   127072294
499   126742110
500   126539025
501   126376722
502   126199222
503   126011594
504   125799471
505   125507073
506   125142258
507   124821773
508   124625372
509   124452282
510   124123855
511   123615540
512   123087228
513   122673437
514   122344021
515   122010148
516   121671107
517   121381117
518   121138314
519   120899003
520   120667646
521   120481171
522   120314868
523   120088847
524   119772639
525   119408701
526   119028328
527   118629313
528   118250512
529   117961280
530   117722770
531   117365804
532   116811259
533   116241915
534   115919901
535   115851679
536   115768159
537   115454934
538   114971053
539   114487922
540   114044646
541   113580890
542   113127956
543   112809884
544   112657951
545   112556762
546   112412789
547   112270651
548   112196389
549   112124179
550   111911466
551   111516965
552   111041657
553   110595263
554   110192073
555   109796303
556   109411163
557   109079260
558   108817619
559   108588766
560   108332544
561   108003865
562   107582202
563   107075191
564   106539547
565   106090613
566   105845962
567   105813167
568   105838184
569   105720129
570   105409055
571   105050935
572   104791789
573   104574201
574   104205396
575   103622048
576   102997162
577   102548539
578   102319493
579   102209231
580   102145335
581   102117374
582   102068180
583   101883705
584   101536263
585   101150332
586   100862285
587   100667379
588   100461295
589   100181799
590   99837345
591   99433569
592   98964606
593   98474434
594   98036034
595   97643354
596   97202985
597   96683788
598   96214473
599   95959008
600   95915248
601   95899782
602   95732850
603   95393616
604   94993321
605   94644009
606   94372904
607   94134999
608   93883650
609   93628759
610   93418440
611   93251989
612   93038968
613   92694738
614   92270406
615   91920900
616   91716736
617   91547043
618   91260229
619   90855395
620   90463809
621   90164283
622   89903017
623   89608882
624   89307091
625   89070406
626   88908516
627   88762787
628   88584698
629   88367014
630   88111924
631   87821904
632   87523335
633   87252668
634   87008628
635   86754580
636   86475755
637   86191522
638   85894088
639   85524011
640   85050665
641   84550457
642   84153978
643   83916161
644   83772302
645   83617959
646   83396184
647   83110812
648   82807160
649   82561022
650   82437624
651   82412119
652   82351317
653   82127906
654   81759998
655   81398812
656   81162055
657   81007867
658   80794320
659   80441264
660   80004125
661   79596693
662   79272736
663   78992204
664   78682364
665   78314436
666   77926413
667   77585065
668   77327699
669   77131580
670   76930535
671   76658878
672   76288184
673   75841573
674   75388763
675   75019492
676   74792035
677   74685966
678   74612256
679   74488550
680   74307151
681   74118882
682   73954245
683   73782027
684   73553376
685   73264120
686   72950354
687   72634471
688   72308918
689   71980600
690   71699246
691   71510581
692   71387811
693   71238237
694   70990157
695   70662822
696   70343232
697   70102230
698   69939743
699   69800416
700   69623940
701   69377238
702   69056869
703   68684967
704   68310158
705   67992327
706   67755219
707   67544536
708   67258111
709   66847448
710   66385584
711   66006377
712   65771295
713   65623118
714   65480220
715   65337865
716   65241158
717   65186249
718   65106344
719   64955857
720   64748044
721   64484079
722   64104087
723   63572713
724   62991603
725   62553140
726   62357778
727   62316344
728   62257539
729   62103439
730   61911532
731   61764783
732   61658129
733   61501450
734   61222210
735   60858544
736   60539207
737   60347178
738   60204376
739   59938253
740   59494394
741   59040052
742   58791923
743   58755128
744   58709428
745   58471124
746   58091961
747   57748609
748   57500462
749   57246797
750   56904947
751   56534303
752   56251808
753   56087704
754   55968868
755   55806055
756   55556875
757   55236086
758   54914652
759   54690016
760   54599689
761   54559334
762   54431711
763   54168369
764   53844455
765   53543323
766   53259644
767   52955268
768   52666743
769   52483499
770   52414651
771   52342381
772   52149357
773   51860252
774   51604818
775   51443564
776   51282735
777   50993445
778   50585039
779   50210406
780   49995978
781   49910664
782   49826618
783   49671095
784   49470516
785   49263859
786   49039467
787   48775428
788   48485729
789   48187479
790   47866664
791   47529382
792   47250855
793   47095281
794   46993343
795   46787387
796   46429971
797   46063540
798   45848630
799   45771942
800   45696918
801   45558855
802   45409882
803   45279548
804   45102171
805   44824548
806   44500755
807   44214932
808   43968770
809   43719168
810   43483057
811   43311012
812   43166376
813   42925002
814   42522955
815   42039318
816   41605468
817   41293571
818   41123397
819   41098421
820   41159919
821   41158424
822   40972782
823   40652834
824   40356634
825   40137099
826   39886691
827   39536531
828   39214992
829   39105455
830   39180278
831   39185955
832   38917908
833   38437300
834   37978361
835   37698413
836   37571448
837   37485650
838   37368932
839   37218348
840   37074471
841   36997677
842   37021906
843   37083967
844   37023842
845   36715777
846   36211652
847   35714455
848   35388853
849   35225108
850   35105407
851   34959649
852   34805190
853   34659996
854   34496045
855   34298018
856   34097602
857   33898648
858   33621273
859   33198864
860   32710272
861   32325153
862   32099445
863   31906979
864   31621286
865   31295983
866   31086448
867   31029972
868   30996074
869   30855460
870   30612779
871   30345137
872   30085523
873   29823594
874   29574223
875   29378083
876   29247993
877   29162835
878   29102561
879   29044381
880   28938833
881   28747880
882   28509450
883   28306249
884   28153369
885   27970599
886   27696158
887   27380280
888   27122537
889   26949757
890   26802477
891   26616304
892   26366001
893   26053426
894   25722061
895   25480078
896   25423259
897   25492569
898   25470473
899   25189819
900   24730179
901   24348117
902   24206755
903   24216501
904   24157255
905   23925137
906   23631197
907   23465627
908   23487987
909   23565557
910   23518260
911   23304161
912   23032893
913   22802319
914   22578767
915   22277060
916   21911694
917   21591404
918   21370996
919   21191066
920   20990303
921   20801492
922   20681330
923   20603573
924   20498532
925   20367449
926   20274722
927   20234603
928   20187125
929   20092608
930   19963598
931   19779962
932   19473583
933   19065782
934   18732556
935   18616978
936   18612940
