SIMFIT 1
1   428927437
2   428264265
3   427491777
4   426421667
5   425135376
6   423857371
7   422706012
8   421626050
9   420530247
10   419436161
11   418444845
12   417610715
13   416854390
14   416019004
15   415026451
16   413963565
17   412975685
18   412078453
19   411137192
20   410061728
21   408953418
22   407981365
23   407143491
24   406246989
25   405147393
26   403934119
27   402831072
28   401948346
29   401170707
30   400272666
31   399121442
32   397792723
33   396515781
34   395488172
35   394718142
36   394048499
37   393320438
38   392471418
39   391486317
40   390357991
41   389159994
42   388066443
43   387175475
44   386350770
45   385375833
46   384260248
47   383228508
48   382352216
49   381372852
50   380044156
51   378538710
52   377306892
53   376545717
54   375997668
55   375315223
56   374439547
57   373506769
58   372526980
59   371348061
60   369914802
61   368412194
62   367112168
63   366151734
64   365467305
65   364863914
66   364133990
67   363197135
68   362168138
69   361227397
70   360389294
71   359465576
72   358309214
73   357031597
74   355900227
75   355049462
76   354358706
77   353592739
78   352592513
79   351348763
80   349983667
81   348686296
82   347596185
83   346706908
84   345912564
85   345150386
86   344434776
87   343737354
88   342925781
89   341891523
90   340681730
91   339429794
92   338205813
93   337034114
94   336021025
95   335313501
96   334877071
97   334428424
98   333691953
99   332679102
100   331627028
101   330687793
102   329775062
103   328730754
104   327557013
105   326423927
106   325472727
107   324650733
108   323743001
109   322567483
110   321160914
111   319774954
112   318656663
113   317816150
114   317033406
115   316103014
116   315037129
117   314009736
118   313147780
119   312422598
120   311711752
121   310902560
122   309950887
123   308920892
124   307985626
125   307302908
126   306823591
127   306271527
128   305399539
129   304260202
130   303148788
131   302264639
132   301504316
133   300634236
134   299601617
135   298583766
136   297740264
137   297009880
138   296196795
139   295197201
140   294069693
141   292905109
142   291716040
143   290492888
144   289308938
145   288289561
146   287468662
147   286728888
148   285916636
149   284991484
150   284031019
151   283108535
152   282216535
153   281321639
154   280446873
155   279652062
156   278940502
157   278225354
158   277402307
159   276437387
160   275381612
161   274329489
162   273372407
163   272545726
164   271774871
165   270903509
166   269850561
167   268749202
168   267851234
169   267242181
170   266711150
171   265983302
172   265046234
173   264139374
174   263416254
175   262745617
176   261922425
177   260976890
178   260142781
179   259547296
180   259060582
181   258468910
182   257682481
183   256729006
184   255655104
185   254526888
186   253456555
187   252518745
188   251667100
189   250820801
190   249999996
191   249267381
192   248557071
193   247705424
194   246685909
195   245675242
196   244807245
197   243978940
198   243015865
199   241940713
200   240934458
201   240080463
202   239299853
203   238518516
204   237729946
205   236884580
206   235915765
207   234951809
208   234300320
209   234052059
210   233838834
211   233204413
212   232156517
213   231126286
214   230389520
215   229773909
216   229007812
217   228110614
218   227257542
219   226432140
220   225466305
221   224374843
222   223409284
223   222730090
224   222193846
225   221538825
226   220663507
227   219655708
228   218654555
229   217765708
230   217026109
231   216360876
232   215636331
233   214837238
234   214127255
235   213637633
236   213253505
237   212730017
238   211991044
239   211185520
240   210453955
241   209775026
242   209068365
243   208312707
244   207501234
245   206603626
246   205665593
247   204845104
248   204230807
249   203691599
250   203031458
251   202245332
252   201481098
253   200773035
254   199983345
255   199047548
256   198122584
257   197392879
258   196826177
259   196224686
260   195458568
261   194557978
262   193624342
263   192746840
264   191974039
265   191274276
266   190546174
267   189758966
268   189054487
269   188591509
270   188289816
271   187861777
272   187137666
273   186238024
274   185364148
275   184549467
276   183731497
277   182959500
278   182353492
279   181883987
280   181362758
281   180682730
282   179923107
283   179156872
284   178292856
285   177233356
286   176111400
287   175216597
288   174666649
289   174252680
290   173659294
291   172790711
292   171839770
293   171062427
294   170529671
295   170109687
296   169657258
297   169156963
298   168642930
299   168038105
300   167200783
301   166168689
302   165232867
303   164645038
304   164307202
305   163890280
306   163242475
307   162518931
308   161871234
309   161183116
310   160239642
311   159048888
312   157847857
313   156852183
314   156149204
315   155783630
316   155733994
317   155757407
318   155457560
319   154656136
320   153607384
321   152716082
322   152096870
323   151528100
324   150794859
325   149938030
326   149162386
327   148622100
328   148323374
329   148127805
330   147805322
331   147185445
332   146332992
333   145508490
334   144883350
335   144352285
336   143705861
337   142932431
338   142237709
339   141777311
340   141475058
341   141123291
342   140573927
343   139802923
344   138879669
345   137941490
346   137141832
347   136542530
348   136064570
349   135585529
350   135064201
351   134531055
352   133992751
353   133415632
354   132794449
355   132165403
356   131535621
357   130863030
358   130140575
359   129448435
360   128863449
361   128333561
362   127704891
363   126901322
364   126047911
365   125367399
366   124931884
367   124546450
368   123939112
369   123082647
370   122259511
371   121737864
372   121429828
373   120988367
374   120250602
375   119445725
376   118880700
377   118538971
378   118146471
379   117584223
380   117042687
381   116720999
382   116536073
383   116241277
384   115728721
385   115080768
386   114383273
387   113639212
388   112861193
389   112104888
390   111370089
391   110590078
392   109790970
393   109163475
394   108869610
395   108821191
396   108741380
397   108419294
398   107823156
399   107006121
400   106042547
401   105085853
402   104346567
403   103894564
404   103538038
405   103015274
406   102306746
407   101665815
408   101315434
409   101187717
410   101007028
411   100573617
412   99902475
413   99121264
414   98328933
415   97580531
416   96928255
417   96388467
418   95877562
419   95262936
420   94519386
421   93788409
422   93228714
423   92839923
424   92510925
425   92232063
426   92136675
427   92248543
428   92273207
429   91805242
430   90788838
431   89665156
432   88970211
433   88822075
434   88867857
435   88690650
436   88172301
437   87471667
438   86777740
439   86158459
440   85579095
441   84968486
442   84274369
443   83524836
444   82845344
445   82361569
446   82067870
447   81830117
448   81529775
449   81161680
450   80772939
451   80360886
452   79878432
453   79301585
454   78629036
455   77835876
456   76909483
457   75951332
458   75171094
459   74720488
460   74555478
461   74496486
462   74389476
463   74159607
464   73752034
465   73131796
466   72377521
467   71686857
468   71200259
469   70842189
470   70412931
471   69840089
472   69268258
473   68871461
474   68635178
475   68376666
476   67949700
477   67369718
478   66745065
479   66149689
480   65591337
481   65063021
482   64578420
483   64157948
484   63803034
485   63484354
486   63143751
487   62719425
488   62197611
489   61648096
490   61189119
491   60893604
492   60717685
493   60517430
494   60143627
495   59548549
496   58831882
497   58182017
498   57734710
499   57454663
500   57160116
501   56692181
502   56070792
503   55467088
504   55011092
505   54649333
506   54226061
507   53698390
