1522
1 0 0
0 0 1
1 4.28927e+08 0
2 0 0
0 0 1
1 4.28264e+08 0
3 0 0
0 0 1
1 4.27492e+08 0
4 0 0
0 0 1
1 4.26422e+08 0
5 0 0
0 0 1
1 4.25135e+08 0
6 0 0
0 0 1
1 4.23857e+08 0
7 0 0
0 0 1
1 4.22706e+08 0
8 0 0
0 0 1
1 4.21626e+08 0
9 0 0
0 0 1
1 4.2053e+08 0
10 0 0
0 0 1
1 4.19436e+08 0
11 0 0
0 0 1
1 4.18445e+08 0
12 0 0
0 0 1
1 4.17611e+08 0
13 0 0
0 0 1
1 4.16854e+08 0
14 0 0
0 0 1
1 4.16019e+08 0
15 0 0
0 0 1
1 4.15026e+08 0
16 0 0
0 0 1
1 4.13964e+08 0
17 0 0
0 0 1
1 4.12976e+08 0
18 0 0
0 0 1
1 4.12078e+08 0
19 0 0
0 0 1
1 4.11137e+08 0
20 0 0
0 0 1
1 4.10062e+08 0
21 0 0
0 0 1
1 4.08953e+08 0
22 0 0
0 0 1
1 4.07981e+08 0
23 0 0
0 0 1
1 4.07143e+08 0
24 0 0
0 0 1
1 4.06247e+08 0
25 0 0
0 0 1
1 4.05147e+08 0
26 0 0
0 0 1
1 4.03934e+08 0
27 0 0
0 0 1
1 4.02831e+08 0
28 0 0
0 0 1
1 4.01948e+08 0
29 0 0
0 0 1
1 4.01171e+08 0
30 0 0
0 0 1
1 4.00273e+08 0
31 0 0
0 0 1
1 3.99121e+08 0
32 0 0
0 0 1
1 3.97793e+08 0
33 0 0
0 0 1
1 3.96516e+08 0
34 0 0
0 0 1
1 3.95488e+08 0
35 0 0
0 0 1
1 3.94718e+08 0
36 0 0
0 0 1
1 3.94049e+08 0
37 0 0
0 0 1
1 3.9332e+08 0
38 0 0
0 0 1
1 3.92471e+08 0
39 0 0
0 0 1
1 3.91486e+08 0
40 0 0
0 0 1
1 3.90358e+08 0
41 0 0
0 0 1
1 3.8916e+08 0
42 0 0
0 0 1
1 3.88066e+08 0
43 0 0
0 0 1
1 3.87175e+08 0
44 0 0
0 0 1
1 3.86351e+08 0
45 0 0
0 0 1
1 3.85376e+08 0
46 0 0
0 0 1
1 3.8426e+08 0
47 0 0
0 0 1
1 3.83229e+08 0
48 0 0
0 0 1
1 3.82352e+08 0
49 0 0
0 0 1
1 3.81373e+08 0
50 0 0
0 0 1
1 3.80044e+08 0
51 0 0
0 0 1
1 3.78539e+08 0
52 0 0
0 0 1
1 3.77307e+08 0
53 0 0
0 0 1
1 3.76546e+08 0
54 0 0
0 0 1
1 3.75998e+08 0
55 0 0
0 0 1
1 3.75315e+08 0
56 0 0
0 0 1
1 3.7444e+08 0
57 0 0
0 0 1
1 3.73507e+08 0
58 0 0
0 0 1
1 3.72527e+08 0
59 0 0
0 0 1
1 3.71348e+08 0
60 0 0
0 0 1
1 3.69915e+08 0
61 0 0
0 0 1
1 3.68412e+08 0
62 0 0
0 0 1
1 3.67112e+08 0
63 0 0
0 0 1
1 3.66152e+08 0
64 0 0
0 0 1
1 3.65467e+08 0
65 0 0
0 0 1
1 3.64864e+08 0
66 0 0
0 0 1
1 3.64134e+08 0
67 0 0
0 0 1
1 3.63197e+08 0
68 0 0
0 0 1
1 3.62168e+08 0
69 0 0
0 0 1
1 3.61227e+08 0
70 0 0
0 0 1
1 3.60389e+08 0
71 0 0
0 0 1
1 3.59466e+08 0
72 0 0
0 0 1
1 3.58309e+08 0
73 0 0
0 0 1
1 3.57032e+08 0
74 0 0
0 0 1
1 3.559e+08 0
75 0 0
0 0 1
1 3.55049e+08 0
76 0 0
0 0 1
1 3.54359e+08 0
77 0 0
0 0 1
1 3.53593e+08 0
78 0 0
0 0 1
1 3.52593e+08 0
79 0 0
0 0 1
1 3.51349e+08 0
80 0 0
0 0 1
1 3.49984e+08 0
81 0 0
0 0 1
1 3.48686e+08 0
82 0 0
0 0 1
1 3.47596e+08 0
83 0 0
0 0 1
1 3.46707e+08 0
84 0 0
0 0 1
1 3.45913e+08 0
85 0 0
0 0 1
1 3.4515e+08 0
86 0 0
0 0 1
1 3.44435e+08 0
87 0 0
0 0 1
1 3.43737e+08 0
88 0 0
0 0 1
1 3.42926e+08 0
89 0 0
0 0 1
1 3.41892e+08 0
90 0 0
0 0 1
1 3.40682e+08 0
91 0 0
0 0 1
1 3.3943e+08 0
92 0 0
0 0 1
1 3.38206e+08 0
93 0 0
0 0 1
1 3.37034e+08 0
94 0 0
0 0 1
1 3.36021e+08 0
95 0 0
0 0 1
1 3.35314e+08 0
96 0 0
0 0 1
1 3.34877e+08 0
97 0 0
0 0 1
1 3.34428e+08 0
98 0 0
0 0 1
1 3.33692e+08 0
99 0 0
0 0 1
1 3.32679e+08 0
100 0 0
0 0 1
1 3.31627e+08 0
101 0 0
0 0 1
1 3.30688e+08 0
102 0 0
0 0 1
1 3.29775e+08 0
103 0 0
0 0 1
1 3.28731e+08 0
104 0 0
0 0 1
1 3.27557e+08 0
105 0 0
0 0 1
1 3.26424e+08 0
106 0 0
0 0 1
1 3.25473e+08 0
107 0 0
0 0 1
1 3.24651e+08 0
108 0 0
0 0 1
1 3.23743e+08 0
109 0 0
0 0 1
1 3.22567e+08 0
110 0 0
0 0 1
1 3.21161e+08 0
111 0 0
0 0 1
1 3.19775e+08 0
112 0 0
0 0 1
1 3.18657e+08 0
113 0 0
0 0 1
1 3.17816e+08 0
114 0 0
0 0 1
1 3.17033e+08 0
115 0 0
0 0 1
1 3.16103e+08 0
116 0 0
0 0 1
1 3.15037e+08 0
117 0 0
0 0 1
1 3.1401e+08 0
118 0 0
0 0 1
1 3.13148e+08 0
119 0 0
0 0 1
1 3.12423e+08 0
120 0 0
0 0 1
1 3.11712e+08 0
121 0 0
0 0 1
1 3.10903e+08 0
122 0 0
0 0 1
1 3.09951e+08 0
123 0 0
0 0 1
1 3.08921e+08 0
124 0 0
0 0 1
1 3.07986e+08 0
125 0 0
0 0 1
1 3.07303e+08 0
126 0 0
0 0 1
1 3.06824e+08 0
127 0 0
0 0 1
1 3.06272e+08 0
128 0 0
0 0 1
1 3.054e+08 0
129 0 0
0 0 1
1 3.0426e+08 0
130 0 0
0 0 1
1 3.03149e+08 0
131 0 0
0 0 1
1 3.02265e+08 0
132 0 0
0 0 1
1 3.01504e+08 0
133 0 0
0 0 1
1 3.00634e+08 0
134 0 0
0 0 1
1 2.99602e+08 0
135 0 0
0 0 1
1 2.98584e+08 0
136 0 0
0 0 1
1 2.9774e+08 0
137 0 0
0 0 1
1 2.9701e+08 0
138 0 0
0 0 1
1 2.96197e+08 0
139 0 0
0 0 1
1 2.95197e+08 0
140 0 0
0 0 1
1 2.9407e+08 0
141 0 0
0 0 1
1 2.92905e+08 0
142 0 0
0 0 1
1 2.91716e+08 0
143 0 0
0 0 1
1 2.90493e+08 0
144 0 0
0 0 1
1 2.89309e+08 0
145 0 0
0 0 1
1 2.8829e+08 0
146 0 0
0 0 1
1 2.87469e+08 0
147 0 0
0 0 1
1 2.86729e+08 0
148 0 0
0 0 1
1 2.85917e+08 0
149 0 0
0 0 1
1 2.84991e+08 0
150 0 0
0 0 1
1 2.84031e+08 0
151 0 0
0 0 1
1 2.83109e+08 0
152 0 0
0 0 1
1 2.82217e+08 0
153 0 0
0 0 1
1 2.81322e+08 0
154 0 0
0 0 1
1 2.80447e+08 0
155 0 0
0 0 1
1 2.79652e+08 0
156 0 0
0 0 1
1 2.78941e+08 0
157 0 0
0 0 1
1 2.78225e+08 0
158 0 0
0 0 1
1 2.77402e+08 0
159 0 0
0 0 1
1 2.76437e+08 0
160 0 0
0 0 1
1 2.75382e+08 0
161 0 0
0 0 1
1 2.7433e+08 0
162 0 0
0 0 1
1 2.73372e+08 0
163 0 0
0 0 1
1 2.72546e+08 0
164 0 0
0 0 1
1 2.71775e+08 0
165 0 0
0 0 1
1 2.70904e+08 0
166 0 0
0 0 1
1 2.69851e+08 0
167 0 0
0 0 1
1 2.68749e+08 0
168 0 0
0 0 1
1 2.67851e+08 0
169 0 0
0 0 1
1 2.67242e+08 0
170 0 0
0 0 1
1 2.66711e+08 0
171 0 0
0 0 1
1 2.65983e+08 0
172 0 0
0 0 1
1 2.65046e+08 0
173 0 0
0 0 1
1 2.64139e+08 0
174 0 0
0 0 1
1 2.63416e+08 0
175 0 0
0 0 1
1 2.62746e+08 0
176 0 0
0 0 1
1 2.61922e+08 0
177 0 0
0 0 1
1 2.60977e+08 0
178 0 0
0 0 1
1 2.60143e+08 0
179 0 0
0 0 1
1 2.59547e+08 0
180 0 0
0 0 1
1 2.59061e+08 0
181 0 0
0 0 1
1 2.58469e+08 0
182 0 0
0 0 1
1 2.57682e+08 0
183 0 0
0 0 1
1 2.56729e+08 0
184 0 0
0 0 1
1 2.55655e+08 0
185 0 0
0 0 1
1 2.54527e+08 0
186 0 0
0 0 1
1 2.53457e+08 0
187 0 0
0 0 1
1 2.52519e+08 0
188 0 0
0 0 1
1 2.51667e+08 0
189 0 0
0 0 1
1 2.50821e+08 0
190 0 0
0 0 1
1 2.5e+08 0
191 0 0
0 0 1
1 2.49267e+08 0
192 0 0
0 0 1
1 2.48557e+08 0
193 0 0
0 0 1
1 2.47705e+08 0
194 0 0
0 0 1
1 2.46686e+08 0
195 0 0
0 0 1
1 2.45675e+08 0
196 0 0
0 0 1
1 2.44807e+08 0
197 0 0
0 0 1
1 2.43979e+08 0
198 0 0
0 0 1
1 2.43016e+08 0
199 0 0
0 0 1
1 2.41941e+08 0
200 0 0
0 0 1
1 2.40934e+08 0
201 0 0
0 0 1
1 2.4008e+08 0
202 0 0
0 0 1
1 2.393e+08 0
203 0 0
0 0 1
1 2.38519e+08 0
204 0 0
0 0 1
1 2.3773e+08 0
205 0 0
0 0 1
1 2.36885e+08 0
206 0 0
0 0 1
1 2.35916e+08 0
207 0 0
0 0 1
1 2.34952e+08 0
208 0 0
0 0 1
1 2.343e+08 0
209 0 0
0 0 1
1 2.34052e+08 0
210 0 0
0 0 1
1 2.33839e+08 0
211 0 0
0 0 1
1 2.33204e+08 0
212 0 0
0 0 1
1 2.32157e+08 0
213 0 0
0 0 1
1 2.31126e+08 0
214 0 0
0 0 1
1 2.3039e+08 0
215 0 0
0 0 1
1 2.29774e+08 0
216 0 0
0 0 1
1 2.29008e+08 0
217 0 0
0 0 1
1 2.28111e+08 0
218 0 0
0 0 1
1 2.27258e+08 0
219 0 0
0 0 1
1 2.26432e+08 0
220 0 0
0 0 1
1 2.25466e+08 0
221 0 0
0 0 1
1 2.24375e+08 0
222 0 0
0 0 1
1 2.23409e+08 0
223 0 0
0 0 1
1 2.2273e+08 0
224 0 0
0 0 1
1 2.22194e+08 0
225 0 0
0 0 1
1 2.21539e+08 0
226 0 0
0 0 1
1 2.20664e+08 0
227 0 0
0 0 1
1 2.19656e+08 0
228 0 0
0 0 1
1 2.18655e+08 0
229 0 0
0 0 1
1 2.17766e+08 0
230 0 0
0 0 1
1 2.17026e+08 0
231 0 0
0 0 1
1 2.16361e+08 0
232 0 0
0 0 1
1 2.15636e+08 0
233 0 0
0 0 1
1 2.14837e+08 0
234 0 0
0 0 1
1 2.14127e+08 0
235 0 0
0 0 1
1 2.13638e+08 0
236 0 0
0 0 1
1 2.13254e+08 0
237 0 0
0 0 1
1 2.1273e+08 0
238 0 0
0 0 1
1 2.11991e+08 0
239 0 0
0 0 1
1 2.11186e+08 0
240 0 0
0 0 1
1 2.10454e+08 0
241 0 0
0 0 1
1 2.09775e+08 0
242 0 0
0 0 1
1 2.09068e+08 0
243 0 0
0 0 1
1 2.08313e+08 0
244 0 0
0 0 1
1 2.07501e+08 0
245 0 0
0 0 1
1 2.06604e+08 0
246 0 0
0 0 1
1 2.05666e+08 0
247 0 0
0 0 1
1 2.04845e+08 0
248 0 0
0 0 1
1 2.04231e+08 0
249 0 0
0 0 1
1 2.03692e+08 0
250 0 0
0 0 1
1 2.03031e+08 0
251 0 0
0 0 1
1 2.02245e+08 0
252 0 0
0 0 1
1 2.01481e+08 0
253 0 0
0 0 1
1 2.00773e+08 0
254 0 0
0 0 1
1 1.99983e+08 0
255 0 0
0 0 1
1 1.99048e+08 0
256 0 0
0 0 1
1 1.98123e+08 0
257 0 0
0 0 1
1 1.97393e+08 0
258 0 0
0 0 1
1 1.96826e+08 0
259 0 0
0 0 1
1 1.96225e+08 0
260 0 0
0 0 1
1 1.95459e+08 0
261 0 0
0 0 1
1 1.94558e+08 0
262 0 0
0 0 1
1 1.93624e+08 0
263 0 0
0 0 1
1 1.92747e+08 0
264 0 0
0 0 1
1 1.91974e+08 0
265 0 0
0 0 1
1 1.91274e+08 0
266 0 0
0 0 1
1 1.90546e+08 0
267 0 0
0 0 1
1 1.89759e+08 0
268 0 0
0 0 1
1 1.89054e+08 0
269 0 0
0 0 1
1 1.88592e+08 0
270 0 0
0 0 1
1 1.8829e+08 0
271 0 0
0 0 1
1 1.87862e+08 0
272 0 0
0 0 1
1 1.87138e+08 0
273 0 0
0 0 1
1 1.86238e+08 0
274 0 0
0 0 1
1 1.85364e+08 0
275 0 0
0 0 1
1 1.84549e+08 0
276 0 0
0 0 1
1 1.83732e+08 0
277 0 0
0 0 1
1 1.8296e+08 0
278 0 0
0 0 1
1 1.82353e+08 0
279 0 0
0 0 1
1 1.81884e+08 0
280 0 0
0 0 1
1 1.81363e+08 0
281 0 0
0 0 1
1 1.80683e+08 0
282 0 0
0 0 1
1 1.79923e+08 0
283 0 0
0 0 1
1 1.79157e+08 0
284 0 0
0 0 1
1 1.78293e+08 0
285 0 0
0 0 1
1 1.77233e+08 0
286 0 0
0 0 1
1 1.76111e+08 0
287 0 0
0 0 1
1 1.75217e+08 0
288 0 0
0 0 1
1 1.74667e+08 0
289 0 0
0 0 1
1 1.74253e+08 0
290 0 0
0 0 1
1 1.73659e+08 0
291 0 0
0 0 1
1 1.72791e+08 0
292 0 0
0 0 1
1 1.7184e+08 0
293 0 0
0 0 1
1 1.71062e+08 0
294 0 0
0 0 1
1 1.7053e+08 0
295 0 0
0 0 1
1 1.7011e+08 0
296 0 0
0 0 1
1 1.69657e+08 0
297 0 0
0 0 1
1 1.69157e+08 0
298 0 0
0 0 1
1 1.68643e+08 0
299 0 0
0 0 1
1 1.68038e+08 0
300 0 0
0 0 1
1 1.67201e+08 0
301 0 0
0 0 1
1 1.66169e+08 0
302 0 0
0 0 1
1 1.65233e+08 0
303 0 0
0 0 1
1 1.64645e+08 0
304 0 0
0 0 1
1 1.64307e+08 0
305 0 0
0 0 1
1 1.6389e+08 0
306 0 0
0 0 1
1 1.63242e+08 0
307 0 0
0 0 1
1 1.62519e+08 0
308 0 0
0 0 1
1 1.61871e+08 0
309 0 0
0 0 1
1 1.61183e+08 0
310 0 0
0 0 1
1 1.6024e+08 0
311 0 0
0 0 1
1 1.59049e+08 0
312 0 0
0 0 1
1 1.57848e+08 0
313 0 0
0 0 1
1 1.56852e+08 0
314 0 0
0 0 1
1 1.56149e+08 0
315 0 0
0 0 1
1 1.55784e+08 0
316 0 0
0 0 1
1 1.55734e+08 0
317 0 0
0 0 1
1 1.55757e+08 0
318 0 0
0 0 1
1 1.55458e+08 0
319 0 0
0 0 1
1 1.54656e+08 0
320 0 0
0 0 1
1 1.53607e+08 0
321 0 0
0 0 1
1 1.52716e+08 0
322 0 0
0 0 1
1 1.52097e+08 0
323 0 0
0 0 1
1 1.51528e+08 0
324 0 0
0 0 1
1 1.50795e+08 0
325 0 0
0 0 1
1 1.49938e+08 0
326 0 0
0 0 1
1 1.49162e+08 0
327 0 0
0 0 1
1 1.48622e+08 0
328 0 0
0 0 1
1 1.48323e+08 0
329 0 0
0 0 1
1 1.48128e+08 0
330 0 0
0 0 1
1 1.47805e+08 0
331 0 0
0 0 1
1 1.47185e+08 0
332 0 0
0 0 1
1 1.46333e+08 0
333 0 0
0 0 1
1 1.45508e+08 0
334 0 0
0 0 1
1 1.44883e+08 0
335 0 0
0 0 1
1 1.44352e+08 0
336 0 0
0 0 1
1 1.43706e+08 0
337 0 0
0 0 1
1 1.42932e+08 0
338 0 0
0 0 1
1 1.42238e+08 0
339 0 0
0 0 1
1 1.41777e+08 0
340 0 0
0 0 1
1 1.41475e+08 0
341 0 0
0 0 1
1 1.41123e+08 0
342 0 0
0 0 1
1 1.40574e+08 0
343 0 0
0 0 1
1 1.39803e+08 0
344 0 0
0 0 1
1 1.3888e+08 0
345 0 0
0 0 1
1 1.37941e+08 0
346 0 0
0 0 1
1 1.37142e+08 0
347 0 0
0 0 1
1 1.36543e+08 0
348 0 0
0 0 1
1 1.36065e+08 0
349 0 0
0 0 1
1 1.35586e+08 0
350 0 0
0 0 1
1 1.35064e+08 0
351 0 0
0 0 1
1 1.34531e+08 0
352 0 0
0 0 1
1 1.33993e+08 0
353 0 0
0 0 1
1 1.33416e+08 0
354 0 0
0 0 1
1 1.32794e+08 0
355 0 0
0 0 1
1 1.32165e+08 0
356 0 0
0 0 1
1 1.31536e+08 0
357 0 0
0 0 1
1 1.30863e+08 0
358 0 0
0 0 1
1 1.30141e+08 0
359 0 0
0 0 1
1 1.29448e+08 0
360 0 0
0 0 1
1 1.28863e+08 0
361 0 0
0 0 1
1 1.28334e+08 0
362 0 0
0 0 1
1 1.27705e+08 0
363 0 0
0 0 1
1 1.26901e+08 0
364 0 0
0 0 1
1 1.26048e+08 0
365 0 0
0 0 1
1 1.25367e+08 0
366 0 0
0 0 1
1 1.24932e+08 0
367 0 0
0 0 1
1 1.24546e+08 0
368 0 0
0 0 1
1 1.23939e+08 0
369 0 0
0 0 1
1 1.23083e+08 0
370 0 0
0 0 1
1 1.2226e+08 0
371 0 0
0 0 1
1 1.21738e+08 0
372 0 0
0 0 1
1 1.2143e+08 0
373 0 0
0 0 1
1 1.20988e+08 0
374 0 0
0 0 1
1 1.20251e+08 0
375 0 0
0 0 1
1 1.19446e+08 0
376 0 0
0 0 1
1 1.18881e+08 0
377 0 0
0 0 1
1 1.18539e+08 0
378 0 0
0 0 1
1 1.18146e+08 0
379 0 0
0 0 1
1 1.17584e+08 0
380 0 0
0 0 1
1 1.17043e+08 0
381 0 0
0 0 1
1 1.16721e+08 0
382 0 0
0 0 1
1 1.16536e+08 0
383 0 0
0 0 1
1 1.16241e+08 0
384 0 0
0 0 1
1 1.15729e+08 0
385 0 0
0 0 1
1 1.15081e+08 0
386 0 0
0 0 1
1 1.14383e+08 0
387 0 0
0 0 1
1 1.13639e+08 0
388 0 0
0 0 1
1 1.12861e+08 0
389 0 0
0 0 1
1 1.12105e+08 0
390 0 0
0 0 1
1 1.1137e+08 0
391 0 0
0 0 1
1 1.1059e+08 0
392 0 0
0 0 1
1 1.09791e+08 0
393 0 0
0 0 1
1 1.09163e+08 0
394 0 0
0 0 1
1 1.0887e+08 0
395 0 0
0 0 1
1 1.08821e+08 0
396 0 0
0 0 1
1 1.08741e+08 0
397 0 0
0 0 1
1 1.08419e+08 0
398 0 0
0 0 1
1 1.07823e+08 0
399 0 0
0 0 1
1 1.07006e+08 0
400 0 0
0 0 1
1 1.06043e+08 0
401 0 0
0 0 1
1 1.05086e+08 0
402 0 0
0 0 1
1 1.04347e+08 0
403 0 0
0 0 1
1 1.03895e+08 0
404 0 0
0 0 1
1 1.03538e+08 0
405 0 0
0 0 1
1 1.03015e+08 0
406 0 0
0 0 1
1 1.02307e+08 0
407 0 0
0 0 1
1 1.01666e+08 0
408 0 0
0 0 1
1 1.01315e+08 0
409 0 0
0 0 1
1 1.01188e+08 0
410 0 0
0 0 1
1 1.01007e+08 0
411 0 0
0 0 1
1 1.00574e+08 0
412 0 0
0 0 1
1 9.99025e+07 0
413 0 0
0 0 1
1 9.91213e+07 0
414 0 0
0 0 1
1 9.83289e+07 0
415 0 0
0 0 1
1 9.75805e+07 0
416 0 0
0 0 1
1 9.69283e+07 0
417 0 0
0 0 1
1 9.63885e+07 0
418 0 0
0 0 1
1 9.58776e+07 0
419 0 0
0 0 1
1 9.52629e+07 0
420 0 0
0 0 1
1 9.45194e+07 0
421 0 0
0 0 1
1 9.37884e+07 0
422 0 0
0 0 1
1 9.32287e+07 0
423 0 0
0 0 1
1 9.28399e+07 0
424 0 0
0 0 1
1 9.25109e+07 0
425 0 0
0 0 1
1 9.22321e+07 0
426 0 0
0 0 1
1 9.21367e+07 0
427 0 0
0 0 1
1 9.22485e+07 0
428 0 0
0 0 1
1 9.22732e+07 0
429 0 0
0 0 1
1 9.18052e+07 0
430 0 0
0 0 1
1 9.07888e+07 0
431 0 0
0 0 1
1 8.96652e+07 0
432 0 0
0 0 1
1 8.89702e+07 0
433 0 0
0 0 1
1 8.88221e+07 0
434 0 0
0 0 1
1 8.88679e+07 0
435 0 0
0 0 1
1 8.86906e+07 0
436 0 0
0 0 1
1 8.81723e+07 0
437 0 0
0 0 1
1 8.74717e+07 0
438 0 0
0 0 1
1 8.67777e+07 0
439 0 0
0 0 1
1 8.61585e+07 0
440 0 0
0 0 1
1 8.55791e+07 0
441 0 0
0 0 1
1 8.49685e+07 0
442 0 0
0 0 1
1 8.42744e+07 0
443 0 0
0 0 1
1 8.35248e+07 0
444 0 0
0 0 1
1 8.28453e+07 0
445 0 0
0 0 1
1 8.23616e+07 0
446 0 0
0 0 1
1 8.20679e+07 0
447 0 0
0 0 1
1 8.18301e+07 0
448 0 0
0 0 1
1 8.15298e+07 0
449 0 0
0 0 1
1 8.11617e+07 0
450 0 0
0 0 1
1 8.07729e+07 0
451 0 0
0 0 1
1 8.03609e+07 0
452 0 0
0 0 1
1 7.98784e+07 0
453 0 0
0 0 1
1 7.93016e+07 0
454 0 0
0 0 1
1 7.8629e+07 0
455 0 0
0 0 1
1 7.78359e+07 0
456 0 0
0 0 1
1 7.69095e+07 0
457 0 0
0 0 1
1 7.59513e+07 0
458 0 0
0 0 1
1 7.51711e+07 0
459 0 0
0 0 1
1 7.47205e+07 0
460 0 0
0 0 1
1 7.45555e+07 0
461 0 0
0 0 1
1 7.44965e+07 0
462 0 0
0 0 1
1 7.43895e+07 0
463 0 0
0 0 1
1 7.41596e+07 0
464 0 0
0 0 1
1 7.3752e+07 0
465 0 0
0 0 1
1 7.31318e+07 0
466 0 0
0 0 1
1 7.23775e+07 0
467 0 0
0 0 1
1 7.16869e+07 0
468 0 0
0 0 1
1 7.12003e+07 0
469 0 0
0 0 1
1 7.08422e+07 0
470 0 0
0 0 1
1 7.04129e+07 0
471 0 0
0 0 1
1 6.98401e+07 0
472 0 0
0 0 1
1 6.92683e+07 0
473 0 0
0 0 1
1 6.88715e+07 0
474 0 0
0 0 1
1 6.86352e+07 0
475 0 0
0 0 1
1 6.83767e+07 0
476 0 0
0 0 1
1 6.79497e+07 0
477 0 0
0 0 1
1 6.73697e+07 0
478 0 0
0 0 1
1 6.67451e+07 0
479 0 0
0 0 1
1 6.61497e+07 0
480 0 0
0 0 1
1 6.55913e+07 0
481 0 0
0 0 1
1 6.5063e+07 0
482 0 0
0 0 1
1 6.45784e+07 0
483 0 0
0 0 1
1 6.41579e+07 0
484 0 0
0 0 1
1 6.3803e+07 0
485 0 0
0 0 1
1 6.34844e+07 0
486 0 0
0 0 1
1 6.31438e+07 0
487 0 0
0 0 1
1 6.27194e+07 0
488 0 0
0 0 1
1 6.21976e+07 0
489 0 0
0 0 1
1 6.16481e+07 0
490 0 0
0 0 1
1 6.11891e+07 0
491 0 0
0 0 1
1 6.08936e+07 0
492 0 0
0 0 1
1 6.07177e+07 0
493 0 0
0 0 1
1 6.05174e+07 0
494 0 0
0 0 1
1 6.01436e+07 0
495 0 0
0 0 1
1 5.95485e+07 0
496 0 0
0 0 1
1 5.88319e+07 0
497 0 0
0 0 1
1 5.8182e+07 0
498 0 0
0 0 1
1 5.77347e+07 0
499 0 0
0 0 1
1 5.74547e+07 0
500 0 0
0 0 1
1 5.71601e+07 0
501 0 0
0 0 1
1 5.66922e+07 0
502 0 0
0 0 1
1 5.60708e+07 0
503 0 0
0 0 1
1 5.54671e+07 0
504 0 0
0 0 1
1 5.50111e+07 0
505 0 0
0 0 1
1 5.46493e+07 0
506 0 0
0 0 1
1 5.42261e+07 0
507 0 0
0 0 1
1 5.36984e+07 0
-1 0 0
