1423
1 0 0
0 0 1
1 2.23636e+08 0
2 0 0
0 0 1
1 2.22998e+08 0
3 0 0
0 0 1
1 2.22107e+08 0
4 0 0
0 0 1
1 2.21298e+08 0
5 0 0
0 0 1
1 2.2084e+08 0
6 0 0
0 0 1
1 2.20651e+08 0
7 0 0
0 0 1
1 2.20407e+08 0
8 0 0
0 0 1
1 2.19894e+08 0
9 0 0
0 0 1
1 2.1922e+08 0
10 0 0
0 0 1
1 2.18661e+08 0
11 0 0
0 0 1
1 2.1838e+08 0
12 0 0
0 0 1
1 2.18269e+08 0
13 0 0
0 0 1
1 2.18043e+08 0
14 0 0
0 0 1
1 2.17455e+08 0
15 0 0
0 0 1
1 2.16495e+08 0
16 0 0
0 0 1
1 2.15414e+08 0
17 0 0
0 0 1
1 2.14512e+08 0
18 0 0
0 0 1
1 2.13847e+08 0
19 0 0
0 0 1
1 2.1319e+08 0
20 0 0
0 0 1
1 2.12337e+08 0
21 0 0
0 0 1
1 2.11414e+08 0
22 0 0
0 0 1
1 2.10763e+08 0
23 0 0
0 0 1
1 2.10482e+08 0
24 0 0
0 0 1
1 2.10227e+08 0
25 0 0
0 0 1
1 2.09589e+08 0
26 0 0
0 0 1
1 2.08592e+08 0
27 0 0
0 0 1
1 2.07677e+08 0
28 0 0
0 0 1
1 2.07186e+08 0
29 0 0
0 0 1
1 2.07003e+08 0
30 0 0
0 0 1
1 2.06768e+08 0
31 0 0
0 0 1
1 2.06301e+08 0
32 0 0
0 0 1
1 2.05706e+08 0
33 0 0
0 0 1
1 2.05105e+08 0
34 0 0
0 0 1
1 2.04467e+08 0
35 0 0
0 0 1
1 2.03749e+08 0
36 0 0
0 0 1
1 2.03056e+08 0
37 0 0
0 0 1
1 2.0256e+08 0
38 0 0
0 0 1
1 2.02287e+08 0
39 0 0
0 0 1
1 2.021e+08 0
40 0 0
0 0 1
1 2.01866e+08 0
41 0 0
0 0 1
1 2.01574e+08 0
42 0 0
0 0 1
1 2.01229e+08 0
43 0 0
0 0 1
1 2.00747e+08 0
44 0 0
0 0 1
1 2.00013e+08 0
45 0 0
0 0 1
1 1.99055e+08 0
46 0 0
0 0 1
1 1.98068e+08 0
47 0 0
0 0 1
1 1.97262e+08 0
48 0 0
0 0 1
1 1.96689e+08 0
49 0 0
0 0 1
1 1.96246e+08 0
50 0 0
0 0 1
1 1.95802e+08 0
51 0 0
0 0 1
1 1.95293e+08 0
52 0 0
0 0 1
1 1.94718e+08 0
53 0 0
0 0 1
1 1.9407e+08 0
54 0 0
0 0 1
1 1.93313e+08 0
55 0 0
0 0 1
1 1.92431e+08 0
56 0 0
0 0 1
1 1.91497e+08 0
57 0 0
0 0 1
1 1.9067e+08 0
58 0 0
0 0 1
1 1.90064e+08 0
59 0 0
0 0 1
1 1.89638e+08 0
60 0 0
0 0 1
1 1.89233e+08 0
61 0 0
0 0 1
1 1.88766e+08 0
62 0 0
0 0 1
1 1.88315e+08 0
63 0 0
0 0 1
1 1.87966e+08 0
64 0 0
0 0 1
1 1.87626e+08 0
65 0 0
0 0 1
1 1.87095e+08 0
66 0 0
0 0 1
1 1.8635e+08 0
67 0 0
0 0 1
1 1.85629e+08 0
68 0 0
0 0 1
1 1.85151e+08 0
69 0 0
0 0 1
1 1.84842e+08 0
70 0 0
0 0 1
1 1.84478e+08 0
71 0 0
0 0 1
1 1.8404e+08 0
72 0 0
0 0 1
1 1.83753e+08 0
73 0 0
0 0 1
1 1.83706e+08 0
74 0 0
0 0 1
1 1.83602e+08 0
75 0 0
0 0 1
1 1.83063e+08 0
76 0 0
0 0 1
1 1.82112e+08 0
77 0 0
0 0 1
1 1.81188e+08 0
78 0 0
0 0 1
1 1.8066e+08 0
79 0 0
0 0 1
1 1.8045e+08 0
80 0 0
0 0 1
1 1.80218e+08 0
81 0 0
0 0 1
1 1.79771e+08 0
82 0 0
0 0 1
1 1.79192e+08 0
83 0 0
0 0 1
1 1.78632e+08 0
84 0 0
0 0 1
1 1.78124e+08 0
85 0 0
0 0 1
1 1.77627e+08 0
86 0 0
0 0 1
1 1.77126e+08 0
87 0 0
0 0 1
1 1.76629e+08 0
88 0 0
0 0 1
1 1.76099e+08 0
89 0 0
0 0 1
1 1.7548e+08 0
90 0 0
0 0 1
1 1.74783e+08 0
91 0 0
0 0 1
1 1.7411e+08 0
92 0 0
0 0 1
1 1.73578e+08 0
93 0 0
0 0 1
1 1.73196e+08 0
94 0 0
0 0 1
1 1.72816e+08 0
95 0 0
0 0 1
1 1.72215e+08 0
96 0 0
0 0 1
1 1.71294e+08 0
97 0 0
0 0 1
1 1.70203e+08 0
98 0 0
0 0 1
1 1.69236e+08 0
99 0 0
0 0 1
1 1.6856e+08 0
100 0 0
0 0 1
1 1.68086e+08 0
101 0 0
0 0 1
1 1.67639e+08 0
102 0 0
0 0 1
1 1.67199e+08 0
103 0 0
0 0 1
1 1.66891e+08 0
104 0 0
0 0 1
1 1.66746e+08 0
105 0 0
0 0 1
1 1.66585e+08 0
106 0 0
0 0 1
1 1.66219e+08 0
107 0 0
0 0 1
1 1.65664e+08 0
108 0 0
0 0 1
1 1.65091e+08 0
109 0 0
0 0 1
1 1.64567e+08 0
110 0 0
0 0 1
1 1.63959e+08 0
111 0 0
0 0 1
1 1.63139e+08 0
112 0 0
0 0 1
1 1.62198e+08 0
113 0 0
0 0 1
1 1.61393e+08 0
114 0 0
0 0 1
1 1.60891e+08 0
115 0 0
0 0 1
1 1.60617e+08 0
116 0 0
0 0 1
1 1.60369e+08 0
117 0 0
0 0 1
1 1.60027e+08 0
118 0 0
0 0 1
1 1.59616e+08 0
119 0 0
0 0 1
1 1.59195e+08 0
120 0 0
0 0 1
1 1.58756e+08 0
121 0 0
0 0 1
1 1.5826e+08 0
122 0 0
0 0 1
1 1.57702e+08 0
123 0 0
0 0 1
1 1.57111e+08 0
124 0 0
0 0 1
1 1.56499e+08 0
125 0 0
0 0 1
1 1.55878e+08 0
126 0 0
0 0 1
1 1.55317e+08 0
127 0 0
0 0 1
1 1.54881e+08 0
128 0 0
0 0 1
1 1.54508e+08 0
129 0 0
0 0 1
1 1.54006e+08 0
130 0 0
0 0 1
1 1.53275e+08 0
131 0 0
0 0 1
1 1.52452e+08 0
132 0 0
0 0 1
1 1.51769e+08 0
133 0 0
0 0 1
1 1.51284e+08 0
134 0 0
0 0 1
1 1.50879e+08 0
135 0 0
0 0 1
1 1.50503e+08 0
136 0 0
0 0 1
1 1.50242e+08 0
137 0 0
0 0 1
1 1.50069e+08 0
138 0 0
0 0 1
1 1.49712e+08 0
139 0 0
0 0 1
1 1.48949e+08 0
140 0 0
0 0 1
1 1.47973e+08 0
141 0 0
0 0 1
1 1.4724e+08 0
142 0 0
0 0 1
1 1.46936e+08 0
143 0 0
0 0 1
1 1.46791e+08 0
144 0 0
0 0 1
1 1.46485e+08 0
145 0 0
0 0 1
1 1.46045e+08 0
146 0 0
0 0 1
1 1.45662e+08 0
147 0 0
0 0 1
1 1.45296e+08 0
148 0 0
0 0 1
1 1.44707e+08 0
149 0 0
0 0 1
1 1.43873e+08 0
150 0 0
0 0 1
1 1.43109e+08 0
151 0 0
0 0 1
1 1.42685e+08 0
152 0 0
0 0 1
1 1.42509e+08 0
153 0 0
0 0 1
1 1.42315e+08 0
154 0 0
0 0 1
1 1.42e+08 0
155 0 0
0 0 1
1 1.41609e+08 0
156 0 0
0 0 1
1 1.411e+08 0
157 0 0
0 0 1
1 1.40382e+08 0
158 0 0
0 0 1
1 1.39579e+08 0
159 0 0
0 0 1
1 1.39005e+08 0
160 0 0
0 0 1
1 1.38764e+08 0
161 0 0
0 0 1
1 1.38563e+08 0
162 0 0
0 0 1
1 1.3808e+08 0
163 0 0
0 0 1
1 1.37401e+08 0
164 0 0
0 0 1
1 1.36894e+08 0
165 0 0
0 0 1
1 1.36704e+08 0
166 0 0
0 0 1
1 1.36565e+08 0
167 0 0
0 0 1
1 1.36165e+08 0
168 0 0
0 0 1
1 1.35507e+08 0
169 0 0
0 0 1
1 1.3482e+08 0
170 0 0
0 0 1
1 1.34245e+08 0
171 0 0
0 0 1
1 1.3374e+08 0
172 0 0
0 0 1
1 1.33228e+08 0
173 0 0
0 0 1
1 1.32686e+08 0
174 0 0
0 0 1
1 1.3208e+08 0
175 0 0
0 0 1
1 1.3139e+08 0
176 0 0
0 0 1
1 1.30712e+08 0
177 0 0
0 0 1
1 1.30236e+08 0
178 0 0
0 0 1
1 1.30025e+08 0
179 0 0
0 0 1
1 1.29893e+08 0
180 0 0
0 0 1
1 1.29587e+08 0
181 0 0
0 0 1
1 1.29048e+08 0
182 0 0
0 0 1
1 1.28414e+08 0
183 0 0
0 0 1
1 1.27796e+08 0
184 0 0
0 0 1
1 1.27171e+08 0
185 0 0
0 0 1
1 1.26506e+08 0
186 0 0
0 0 1
1 1.25879e+08 0
187 0 0
0 0 1
1 1.25411e+08 0
188 0 0
0 0 1
1 1.25138e+08 0
189 0 0
0 0 1
1 1.24998e+08 0
190 0 0
0 0 1
1 1.24894e+08 0
191 0 0
0 0 1
1 1.24719e+08 0
192 0 0
0 0 1
1 1.2437e+08 0
193 0 0
0 0 1
1 1.23832e+08 0
194 0 0
0 0 1
1 1.23244e+08 0
195 0 0
0 0 1
1 1.22778e+08 0
196 0 0
0 0 1
1 1.22449e+08 0
197 0 0
0 0 1
1 1.22115e+08 0
198 0 0
0 0 1
1 1.21687e+08 0
199 0 0
0 0 1
1 1.21229e+08 0
200 0 0
0 0 1
1 1.20803e+08 0
201 0 0
0 0 1
1 1.20306e+08 0
202 0 0
0 0 1
1 1.196e+08 0
203 0 0
0 0 1
1 1.18779e+08 0
204 0 0
0 0 1
1 1.18165e+08 0
205 0 0
0 0 1
1 1.17987e+08 0
206 0 0
0 0 1
1 1.1814e+08 0
207 0 0
0 0 1
1 1.18293e+08 0
208 0 0
0 0 1
1 1.18195e+08 0
209 0 0
0 0 1
1 1.17814e+08 0
210 0 0
0 0 1
1 1.17282e+08 0
211 0 0
0 0 1
1 1.16762e+08 0
212 0 0
0 0 1
1 1.16351e+08 0
213 0 0
0 0 1
1 1.16008e+08 0
214 0 0
0 0 1
1 1.15579e+08 0
215 0 0
0 0 1
1 1.14968e+08 0
216 0 0
0 0 1
1 1.14296e+08 0
217 0 0
0 0 1
1 1.13806e+08 0
218 0 0
0 0 1
1 1.13586e+08 0
219 0 0
0 0 1
1 1.13438e+08 0
220 0 0
0 0 1
1 1.13081e+08 0
221 0 0
0 0 1
1 1.1245e+08 0
222 0 0
0 0 1
1 1.11731e+08 0
223 0 0
0 0 1
1 1.11148e+08 0
224 0 0
0 0 1
1 1.10751e+08 0
225 0 0
0 0 1
1 1.1043e+08 0
226 0 0
0 0 1
1 1.10058e+08 0
227 0 0
0 0 1
1 1.09615e+08 0
228 0 0
0 0 1
1 1.09177e+08 0
229 0 0
0 0 1
1 1.08795e+08 0
230 0 0
0 0 1
1 1.08399e+08 0
231 0 0
0 0 1
1 1.07866e+08 0
232 0 0
0 0 1
1 1.07211e+08 0
233 0 0
0 0 1
1 1.06643e+08 0
234 0 0
0 0 1
1 1.06352e+08 0
235 0 0
0 0 1
1 1.06276e+08 0
236 0 0
0 0 1
1 1.06168e+08 0
237 0 0
0 0 1
1 1.05894e+08 0
238 0 0
0 0 1
1 1.05545e+08 0
239 0 0
0 0 1
1 1.05227e+08 0
240 0 0
0 0 1
1 1.04869e+08 0
241 0 0
0 0 1
1 1.04363e+08 0
242 0 0
0 0 1
1 1.03763e+08 0
243 0 0
0 0 1
1 1.03206e+08 0
244 0 0
0 0 1
1 1.02696e+08 0
245 0 0
0 0 1
1 1.02146e+08 0
246 0 0
0 0 1
1 1.01647e+08 0
247 0 0
0 0 1
1 1.01447e+08 0
248 0 0
0 0 1
1 1.01584e+08 0
249 0 0
0 0 1
1 1.01697e+08 0
250 0 0
0 0 1
1 1.01397e+08 0
251 0 0
0 0 1
1 1.00748e+08 0
252 0 0
0 0 1
1 1.00168e+08 0
253 0 0
0 0 1
1 9.98844e+07 0
254 0 0
0 0 1
1 9.96781e+07 0
255 0 0
0 0 1
1 9.9237e+07 0
256 0 0
0 0 1
1 9.85756e+07 0
257 0 0
0 0 1
1 9.7963e+07 0
258 0 0
0 0 1
1 9.75448e+07 0
259 0 0
0 0 1
1 9.72122e+07 0
260 0 0
0 0 1
1 9.68228e+07 0
261 0 0
0 0 1
1 9.63912e+07 0
262 0 0
0 0 1
1 9.60091e+07 0
263 0 0
0 0 1
1 9.56926e+07 0
264 0 0
0 0 1
1 9.53943e+07 0
265 0 0
0 0 1
1 9.51164e+07 0
266 0 0
0 0 1
1 9.49268e+07 0
267 0 0
0 0 1
1 9.48594e+07 0
268 0 0
0 0 1
1 9.48411e+07 0
269 0 0
0 0 1
1 9.47209e+07 0
270 0 0
0 0 1
1 9.43602e+07 0
271 0 0
0 0 1
1 9.37236e+07 0
272 0 0
0 0 1
1 9.29347e+07 0
273 0 0
0 0 1
1 9.22447e+07 0
274 0 0
0 0 1
1 9.18864e+07 0
275 0 0
0 0 1
1 9.18977e+07 0
276 0 0
0 0 1
1 9.20758e+07 0
277 0 0
0 0 1
1 9.21292e+07 0
278 0 0
0 0 1
1 9.18993e+07 0
279 0 0
0 0 1
1 9.14439e+07 0
280 0 0
0 0 1
1 9.09216e+07 0
281 0 0
0 0 1
1 9.04271e+07 0
282 0 0
0 0 1
1 8.99575e+07 0
283 0 0
0 0 1
1 8.94923e+07 0
284 0 0
0 0 1
1 8.90189e+07 0
285 0 0
0 0 1
1 8.84663e+07 0
286 0 0
0 0 1
1 8.77182e+07 0
287 0 0
0 0 1
1 8.67934e+07 0
288 0 0
0 0 1
1 8.59625e+07 0
289 0 0
0 0 1
1 8.55421e+07 0
290 0 0
0 0 1
1 8.5546e+07 0
291 0 0
0 0 1
1 8.56544e+07 0
292 0 0
0 0 1
1 8.55791e+07 0
293 0 0
0 0 1
1 8.534e+07 0
294 0 0
0 0 1
1 8.50913e+07 0
295 0 0
0 0 1
1 8.48161e+07 0
296 0 0
0 0 1
1 8.43902e+07 0
297 0 0
0 0 1
1 8.38913e+07 0
298 0 0
0 0 1
1 8.35952e+07 0
299 0 0
0 0 1
1 8.35889e+07 0
300 0 0
0 0 1
1 8.35959e+07 0
301 0 0
0 0 1
1 8.33319e+07 0
302 0 0
0 0 1
1 8.28847e+07 0
303 0 0
0 0 1
1 8.25494e+07 0
304 0 0
0 0 1
1 8.23733e+07 0
305 0 0
0 0 1
1 8.20963e+07 0
306 0 0
0 0 1
1 8.15412e+07 0
307 0 0
0 0 1
1 8.08509e+07 0
308 0 0
0 0 1
1 8.02666e+07 0
309 0 0
0 0 1
1 7.9845e+07 0
310 0 0
0 0 1
1 7.94969e+07 0
311 0 0
0 0 1
1 7.91663e+07 0
312 0 0
0 0 1
1 7.88424e+07 0
313 0 0
0 0 1
1 7.85043e+07 0
314 0 0
0 0 1
1 7.81925e+07 0
315 0 0
0 0 1
1 7.8042e+07 0
316 0 0
0 0 1
1 7.80758e+07 0
317 0 0
0 0 1
1 7.80368e+07 0
318 0 0
0 0 1
1 7.76406e+07 0
319 0 0
0 0 1
1 7.69888e+07 0
320 0 0
0 0 1
1 7.64996e+07 0
321 0 0
0 0 1
1 7.63671e+07 0
322 0 0
0 0 1
1 7.63134e+07 0
323 0 0
0 0 1
1 7.60153e+07 0
324 0 0
0 0 1
1 7.55694e+07 0
325 0 0
0 0 1
1 7.53e+07 0
326 0 0
0 0 1
1 7.52303e+07 0
327 0 0
0 0 1
1 7.5039e+07 0
328 0 0
0 0 1
1 7.45568e+07 0
329 0 0
0 0 1
1 7.40408e+07 0
330 0 0
0 0 1
1 7.38434e+07 0
331 0 0
0 0 1
1 7.39933e+07 0
332 0 0
0 0 1
1 7.42458e+07 0
333 0 0
0 0 1
1 7.44114e+07 0
334 0 0
0 0 1
1 7.44583e+07 0
335 0 0
0 0 1
1 7.43612e+07 0
336 0 0
0 0 1
1 7.4036e+07 0
337 0 0
0 0 1
1 7.34479e+07 0
338 0 0
0 0 1
1 7.26786e+07 0
339 0 0
0 0 1
1 7.18784e+07 0
340 0 0
0 0 1
1 7.12321e+07 0
341 0 0
0 0 1
1 7.0925e+07 0
342 0 0
0 0 1
1 7.0988e+07 0
343 0 0
0 0 1
1 7.11563e+07 0
344 0 0
0 0 1
1 7.10458e+07 0
345 0 0
0 0 1
1 7.05628e+07 0
346 0 0
0 0 1
1 7.0027e+07 0
347 0 0
0 0 1
1 6.97862e+07 0
348 0 0
0 0 1
1 6.98074e+07 0
349 0 0
0 0 1
1 6.97813e+07 0
350 0 0
0 0 1
1 6.95486e+07 0
351 0 0
0 0 1
1 6.92333e+07 0
352 0 0
0 0 1
1 6.8951e+07 0
353 0 0
0 0 1
1 6.8589e+07 0
354 0 0
0 0 1
1 6.79863e+07 0
355 0 0
0 0 1
1 6.72107e+07 0
356 0 0
0 0 1
1 6.651e+07 0
357 0 0
0 0 1
1 6.60245e+07 0
358 0 0
0 0 1
1 6.56761e+07 0
359 0 0
0 0 1
1 6.53528e+07 0
360 0 0
0 0 1
1 6.50911e+07 0
361 0 0
0 0 1
1 6.50068e+07 0
362 0 0
0 0 1
1 6.50942e+07 0
363 0 0
0 0 1
1 6.51766e+07 0
364 0 0
0 0 1
1 6.50821e+07 0
365 0 0
0 0 1
1 6.48394e+07 0
366 0 0
0 0 1
1 6.46561e+07 0
367 0 0
0 0 1
1 6.46799e+07 0
368 0 0
0 0 1
1 6.4806e+07 0
369 0 0
0 0 1
1 6.47697e+07 0
370 0 0
0 0 1
1 6.44312e+07 0
371 0 0
0 0 1
1 6.39005e+07 0
372 0 0
0 0 1
1 6.33543e+07 0
373 0 0
0 0 1
1 6.28201e+07 0
374 0 0
0 0 1
1 6.22514e+07 0
375 0 0
0 0 1
1 6.17593e+07 0
376 0 0
0 0 1
1 6.15874e+07 0
377 0 0
0 0 1
1 6.17822e+07 0
378 0 0
0 0 1
1 6.20267e+07 0
379 0 0
0 0 1
1 6.1942e+07 0
380 0 0
0 0 1
1 6.15074e+07 0
381 0 0
0 0 1
1 6.10437e+07 0
382 0 0
0 0 1
1 6.07888e+07 0
383 0 0
0 0 1
1 6.06374e+07 0
384 0 0
0 0 1
1 6.03531e+07 0
385 0 0
0 0 1
1 5.99038e+07 0
386 0 0
0 0 1
1 5.94634e+07 0
387 0 0
0 0 1
1 5.91451e+07 0
388 0 0
0 0 1
1 5.88739e+07 0
389 0 0
0 0 1
1 5.85345e+07 0
390 0 0
0 0 1
1 5.81258e+07 0
391 0 0
0 0 1
1 5.77146e+07 0
392 0 0
0 0 1
1 5.7319e+07 0
393 0 0
0 0 1
1 5.69264e+07 0
394 0 0
0 0 1
1 5.65946e+07 0
395 0 0
0 0 1
1 5.64462e+07 0
396 0 0
0 0 1
1 5.65328e+07 0
397 0 0
0 0 1
1 5.67478e+07 0
398 0 0
0 0 1
1 5.6895e+07 0
399 0 0
0 0 1
1 5.68239e+07 0
400 0 0
0 0 1
1 5.64952e+07 0
401 0 0
0 0 1
1 5.59611e+07 0
402 0 0
0 0 1
1 5.53268e+07 0
403 0 0
0 0 1
1 5.47132e+07 0
404 0 0
0 0 1
1 5.42091e+07 0
405 0 0
0 0 1
1 5.38358e+07 0
406 0 0
0 0 1
1 5.35712e+07 0
407 0 0
0 0 1
1 5.34121e+07 0
408 0 0
0 0 1
1 5.33854e+07 0
409 0 0
0 0 1
1 5.34846e+07 0
410 0 0
0 0 1
1 5.36179e+07 0
411 0 0
0 0 1
1 5.3651e+07 0
412 0 0
0 0 1
1 5.3502e+07 0
413 0 0
0 0 1
1 5.31827e+07 0
414 0 0
0 0 1
1 5.27598e+07 0
415 0 0
0 0 1
1 5.23079e+07 0
416 0 0
0 0 1
1 5.19027e+07 0
417 0 0
0 0 1
1 5.16154e+07 0
418 0 0
0 0 1
1 5.14764e+07 0
419 0 0
0 0 1
1 5.14514e+07 0
420 0 0
0 0 1
1 5.14696e+07 0
421 0 0
0 0 1
1 5.14612e+07 0
422 0 0
0 0 1
1 5.13529e+07 0
423 0 0
0 0 1
1 5.10675e+07 0
424 0 0
0 0 1
1 5.05972e+07 0
425 0 0
0 0 1
1 5.00859e+07 0
426 0 0
0 0 1
1 4.97624e+07 0
427 0 0
0 0 1
1 4.97276e+07 0
428 0 0
0 0 1
1 4.98233e+07 0
429 0 0
0 0 1
1 4.97673e+07 0
430 0 0
0 0 1
1 4.94295e+07 0
431 0 0
0 0 1
1 4.89399e+07 0
432 0 0
0 0 1
1 4.8518e+07 0
433 0 0
0 0 1
1 4.82344e+07 0
434 0 0
0 0 1
1 4.79624e+07 0
435 0 0
0 0 1
1 4.75397e+07 0
436 0 0
0 0 1
1 4.69413e+07 0
437 0 0
0 0 1
1 4.62986e+07 0
438 0 0
0 0 1
1 4.57789e+07 0
439 0 0
0 0 1
1 4.54651e+07 0
440 0 0
0 0 1
1 4.53366e+07 0
441 0 0
0 0 1
1 4.53324e+07 0
442 0 0
0 0 1
1 4.53966e+07 0
443 0 0
0 0 1
1 4.54612e+07 0
444 0 0
0 0 1
1 4.54332e+07 0
445 0 0
0 0 1
1 4.5253e+07 0
446 0 0
0 0 1
1 4.49581e+07 0
447 0 0
0 0 1
1 4.46393e+07 0
448 0 0
0 0 1
1 4.43243e+07 0
449 0 0
0 0 1
1 4.39675e+07 0
450 0 0
0 0 1
1 4.35855e+07 0
451 0 0
0 0 1
1 4.33281e+07 0
452 0 0
0 0 1
1 4.33278e+07 0
453 0 0
0 0 1
1 4.35098e+07 0
454 0 0
0 0 1
1 4.36551e+07 0
455 0 0
0 0 1
1 4.36659e+07 0
456 0 0
0 0 1
1 4.36644e+07 0
457 0 0
0 0 1
1 4.37829e+07 0
458 0 0
0 0 1
1 4.39576e+07 0
459 0 0
0 0 1
1 4.40267e+07 0
460 0 0
0 0 1
1 4.39655e+07 0
461 0 0
0 0 1
1 4.38818e+07 0
462 0 0
0 0 1
1 4.3788e+07 0
463 0 0
0 0 1
1 4.35316e+07 0
464 0 0
0 0 1
1 4.30292e+07 0
465 0 0
0 0 1
1 4.24603e+07 0
466 0 0
0 0 1
1 4.21064e+07 0
467 0 0
0 0 1
1 4.20283e+07 0
468 0 0
0 0 1
1 4.20126e+07 0
469 0 0
0 0 1
1 4.18442e+07 0
470 0 0
0 0 1
1 4.1532e+07 0
471 0 0
0 0 1
1 4.12242e+07 0
472 0 0
0 0 1
1 4.09773e+07 0
473 0 0
0 0 1
1 4.06891e+07 0
474 0 0
0 0 1
1 4.0244e+07 0
-1 0 0
