Dataset :
/opt/topspin3.5pl6/data/e3b/joachim/87Rb-CRN/17/pdata/1

Spinning speed : 1.000000

Peak 1 (xy -133.273 ppm)

    number integral(S0) integral(S*) intensity(S0) intensity(S*)

         1    -1.19e+10    -2.08e+10             0     -7.47e+07
         2     1.76e+10     6.19e+08             0             0
         3     5.28e+10     3.57e+10             0             0
         4     7.26e+10     6.53e+10      2.59e+08      2.33e+08
         5     7.52e+10     7.48e+10             0             0
         6    -5.34e+09    -1.61e+10             0             0
         7     2.59e+10     8.87e+09             0      3.34e+07
         8     5.87e+10     4.38e+10             0             0
         9     7.31e+10     6.85e+10             0             0
        10     7.43e+10     7.43e+10             0             0

    time(mS) DS/S0(integral) DS/S0(intensity)

           2               0                0
           4          0.9648                0
           6          0.3244                0
           8         0.09968          0.09977
          10        0.005507          0.09977
          12        0.005507          0.09977
          14          0.6571          0.09977
          16          0.2531          0.09977
          18         0.06281          0.09977
          20      -0.0009695          0.09977


