61
1e-05 0 0
0 0 1
9159.7 -2.08265e+10 14721
1.6e-05 0 0
0 0 1
9158 -1.19191e+10 0
2.6e-05 0 0
0 0 1
9158 6.19117e+08 0
4.3e-05 0 0
0 0 1
9158 1.75685e+10 0
7e-05 0 0
0 0 1
9158 3.56842e+10 0
0.000113 0 0
0 0 1
9158 5.2822e+10 0
0.000183 0 0
0 0 1
9162.91 6.53332e+10 16239
0.000298 0 0
0 0 1
9162.37 7.25668e+10 16742
0.000483 0 0
0 0 1
9158 7.4753e+10 0
0.000785 0 0
0 0 1
9158 7.51669e+10 0
1.3e-05 0 0
0 0 1
9158 -1.60914e+10 0
2.1e-05 0 0
0 0 1
9158 -5.34371e+09 0
3.4e-05 0 0
0 0 1
9154.44 8.86814e+09 15501
5.5e-05 0 0
0 0 1
9158 2.58634e+10 0
8.9e-05 0 0
0 0 1
9158 4.38309e+10 0
0.000144 0 0
0 0 1
9158 5.86835e+10 0
0.000234 0 0
0 0 1
9158 6.85091e+10 0
0.000379 0 0
0 0 1
9158 7.31009e+10 0
0.000616 0 0
0 0 1
9158 7.43397e+10 0
0.001 0 0
0 0 1
9158 7.42677e+10 0
-1 0 0
