61
9e-06 0 0
0 0 1
8876.57 3.72568e+08 10434
1.5e-05 0 0
0 0 1
8876 0 0
2.4e-05 0 0
0 0 1
8876 0 0
4e-05 0 0
0 0 1
8876 0 0
6.5e-05 0 0
0 0 1
8876 0 0
0.000107 0 0
0 0 1
8876 0 0
0.000176 0 0
0 0 1
8876 0 0
0.000289 0 0
0 0 1
8876 0 0
0.000475 0 0
0 0 1
8876 0 0
0.00078 0 0
0 0 1
8876 0 0
1.2e-05 0 0
0 0 1
8876 0 0
1.9e-05 0 0
0 0 1
8875.55 3.61595e+08 10436
3.1e-05 0 0
0 0 1
8876 0 0
5.1e-05 0 0
0 0 1
8876 0 0
8.4e-05 0 0
0 0 1
8876 0 0
0.000138 0 0
0 0 1
8876 0 0
0.000226 0 0
0 0 1
8876 0 0
0.000371 0 0
0 0 1
8876 0 0
0.000609 0 0
0 0 1
8876 0 0
0.001 0 0
0 0 1
8876 0 0
-1 0 0
