1162
1 0 0
0 0 1
1 2.23634e+08 0
2 0 0
0 0 1
1 2.23022e+08 0
3 0 0
0 0 1
1 2.22352e+08 0
4 0 0
0 0 1
1 2.21569e+08 0
5 0 0
0 0 1
1 2.2059e+08 0
6 0 0
0 0 1
1 2.19537e+08 0
7 0 0
0 0 1
1 2.18712e+08 0
8 0 0
0 0 1
1 2.18265e+08 0
9 0 0
0 0 1
1 2.1802e+08 0
10 0 0
0 0 1
1 2.17731e+08 0
11 0 0
0 0 1
1 2.17378e+08 0
12 0 0
0 0 1
1 2.17051e+08 0
13 0 0
0 0 1
1 2.1666e+08 0
14 0 0
0 0 1
1 2.1597e+08 0
15 0 0
0 0 1
1 2.14932e+08 0
16 0 0
0 0 1
1 2.13778e+08 0
17 0 0
0 0 1
1 2.12743e+08 0
18 0 0
0 0 1
1 2.1187e+08 0
19 0 0
0 0 1
1 2.11132e+08 0
20 0 0
0 0 1
1 2.10572e+08 0
21 0 0
0 0 1
1 2.10167e+08 0
22 0 0
0 0 1
1 2.09718e+08 0
23 0 0
0 0 1
1 2.09065e+08 0
24 0 0
0 0 1
1 2.08322e+08 0
25 0 0
0 0 1
1 2.07683e+08 0
26 0 0
0 0 1
1 2.0705e+08 0
27 0 0
0 0 1
1 2.06136e+08 0
28 0 0
0 0 1
1 2.04936e+08 0
29 0 0
0 0 1
1 2.03804e+08 0
30 0 0
0 0 1
1 2.02967e+08 0
31 0 0
0 0 1
1 2.02224e+08 0
32 0 0
0 0 1
1 2.01345e+08 0
33 0 0
0 0 1
1 2.00529e+08 0
34 0 0
0 0 1
1 2.00115e+08 0
35 0 0
0 0 1
1 1.99979e+08 0
36 0 0
0 0 1
1 1.99584e+08 0
37 0 0
0 0 1
1 1.987e+08 0
38 0 0
0 0 1
1 1.97702e+08 0
39 0 0
0 0 1
1 1.97013e+08 0
40 0 0
0 0 1
1 1.96552e+08 0
41 0 0
0 0 1
1 1.95987e+08 0
42 0 0
0 0 1
1 1.95304e+08 0
43 0 0
0 0 1
1 1.94759e+08 0
44 0 0
0 0 1
1 1.94386e+08 0
45 0 0
0 0 1
1 1.9389e+08 0
46 0 0
0 0 1
1 1.93105e+08 0
47 0 0
0 0 1
1 1.92233e+08 0
48 0 0
0 0 1
1 1.91516e+08 0
49 0 0
0 0 1
1 1.90898e+08 0
50 0 0
0 0 1
1 1.90203e+08 0
51 0 0
0 0 1
1 1.89448e+08 0
52 0 0
0 0 1
1 1.88766e+08 0
53 0 0
0 0 1
1 1.88143e+08 0
54 0 0
0 0 1
1 1.87467e+08 0
55 0 0
0 0 1
1 1.86767e+08 0
56 0 0
0 0 1
1 1.86155e+08 0
57 0 0
0 0 1
1 1.85528e+08 0
58 0 0
0 0 1
1 1.84611e+08 0
59 0 0
0 0 1
1 1.83394e+08 0
60 0 0
0 0 1
1 1.82291e+08 0
61 0 0
0 0 1
1 1.81689e+08 0
62 0 0
0 0 1
1 1.8147e+08 0
63 0 0
0 0 1
1 1.81172e+08 0
64 0 0
0 0 1
1 1.80551e+08 0
65 0 0
0 0 1
1 1.79763e+08 0
66 0 0
0 0 1
1 1.79023e+08 0
67 0 0
0 0 1
1 1.78331e+08 0
68 0 0
0 0 1
1 1.77608e+08 0
69 0 0
0 0 1
1 1.76893e+08 0
70 0 0
0 0 1
1 1.76244e+08 0
71 0 0
0 0 1
1 1.75529e+08 0
72 0 0
0 0 1
1 1.74522e+08 0
73 0 0
0 0 1
1 1.73224e+08 0
74 0 0
0 0 1
1 1.71967e+08 0
75 0 0
0 0 1
1 1.71107e+08 0
76 0 0
0 0 1
1 1.70674e+08 0
77 0 0
0 0 1
1 1.7039e+08 0
78 0 0
0 0 1
1 1.70008e+08 0
79 0 0
0 0 1
1 1.69559e+08 0
80 0 0
0 0 1
1 1.69221e+08 0
81 0 0
0 0 1
1 1.68996e+08 0
82 0 0
0 0 1
1 1.68623e+08 0
83 0 0
0 0 1
1 1.67889e+08 0
84 0 0
0 0 1
1 1.6694e+08 0
85 0 0
0 0 1
1 1.66163e+08 0
86 0 0
0 0 1
1 1.6572e+08 0
87 0 0
0 0 1
1 1.65346e+08 0
88 0 0
0 0 1
1 1.64701e+08 0
89 0 0
0 0 1
1 1.63842e+08 0
90 0 0
0 0 1
1 1.63173e+08 0
91 0 0
0 0 1
1 1.62913e+08 0
92 0 0
0 0 1
1 1.62787e+08 0
93 0 0
0 0 1
1 1.62338e+08 0
94 0 0
0 0 1
1 1.61446e+08 0
95 0 0
0 0 1
1 1.60431e+08 0
96 0 0
0 0 1
1 1.59667e+08 0
97 0 0
0 0 1
1 1.59208e+08 0
98 0 0
0 0 1
1 1.58806e+08 0
99 0 0
0 0 1
1 1.582e+08 0
100 0 0
0 0 1
1 1.57343e+08 0
101 0 0
0 0 1
1 1.56392e+08 0
102 0 0
0 0 1
1 1.55538e+08 0
103 0 0
0 0 1
1 1.54833e+08 0
104 0 0
0 0 1
1 1.54183e+08 0
105 0 0
0 0 1
1 1.53503e+08 0
106 0 0
0 0 1
1 1.52853e+08 0
107 0 0
0 0 1
1 1.52357e+08 0
108 0 0
0 0 1
1 1.51996e+08 0
109 0 0
0 0 1
1 1.51562e+08 0
110 0 0
0 0 1
1 1.50884e+08 0
111 0 0
0 0 1
1 1.50044e+08 0
112 0 0
0 0 1
1 1.49288e+08 0
113 0 0
0 0 1
1 1.48729e+08 0
114 0 0
0 0 1
1 1.48243e+08 0
115 0 0
0 0 1
1 1.47661e+08 0
116 0 0
0 0 1
1 1.47e+08 0
117 0 0
0 0 1
1 1.46415e+08 0
118 0 0
0 0 1
1 1.45979e+08 0
119 0 0
0 0 1
1 1.45576e+08 0
120 0 0
0 0 1
1 1.45032e+08 0
121 0 0
0 0 1
1 1.44298e+08 0
122 0 0
0 0 1
1 1.43462e+08 0
123 0 0
0 0 1
1 1.42636e+08 0
124 0 0
0 0 1
1 1.41858e+08 0
125 0 0
0 0 1
1 1.41134e+08 0
126 0 0
0 0 1
1 1.40506e+08 0
127 0 0
0 0 1
1 1.40028e+08 0
128 0 0
0 0 1
1 1.39677e+08 0
129 0 0
0 0 1
1 1.39302e+08 0
130 0 0
0 0 1
1 1.38704e+08 0
131 0 0
0 0 1
1 1.37797e+08 0
132 0 0
0 0 1
1 1.36709e+08 0
133 0 0
0 0 1
1 1.35738e+08 0
134 0 0
0 0 1
1 1.35163e+08 0
135 0 0
0 0 1
1 1.35008e+08 0
136 0 0
0 0 1
1 1.34974e+08 0
137 0 0
0 0 1
1 1.34662e+08 0
138 0 0
0 0 1
1 1.33948e+08 0
139 0 0
0 0 1
1 1.33121e+08 0
140 0 0
0 0 1
1 1.32577e+08 0
141 0 0
0 0 1
1 1.32378e+08 0
142 0 0
0 0 1
1 1.32181e+08 0
143 0 0
0 0 1
1 1.31634e+08 0
144 0 0
0 0 1
1 1.3074e+08 0
145 0 0
0 0 1
1 1.29802e+08 0
146 0 0
0 0 1
1 1.2907e+08 0
147 0 0
0 0 1
1 1.28566e+08 0
148 0 0
0 0 1
1 1.28186e+08 0
149 0 0
0 0 1
1 1.27828e+08 0
150 0 0
0 0 1
1 1.27401e+08 0
151 0 0
0 0 1
1 1.26844e+08 0
152 0 0
0 0 1
1 1.26201e+08 0
153 0 0
0 0 1
1 1.25589e+08 0
154 0 0
0 0 1
1 1.2501e+08 0
155 0 0
0 0 1
1 1.24307e+08 0
156 0 0
0 0 1
1 1.23414e+08 0
157 0 0
0 0 1
1 1.22572e+08 0
158 0 0
0 0 1
1 1.22114e+08 0
159 0 0
0 0 1
1 1.22039e+08 0
160 0 0
0 0 1
1 1.21961e+08 0
161 0 0
0 0 1
1 1.21549e+08 0
162 0 0
0 0 1
1 1.20869e+08 0
163 0 0
0 0 1
1 1.20207e+08 0
164 0 0
0 0 1
1 1.19657e+08 0
165 0 0
0 0 1
1 1.19053e+08 0
166 0 0
0 0 1
1 1.18278e+08 0
167 0 0
0 0 1
1 1.17471e+08 0
168 0 0
0 0 1
1 1.16898e+08 0
169 0 0
0 0 1
1 1.16671e+08 0
170 0 0
0 0 1
1 1.16665e+08 0
171 0 0
0 0 1
1 1.16631e+08 0
172 0 0
0 0 1
1 1.16388e+08 0
173 0 0
0 0 1
1 1.15934e+08 0
174 0 0
0 0 1
1 1.15419e+08 0
175 0 0
0 0 1
1 1.14955e+08 0
176 0 0
0 0 1
1 1.1448e+08 0
177 0 0
0 0 1
1 1.13865e+08 0
178 0 0
0 0 1
1 1.1314e+08 0
179 0 0
0 0 1
1 1.12494e+08 0
180 0 0
0 0 1
1 1.12008e+08 0
181 0 0
0 0 1
1 1.11524e+08 0
182 0 0
0 0 1
1 1.10883e+08 0
183 0 0
0 0 1
1 1.1018e+08 0
184 0 0
0 0 1
1 1.09619e+08 0
185 0 0
0 0 1
1 1.09187e+08 0
186 0 0
0 0 1
1 1.0868e+08 0
187 0 0
0 0 1
1 1.08053e+08 0
188 0 0
0 0 1
1 1.07521e+08 0
189 0 0
0 0 1
1 1.07219e+08 0
190 0 0
0 0 1
1 1.06968e+08 0
191 0 0
0 0 1
1 1.06537e+08 0
192 0 0
0 0 1
1 1.05989e+08 0
193 0 0
0 0 1
1 1.05541e+08 0
194 0 0
0 0 1
1 1.05177e+08 0
195 0 0
0 0 1
1 1.04677e+08 0
196 0 0
0 0 1
1 1.0403e+08 0
197 0 0
0 0 1
1 1.03516e+08 0
198 0 0
0 0 1
1 1.03256e+08 0
199 0 0
0 0 1
1 1.02931e+08 0
200 0 0
0 0 1
1 1.02182e+08 0
201 0 0
0 0 1
1 1.0116e+08 0
202 0 0
0 0 1
1 1.00391e+08 0
203 0 0
0 0 1
1 1.00127e+08 0
204 0 0
0 0 1
1 1.00073e+08 0
205 0 0
0 0 1
1 9.98387e+07 0
206 0 0
0 0 1
1 9.9407e+07 0
207 0 0
0 0 1
1 9.90236e+07 0
208 0 0
0 0 1
1 9.87713e+07 0
209 0 0
0 0 1
1 9.84865e+07 0
210 0 0
0 0 1
1 9.80539e+07 0
211 0 0
0 0 1
1 9.75746e+07 0
212 0 0
0 0 1
1 9.71797e+07 0
213 0 0
0 0 1
1 9.68183e+07 0
214 0 0
0 0 1
1 9.63376e+07 0
215 0 0
0 0 1
1 9.57273e+07 0
216 0 0
0 0 1
1 9.51835e+07 0
217 0 0
0 0 1
1 9.49024e+07 0
218 0 0
0 0 1
1 9.48407e+07 0
219 0 0
0 0 1
1 9.47185e+07 0
220 0 0
0 0 1
1 9.42911e+07 0
221 0 0
0 0 1
1 9.36169e+07 0
222 0 0
0 0 1
1 9.30012e+07 0
223 0 0
0 0 1
1 9.26412e+07 0
224 0 0
0 0 1
1 9.23939e+07 0
225 0 0
0 0 1
1 9.19832e+07 0
226 0 0
0 0 1
1 9.13845e+07 0
227 0 0
0 0 1
1 9.08486e+07 0
228 0 0
0 0 1
1 9.0519e+07 0
229 0 0
0 0 1
1 9.02053e+07 0
230 0 0
0 0 1
1 8.96618e+07 0
231 0 0
0 0 1
1 8.89646e+07 0
232 0 0
0 0 1
1 8.84156e+07 0
233 0 0
0 0 1
1 8.8105e+07 0
234 0 0
0 0 1
1 8.77747e+07 0
235 0 0
0 0 1
1 8.71803e+07 0
236 0 0
0 0 1
1 8.64288e+07 0
237 0 0
0 0 1
1 8.58447e+07 0
238 0 0
0 0 1
1 8.55987e+07 0
239 0 0
0 0 1
1 8.55837e+07 0
240 0 0
0 0 1
1 8.55876e+07 0
241 0 0
0 0 1
1 8.5453e+07 0
242 0 0
0 0 1
1 8.5091e+07 0
243 0 0
0 0 1
1 8.4481e+07 0
244 0 0
0 0 1
1 8.37085e+07 0
245 0 0
0 0 1
1 8.29343e+07 0
246 0 0
0 0 1
1 8.22922e+07 0
247 0 0
0 0 1
1 8.18464e+07 0
248 0 0
0 0 1
1 8.16175e+07 0
249 0 0
0 0 1
1 8.15534e+07 0
250 0 0
0 0 1
1 8.14761e+07 0
251 0 0
0 0 1
1 8.11796e+07 0
252 0 0
0 0 1
1 8.06501e+07 0
253 0 0
0 0 1
1 8.01042e+07 0
254 0 0
0 0 1
1 7.97435e+07 0
255 0 0
0 0 1
1 7.9544e+07 0
256 0 0
0 0 1
1 7.9352e+07 0
257 0 0
0 0 1
1 7.90926e+07 0
258 0 0
0 0 1
1 7.87694e+07 0
259 0 0
0 0 1
1 7.83506e+07 0
260 0 0
0 0 1
1 7.78357e+07 0
261 0 0
0 0 1
1 7.74075e+07 0
262 0 0
0 0 1
1 7.73039e+07 0
263 0 0
0 0 1
1 7.74642e+07 0
264 0 0
0 0 1
1 7.74803e+07 0
265 0 0
0 0 1
1 7.70342e+07 0
266 0 0
0 0 1
1 7.6263e+07 0
267 0 0
0 0 1
1 7.55398e+07 0
268 0 0
0 0 1
1 7.49865e+07 0
269 0 0
0 0 1
1 7.43973e+07 0
270 0 0
0 0 1
1 7.36238e+07 0
271 0 0
0 0 1
1 7.28238e+07 0
272 0 0
0 0 1
1 7.22583e+07 0
273 0 0
0 0 1
1 7.19926e+07 0
274 0 0
0 0 1
1 7.18987e+07 0
275 0 0
0 0 1
1 7.18448e+07 0
276 0 0
0 0 1
1 7.17636e+07 0
277 0 0
0 0 1
1 7.16024e+07 0
278 0 0
0 0 1
1 7.13384e+07 0
279 0 0
0 0 1
1 7.10386e+07 0
280 0 0
0 0 1
1 7.08126e+07 0
281 0 0
0 0 1
1 7.06977e+07 0
282 0 0
0 0 1
1 7.06418e+07 0
283 0 0
0 0 1
1 7.05783e+07 0
284 0 0
0 0 1
1 7.04531e+07 0
285 0 0
0 0 1
1 7.02035e+07 0
286 0 0
0 0 1
1 6.98014e+07 0
287 0 0
0 0 1
1 6.93114e+07 0
288 0 0
0 0 1
1 6.88211e+07 0
289 0 0
0 0 1
1 6.83189e+07 0
290 0 0
0 0 1
1 6.77416e+07 0
291 0 0
0 0 1
1 6.71482e+07 0
292 0 0
0 0 1
1 6.671e+07 0
293 0 0
0 0 1
1 6.64766e+07 0
294 0 0
0 0 1
1 6.6287e+07 0
295 0 0
0 0 1
1 6.60118e+07 0
296 0 0
0 0 1
1 6.57627e+07 0
297 0 0
0 0 1
1 6.57078e+07 0
298 0 0
0 0 1
1 6.57614e+07 0
299 0 0
0 0 1
1 6.56509e+07 0
300 0 0
0 0 1
1 6.52823e+07 0
301 0 0
0 0 1
1 6.48479e+07 0
302 0 0
0 0 1
1 6.45276e+07 0
303 0 0
0 0 1
1 6.42696e+07 0
304 0 0
0 0 1
1 6.39679e+07 0
305 0 0
0 0 1
1 6.36925e+07 0
306 0 0
0 0 1
1 6.35703e+07 0
307 0 0
0 0 1
1 6.35194e+07 0
308 0 0
0 0 1
1 6.32879e+07 0
309 0 0
0 0 1
1 6.27558e+07 0
310 0 0
0 0 1
1 6.20651e+07 0
311 0 0
0 0 1
1 6.1442e+07 0
312 0 0
0 0 1
1 6.10055e+07 0
313 0 0
0 0 1
1 6.07523e+07 0
314 0 0
0 0 1
1 6.05971e+07 0
315 0 0
0 0 1
1 6.03842e+07 0
316 0 0
0 0 1
1 5.99853e+07 0
317 0 0
0 0 1
1 5.94599e+07 0
318 0 0
0 0 1
1 5.90306e+07 0
319 0 0
0 0 1
1 5.88294e+07 0
320 0 0
0 0 1
1 5.87519e+07 0
321 0 0
0 0 1
1 5.86211e+07 0
322 0 0
0 0 1
1 5.83844e+07 0
323 0 0
0 0 1
1 5.80476e+07 0
324 0 0
0 0 1
1 5.75405e+07 0
325 0 0
0 0 1
1 5.68341e+07 0
326 0 0
0 0 1
1 5.61375e+07 0
327 0 0
0 0 1
1 5.57574e+07 0
328 0 0
0 0 1
1 5.57232e+07 0
329 0 0
0 0 1
1 5.57335e+07 0
330 0 0
0 0 1
1 5.55472e+07 0
331 0 0
0 0 1
1 5.52557e+07 0
332 0 0
0 0 1
1 5.50558e+07 0
333 0 0
0 0 1
1 5.49138e+07 0
334 0 0
0 0 1
1 5.46365e+07 0
335 0 0
0 0 1
1 5.41869e+07 0
336 0 0
0 0 1
1 5.37281e+07 0
337 0 0
0 0 1
1 5.33736e+07 0
338 0 0
0 0 1
1 5.3083e+07 0
339 0 0
0 0 1
1 5.28228e+07 0
340 0 0
0 0 1
1 5.26434e+07 0
341 0 0
0 0 1
1 5.25277e+07 0
342 0 0
0 0 1
1 5.23332e+07 0
343 0 0
0 0 1
1 5.20005e+07 0
344 0 0
0 0 1
1 5.16981e+07 0
345 0 0
0 0 1
1 5.16131e+07 0
346 0 0
0 0 1
1 5.16804e+07 0
347 0 0
0 0 1
1 5.16729e+07 0
348 0 0
0 0 1
1 5.15217e+07 0
349 0 0
0 0 1
1 5.1387e+07 0
350 0 0
0 0 1
1 5.1402e+07 0
351 0 0
0 0 1
1 5.14928e+07 0
352 0 0
0 0 1
1 5.14879e+07 0
353 0 0
0 0 1
1 5.12898e+07 0
354 0 0
0 0 1
1 5.08882e+07 0
355 0 0
0 0 1
1 5.03325e+07 0
356 0 0
0 0 1
1 4.97777e+07 0
357 0 0
0 0 1
1 4.9457e+07 0
358 0 0
0 0 1
1 4.94752e+07 0
359 0 0
0 0 1
1 4.96631e+07 0
360 0 0
0 0 1
1 4.97361e+07 0
361 0 0
0 0 1
1 4.9575e+07 0
362 0 0
0 0 1
1 4.92624e+07 0
363 0 0
0 0 1
1 4.88827e+07 0
364 0 0
0 0 1
1 4.84259e+07 0
365 0 0
0 0 1
1 4.7911e+07 0
366 0 0
0 0 1
1 4.74674e+07 0
367 0 0
0 0 1
1 4.71993e+07 0
368 0 0
0 0 1
1 4.70401e+07 0
369 0 0
0 0 1
1 4.68336e+07 0
370 0 0
0 0 1
1 4.65335e+07 0
371 0 0
0 0 1
1 4.6242e+07 0
372 0 0
0 0 1
1 4.60515e+07 0
373 0 0
0 0 1
1 4.59141e+07 0
374 0 0
0 0 1
1 4.56928e+07 0
375 0 0
0 0 1
1 4.53184e+07 0
376 0 0
0 0 1
1 4.48841e+07 0
377 0 0
0 0 1
1 4.45835e+07 0
378 0 0
0 0 1
1 4.45386e+07 0
379 0 0
0 0 1
1 4.46729e+07 0
380 0 0
0 0 1
1 4.47759e+07 0
381 0 0
0 0 1
1 4.46989e+07 0
382 0 0
0 0 1
1 4.44451e+07 0
383 0 0
0 0 1
1 4.40549e+07 0
384 0 0
0 0 1
1 4.35014e+07 0
385 0 0
0 0 1
1 4.2807e+07 0
386 0 0
0 0 1
1 4.2209e+07 0
387 0 0
0 0 1
1 4.20362e+07 0
-1 0 0
