2269
1 0 0
0 0 1
1 3.38374e+08 0
2 0 0
0 0 1
1 3.37806e+08 0
3 0 0
0 0 1
1 3.37237e+08 0
4 0 0
0 0 1
1 3.36666e+08 0
5 0 0
0 0 1
1 3.36096e+08 0
6 0 0
0 0 1
1 3.35524e+08 0
7 0 0
0 0 1
1 3.34952e+08 0
8 0 0
0 0 1
1 3.34379e+08 0
9 0 0
0 0 1
1 3.33806e+08 0
10 0 0
0 0 1
1 3.33232e+08 0
11 0 0
0 0 1
1 3.32657e+08 0
12 0 0
0 0 1
1 3.32083e+08 0
13 0 0
0 0 1
1 3.31508e+08 0
14 0 0
0 0 1
1 3.30933e+08 0
15 0 0
0 0 1
1 3.30358e+08 0
16 0 0
0 0 1
1 3.29783e+08 0
17 0 0
0 0 1
1 3.29208e+08 0
18 0 0
0 0 1
1 3.28633e+08 0
19 0 0
0 0 1
1 3.28058e+08 0
20 0 0
0 0 1
1 3.27484e+08 0
21 0 0
0 0 1
1 3.26911e+08 0
22 0 0
0 0 1
1 3.26338e+08 0
23 0 0
0 0 1
1 3.25765e+08 0
24 0 0
0 0 1
1 3.25193e+08 0
25 0 0
0 0 1
1 3.24622e+08 0
26 0 0
0 0 1
1 3.24052e+08 0
27 0 0
0 0 1
1 3.23482e+08 0
28 0 0
0 0 1
1 3.22914e+08 0
29 0 0
0 0 1
1 3.22346e+08 0
30 0 0
0 0 1
1 3.2178e+08 0
31 0 0
0 0 1
1 3.21214e+08 0
32 0 0
0 0 1
1 3.20649e+08 0
33 0 0
0 0 1
1 3.20086e+08 0
34 0 0
0 0 1
1 3.19523e+08 0
35 0 0
0 0 1
1 3.18961e+08 0
36 0 0
0 0 1
1 3.184e+08 0
37 0 0
0 0 1
1 3.1784e+08 0
38 0 0
0 0 1
1 3.1728e+08 0
39 0 0
0 0 1
1 3.16722e+08 0
40 0 0
0 0 1
1 3.16164e+08 0
41 0 0
0 0 1
1 3.15607e+08 0
42 0 0
0 0 1
1 3.1505e+08 0
43 0 0
0 0 1
1 3.14494e+08 0
44 0 0
0 0 1
1 3.13938e+08 0
45 0 0
0 0 1
1 3.13383e+08 0
46 0 0
0 0 1
1 3.12828e+08 0
47 0 0
0 0 1
1 3.12273e+08 0
48 0 0
0 0 1
1 3.11718e+08 0
49 0 0
0 0 1
1 3.11164e+08 0
50 0 0
0 0 1
1 3.1061e+08 0
51 0 0
0 0 1
1 3.10056e+08 0
52 0 0
0 0 1
1 3.09502e+08 0
53 0 0
0 0 1
1 3.08947e+08 0
54 0 0
0 0 1
1 3.08393e+08 0
55 0 0
0 0 1
1 3.07839e+08 0
56 0 0
0 0 1
1 3.07285e+08 0
57 0 0
0 0 1
1 3.06731e+08 0
58 0 0
0 0 1
1 3.06177e+08 0
59 0 0
0 0 1
1 3.05624e+08 0
60 0 0
0 0 1
1 3.0507e+08 0
61 0 0
0 0 1
1 3.04516e+08 0
62 0 0
0 0 1
1 3.03962e+08 0
63 0 0
0 0 1
1 3.03409e+08 0
64 0 0
0 0 1
1 3.02856e+08 0
65 0 0
0 0 1
1 3.02303e+08 0
66 0 0
0 0 1
1 3.01751e+08 0
67 0 0
0 0 1
1 3.01198e+08 0
68 0 0
0 0 1
1 3.00647e+08 0
69 0 0
0 0 1
1 3.00096e+08 0
70 0 0
0 0 1
1 2.99545e+08 0
71 0 0
0 0 1
1 2.98995e+08 0
72 0 0
0 0 1
1 2.98445e+08 0
73 0 0
0 0 1
1 2.97896e+08 0
74 0 0
0 0 1
1 2.97348e+08 0
75 0 0
0 0 1
1 2.968e+08 0
76 0 0
0 0 1
1 2.96254e+08 0
77 0 0
0 0 1
1 2.95708e+08 0
78 0 0
0 0 1
1 2.95163e+08 0
79 0 0
0 0 1
1 2.94619e+08 0
80 0 0
0 0 1
1 2.94076e+08 0
81 0 0
0 0 1
1 2.93534e+08 0
82 0 0
0 0 1
1 2.92992e+08 0
83 0 0
0 0 1
1 2.92452e+08 0
84 0 0
0 0 1
1 2.91913e+08 0
85 0 0
0 0 1
1 2.91375e+08 0
86 0 0
0 0 1
1 2.90838e+08 0
87 0 0
0 0 1
1 2.90302e+08 0
88 0 0
0 0 1
1 2.89768e+08 0
89 0 0
0 0 1
1 2.89234e+08 0
90 0 0
0 0 1
1 2.88702e+08 0
91 0 0
0 0 1
1 2.8817e+08 0
92 0 0
0 0 1
1 2.8764e+08 0
93 0 0
0 0 1
1 2.87111e+08 0
94 0 0
0 0 1
1 2.86583e+08 0
95 0 0
0 0 1
1 2.86056e+08 0
96 0 0
0 0 1
1 2.85529e+08 0
97 0 0
0 0 1
1 2.85004e+08 0
98 0 0
0 0 1
1 2.84479e+08 0
99 0 0
0 0 1
1 2.83955e+08 0
100 0 0
0 0 1
1 2.83432e+08 0
101 0 0
0 0 1
1 2.82909e+08 0
102 0 0
0 0 1
1 2.82387e+08 0
103 0 0
0 0 1
1 2.81865e+08 0
104 0 0
0 0 1
1 2.81343e+08 0
105 0 0
0 0 1
1 2.80822e+08 0
106 0 0
0 0 1
1 2.803e+08 0
107 0 0
0 0 1
1 2.79779e+08 0
108 0 0
0 0 1
1 2.79257e+08 0
109 0 0
0 0 1
1 2.78735e+08 0
110 0 0
0 0 1
1 2.78213e+08 0
111 0 0
0 0 1
1 2.7769e+08 0
112 0 0
0 0 1
1 2.77166e+08 0
113 0 0
0 0 1
1 2.76642e+08 0
114 0 0
0 0 1
1 2.76118e+08 0
115 0 0
0 0 1
1 2.75593e+08 0
116 0 0
0 0 1
1 2.75067e+08 0
117 0 0
0 0 1
1 2.7454e+08 0
118 0 0
0 0 1
1 2.74013e+08 0
119 0 0
0 0 1
1 2.73484e+08 0
120 0 0
0 0 1
1 2.72955e+08 0
121 0 0
0 0 1
1 2.72426e+08 0
122 0 0
0 0 1
1 2.71895e+08 0
123 0 0
0 0 1
1 2.71364e+08 0
124 0 0
0 0 1
1 2.70833e+08 0
125 0 0
0 0 1
1 2.70301e+08 0
126 0 0
0 0 1
1 2.69768e+08 0
127 0 0
0 0 1
1 2.69235e+08 0
128 0 0
0 0 1
1 2.68702e+08 0
129 0 0
0 0 1
1 2.68168e+08 0
130 0 0
0 0 1
1 2.67635e+08 0
131 0 0
0 0 1
1 2.67101e+08 0
132 0 0
0 0 1
1 2.66567e+08 0
133 0 0
0 0 1
1 2.66034e+08 0
134 0 0
0 0 1
1 2.65501e+08 0
135 0 0
0 0 1
1 2.64968e+08 0
136 0 0
0 0 1
1 2.64436e+08 0
137 0 0
0 0 1
1 2.63904e+08 0
138 0 0
0 0 1
1 2.63373e+08 0
139 0 0
0 0 1
1 2.62842e+08 0
140 0 0
0 0 1
1 2.62313e+08 0
141 0 0
0 0 1
1 2.61785e+08 0
142 0 0
0 0 1
1 2.61257e+08 0
143 0 0
0 0 1
1 2.60731e+08 0
144 0 0
0 0 1
1 2.60207e+08 0
145 0 0
0 0 1
1 2.59683e+08 0
146 0 0
0 0 1
1 2.59162e+08 0
147 0 0
0 0 1
1 2.58641e+08 0
148 0 0
0 0 1
1 2.58123e+08 0
149 0 0
0 0 1
1 2.57607e+08 0
150 0 0
0 0 1
1 2.57092e+08 0
151 0 0
0 0 1
1 2.56579e+08 0
152 0 0
0 0 1
1 2.56069e+08 0
153 0 0
0 0 1
1 2.5556e+08 0
154 0 0
0 0 1
1 2.55054e+08 0
155 0 0
0 0 1
1 2.5455e+08 0
156 0 0
0 0 1
1 2.54049e+08 0
157 0 0
0 0 1
1 2.53549e+08 0
158 0 0
0 0 1
1 2.53052e+08 0
159 0 0
0 0 1
1 2.52558e+08 0
160 0 0
0 0 1
1 2.52065e+08 0
161 0 0
0 0 1
1 2.51575e+08 0
162 0 0
0 0 1
1 2.51088e+08 0
163 0 0
0 0 1
1 2.50602e+08 0
164 0 0
0 0 1
1 2.50119e+08 0
165 0 0
0 0 1
1 2.49638e+08 0
166 0 0
0 0 1
1 2.49159e+08 0
167 0 0
0 0 1
1 2.48682e+08 0
168 0 0
0 0 1
1 2.48207e+08 0
169 0 0
0 0 1
1 2.47734e+08 0
170 0 0
0 0 1
1 2.47262e+08 0
171 0 0
0 0 1
1 2.46792e+08 0
172 0 0
0 0 1
1 2.46324e+08 0
173 0 0
0 0 1
1 2.45856e+08 0
174 0 0
0 0 1
1 2.45391e+08 0
175 0 0
0 0 1
1 2.44926e+08 0
176 0 0
0 0 1
1 2.44462e+08 0
177 0 0
0 0 1
1 2.43999e+08 0
178 0 0
0 0 1
1 2.43537e+08 0
179 0 0
0 0 1
1 2.43075e+08 0
180 0 0
0 0 1
1 2.42614e+08 0
181 0 0
0 0 1
1 2.42154e+08 0
182 0 0
0 0 1
1 2.41694e+08 0
183 0 0
0 0 1
1 2.41234e+08 0
184 0 0
0 0 1
1 2.40774e+08 0
185 0 0
0 0 1
1 2.40315e+08 0
186 0 0
0 0 1
1 2.39856e+08 0
187 0 0
0 0 1
1 2.39397e+08 0
188 0 0
0 0 1
1 2.38938e+08 0
189 0 0
0 0 1
1 2.3848e+08 0
190 0 0
0 0 1
1 2.38021e+08 0
191 0 0
0 0 1
1 2.37562e+08 0
192 0 0
0 0 1
1 2.37104e+08 0
193 0 0
0 0 1
1 2.36646e+08 0
194 0 0
0 0 1
1 2.36187e+08 0
195 0 0
0 0 1
1 2.3573e+08 0
196 0 0
0 0 1
1 2.35272e+08 0
197 0 0
0 0 1
1 2.34814e+08 0
198 0 0
0 0 1
1 2.34357e+08 0
199 0 0
0 0 1
1 2.33901e+08 0
200 0 0
0 0 1
1 2.33445e+08 0
201 0 0
0 0 1
1 2.32989e+08 0
202 0 0
0 0 1
1 2.32535e+08 0
203 0 0
0 0 1
1 2.32081e+08 0
204 0 0
0 0 1
1 2.31628e+08 0
205 0 0
0 0 1
1 2.31175e+08 0
206 0 0
0 0 1
1 2.30724e+08 0
207 0 0
0 0 1
1 2.30274e+08 0
208 0 0
0 0 1
1 2.29826e+08 0
209 0 0
0 0 1
1 2.29378e+08 0
210 0 0
0 0 1
1 2.28932e+08 0
211 0 0
0 0 1
1 2.28487e+08 0
212 0 0
0 0 1
1 2.28044e+08 0
213 0 0
0 0 1
1 2.27601e+08 0
214 0 0
0 0 1
1 2.27161e+08 0
215 0 0
0 0 1
1 2.26722e+08 0
216 0 0
0 0 1
1 2.26284e+08 0
217 0 0
0 0 1
1 2.25848e+08 0
218 0 0
0 0 1
1 2.25413e+08 0
219 0 0
0 0 1
1 2.2498e+08 0
220 0 0
0 0 1
1 2.24548e+08 0
221 0 0
0 0 1
1 2.24117e+08 0
222 0 0
0 0 1
1 2.23687e+08 0
223 0 0
0 0 1
1 2.23259e+08 0
224 0 0
0 0 1
1 2.22831e+08 0
225 0 0
0 0 1
1 2.22405e+08 0
226 0 0
0 0 1
1 2.21979e+08 0
227 0 0
0 0 1
1 2.21554e+08 0
228 0 0
0 0 1
1 2.2113e+08 0
229 0 0
0 0 1
1 2.20707e+08 0
230 0 0
0 0 1
1 2.20284e+08 0
231 0 0
0 0 1
1 2.19861e+08 0
232 0 0
0 0 1
1 2.19439e+08 0
233 0 0
0 0 1
1 2.19017e+08 0
234 0 0
0 0 1
1 2.18595e+08 0
235 0 0
0 0 1
1 2.18173e+08 0
236 0 0
0 0 1
1 2.17752e+08 0
237 0 0
0 0 1
1 2.1733e+08 0
238 0 0
0 0 1
1 2.16909e+08 0
239 0 0
0 0 1
1 2.16487e+08 0
240 0 0
0 0 1
1 2.16065e+08 0
241 0 0
0 0 1
1 2.15643e+08 0
242 0 0
0 0 1
1 2.15221e+08 0
243 0 0
0 0 1
1 2.14799e+08 0
244 0 0
0 0 1
1 2.14377e+08 0
245 0 0
0 0 1
1 2.13955e+08 0
246 0 0
0 0 1
1 2.13532e+08 0
247 0 0
0 0 1
1 2.1311e+08 0
248 0 0
0 0 1
1 2.12687e+08 0
249 0 0
0 0 1
1 2.12264e+08 0
250 0 0
0 0 1
1 2.11842e+08 0
251 0 0
0 0 1
1 2.11419e+08 0
252 0 0
0 0 1
1 2.10996e+08 0
253 0 0
0 0 1
1 2.10574e+08 0
254 0 0
0 0 1
1 2.10151e+08 0
255 0 0
0 0 1
1 2.09729e+08 0
256 0 0
0 0 1
1 2.09306e+08 0
257 0 0
0 0 1
1 2.08884e+08 0
258 0 0
0 0 1
1 2.08462e+08 0
259 0 0
0 0 1
1 2.0804e+08 0
260 0 0
0 0 1
1 2.07619e+08 0
261 0 0
0 0 1
1 2.07198e+08 0
262 0 0
0 0 1
1 2.06777e+08 0
263 0 0
0 0 1
1 2.06356e+08 0
264 0 0
0 0 1
1 2.05936e+08 0
265 0 0
0 0 1
1 2.05516e+08 0
266 0 0
0 0 1
1 2.05096e+08 0
267 0 0
0 0 1
1 2.04677e+08 0
268 0 0
0 0 1
1 2.04258e+08 0
269 0 0
0 0 1
1 2.03839e+08 0
270 0 0
0 0 1
1 2.03421e+08 0
271 0 0
0 0 1
1 2.03003e+08 0
272 0 0
0 0 1
1 2.02585e+08 0
273 0 0
0 0 1
1 2.02168e+08 0
274 0 0
0 0 1
1 2.01751e+08 0
275 0 0
0 0 1
1 2.01334e+08 0
276 0 0
0 0 1
1 2.00918e+08 0
277 0 0
0 0 1
1 2.00503e+08 0
278 0 0
0 0 1
1 2.00088e+08 0
279 0 0
0 0 1
1 1.99673e+08 0
280 0 0
0 0 1
1 1.99259e+08 0
281 0 0
0 0 1
1 1.98845e+08 0
282 0 0
0 0 1
1 1.98432e+08 0
283 0 0
0 0 1
1 1.9802e+08 0
284 0 0
0 0 1
1 1.97608e+08 0
285 0 0
0 0 1
1 1.97197e+08 0
286 0 0
0 0 1
1 1.96787e+08 0
287 0 0
0 0 1
1 1.96378e+08 0
288 0 0
0 0 1
1 1.9597e+08 0
289 0 0
0 0 1
1 1.95562e+08 0
290 0 0
0 0 1
1 1.95156e+08 0
291 0 0
0 0 1
1 1.94751e+08 0
292 0 0
0 0 1
1 1.94347e+08 0
293 0 0
0 0 1
1 1.93945e+08 0
294 0 0
0 0 1
1 1.93543e+08 0
295 0 0
0 0 1
1 1.93143e+08 0
296 0 0
0 0 1
1 1.92745e+08 0
297 0 0
0 0 1
1 1.92347e+08 0
298 0 0
0 0 1
1 1.91952e+08 0
299 0 0
0 0 1
1 1.91557e+08 0
300 0 0
0 0 1
1 1.91165e+08 0
301 0 0
0 0 1
1 1.90773e+08 0
302 0 0
0 0 1
1 1.90383e+08 0
303 0 0
0 0 1
1 1.89995e+08 0
304 0 0
0 0 1
1 1.89608e+08 0
305 0 0
0 0 1
1 1.89222e+08 0
306 0 0
0 0 1
1 1.88837e+08 0
307 0 0
0 0 1
1 1.88454e+08 0
308 0 0
0 0 1
1 1.88072e+08 0
309 0 0
0 0 1
1 1.8769e+08 0
310 0 0
0 0 1
1 1.8731e+08 0
311 0 0
0 0 1
1 1.8693e+08 0
312 0 0
0 0 1
1 1.86552e+08 0
313 0 0
0 0 1
1 1.86174e+08 0
314 0 0
0 0 1
1 1.85796e+08 0
315 0 0
0 0 1
1 1.85419e+08 0
316 0 0
0 0 1
1 1.85042e+08 0
317 0 0
0 0 1
1 1.84665e+08 0
318 0 0
0 0 1
1 1.84289e+08 0
319 0 0
0 0 1
1 1.83912e+08 0
320 0 0
0 0 1
1 1.83536e+08 0
321 0 0
0 0 1
1 1.83159e+08 0
322 0 0
0 0 1
1 1.82782e+08 0
323 0 0
0 0 1
1 1.82405e+08 0
324 0 0
0 0 1
1 1.82028e+08 0
325 0 0
0 0 1
1 1.8165e+08 0
326 0 0
0 0 1
1 1.81273e+08 0
327 0 0
0 0 1
1 1.80895e+08 0
328 0 0
0 0 1
1 1.80516e+08 0
329 0 0
0 0 1
1 1.80137e+08 0
330 0 0
0 0 1
1 1.79759e+08 0
331 0 0
0 0 1
1 1.79379e+08 0
332 0 0
0 0 1
1 1.79e+08 0
333 0 0
0 0 1
1 1.7862e+08 0
334 0 0
0 0 1
1 1.78241e+08 0
335 0 0
0 0 1
1 1.77861e+08 0
336 0 0
0 0 1
1 1.77482e+08 0
337 0 0
0 0 1
1 1.77102e+08 0
338 0 0
0 0 1
1 1.76723e+08 0
339 0 0
0 0 1
1 1.76344e+08 0
340 0 0
0 0 1
1 1.75966e+08 0
341 0 0
0 0 1
1 1.75588e+08 0
342 0 0
0 0 1
1 1.75211e+08 0
343 0 0
0 0 1
1 1.74835e+08 0
344 0 0
0 0 1
1 1.7446e+08 0
345 0 0
0 0 1
1 1.74086e+08 0
346 0 0
0 0 1
1 1.73713e+08 0
347 0 0
0 0 1
1 1.73342e+08 0
348 0 0
0 0 1
1 1.72972e+08 0
349 0 0
0 0 1
1 1.72603e+08 0
350 0 0
0 0 1
1 1.72236e+08 0
351 0 0
0 0 1
1 1.71871e+08 0
352 0 0
0 0 1
1 1.71508e+08 0
353 0 0
0 0 1
1 1.71147e+08 0
354 0 0
0 0 1
1 1.70787e+08 0
355 0 0
0 0 1
1 1.7043e+08 0
356 0 0
0 0 1
1 1.70075e+08 0
357 0 0
0 0 1
1 1.69722e+08 0
358 0 0
0 0 1
1 1.69371e+08 0
359 0 0
0 0 1
1 1.69022e+08 0
360 0 0
0 0 1
1 1.68675e+08 0
361 0 0
0 0 1
1 1.6833e+08 0
362 0 0
0 0 1
1 1.67988e+08 0
363 0 0
0 0 1
1 1.67647e+08 0
364 0 0
0 0 1
1 1.67308e+08 0
365 0 0
0 0 1
1 1.66971e+08 0
366 0 0
0 0 1
1 1.66635e+08 0
367 0 0
0 0 1
1 1.66302e+08 0
368 0 0
0 0 1
1 1.65969e+08 0
369 0 0
0 0 1
1 1.65638e+08 0
370 0 0
0 0 1
1 1.65309e+08 0
371 0 0
0 0 1
1 1.64981e+08 0
372 0 0
0 0 1
1 1.64654e+08 0
373 0 0
0 0 1
1 1.64328e+08 0
374 0 0
0 0 1
1 1.64003e+08 0
375 0 0
0 0 1
1 1.63679e+08 0
376 0 0
0 0 1
1 1.63356e+08 0
377 0 0
0 0 1
1 1.63034e+08 0
378 0 0
0 0 1
1 1.62712e+08 0
379 0 0
0 0 1
1 1.62391e+08 0
380 0 0
0 0 1
1 1.6207e+08 0
381 0 0
0 0 1
1 1.61751e+08 0
382 0 0
0 0 1
1 1.61431e+08 0
383 0 0
0 0 1
1 1.61112e+08 0
384 0 0
0 0 1
1 1.60794e+08 0
385 0 0
0 0 1
1 1.60476e+08 0
386 0 0
0 0 1
1 1.60158e+08 0
387 0 0
0 0 1
1 1.59841e+08 0
388 0 0
0 0 1
1 1.59524e+08 0
389 0 0
0 0 1
1 1.59208e+08 0
390 0 0
0 0 1
1 1.58891e+08 0
391 0 0
0 0 1
1 1.58575e+08 0
392 0 0
0 0 1
1 1.5826e+08 0
393 0 0
0 0 1
1 1.57944e+08 0
394 0 0
0 0 1
1 1.57629e+08 0
395 0 0
0 0 1
1 1.57314e+08 0
396 0 0
0 0 1
1 1.56999e+08 0
397 0 0
0 0 1
1 1.56685e+08 0
398 0 0
0 0 1
1 1.5637e+08 0
399 0 0
0 0 1
1 1.56056e+08 0
400 0 0
0 0 1
1 1.55742e+08 0
401 0 0
0 0 1
1 1.55428e+08 0
402 0 0
0 0 1
1 1.55114e+08 0
403 0 0
0 0 1
1 1.54801e+08 0
404 0 0
0 0 1
1 1.54487e+08 0
405 0 0
0 0 1
1 1.54174e+08 0
406 0 0
0 0 1
1 1.53862e+08 0
407 0 0
0 0 1
1 1.53549e+08 0
408 0 0
0 0 1
1 1.53237e+08 0
409 0 0
0 0 1
1 1.52925e+08 0
410 0 0
0 0 1
1 1.52613e+08 0
411 0 0
0 0 1
1 1.52302e+08 0
412 0 0
0 0 1
1 1.51991e+08 0
413 0 0
0 0 1
1 1.51681e+08 0
414 0 0
0 0 1
1 1.51371e+08 0
415 0 0
0 0 1
1 1.51062e+08 0
416 0 0
0 0 1
1 1.50753e+08 0
417 0 0
0 0 1
1 1.50445e+08 0
418 0 0
0 0 1
1 1.50137e+08 0
419 0 0
0 0 1
1 1.4983e+08 0
420 0 0
0 0 1
1 1.49523e+08 0
421 0 0
0 0 1
1 1.49217e+08 0
422 0 0
0 0 1
1 1.48911e+08 0
423 0 0
0 0 1
1 1.48606e+08 0
424 0 0
0 0 1
1 1.48302e+08 0
425 0 0
0 0 1
1 1.47997e+08 0
426 0 0
0 0 1
1 1.47694e+08 0
427 0 0
0 0 1
1 1.4739e+08 0
428 0 0
0 0 1
1 1.47087e+08 0
429 0 0
0 0 1
1 1.46784e+08 0
430 0 0
0 0 1
1 1.46481e+08 0
431 0 0
0 0 1
1 1.46178e+08 0
432 0 0
0 0 1
1 1.45875e+08 0
433 0 0
0 0 1
1 1.45572e+08 0
434 0 0
0 0 1
1 1.45269e+08 0
435 0 0
0 0 1
1 1.44966e+08 0
436 0 0
0 0 1
1 1.44662e+08 0
437 0 0
0 0 1
1 1.44358e+08 0
438 0 0
0 0 1
1 1.44054e+08 0
439 0 0
0 0 1
1 1.4375e+08 0
440 0 0
0 0 1
1 1.43445e+08 0
441 0 0
0 0 1
1 1.43139e+08 0
442 0 0
0 0 1
1 1.42833e+08 0
443 0 0
0 0 1
1 1.42526e+08 0
444 0 0
0 0 1
1 1.42219e+08 0
445 0 0
0 0 1
1 1.41911e+08 0
446 0 0
0 0 1
1 1.41603e+08 0
447 0 0
0 0 1
1 1.41294e+08 0
448 0 0
0 0 1
1 1.40984e+08 0
449 0 0
0 0 1
1 1.40674e+08 0
450 0 0
0 0 1
1 1.40364e+08 0
451 0 0
0 0 1
1 1.40053e+08 0
452 0 0
0 0 1
1 1.39742e+08 0
453 0 0
0 0 1
1 1.39431e+08 0
454 0 0
0 0 1
1 1.3912e+08 0
455 0 0
0 0 1
1 1.38808e+08 0
456 0 0
0 0 1
1 1.38497e+08 0
457 0 0
0 0 1
1 1.38186e+08 0
458 0 0
0 0 1
1 1.37874e+08 0
459 0 0
0 0 1
1 1.37564e+08 0
460 0 0
0 0 1
1 1.37253e+08 0
461 0 0
0 0 1
1 1.36943e+08 0
462 0 0
0 0 1
1 1.36634e+08 0
463 0 0
0 0 1
1 1.36325e+08 0
464 0 0
0 0 1
1 1.36017e+08 0
465 0 0
0 0 1
1 1.3571e+08 0
466 0 0
0 0 1
1 1.35403e+08 0
467 0 0
0 0 1
1 1.35097e+08 0
468 0 0
0 0 1
1 1.34792e+08 0
469 0 0
0 0 1
1 1.34488e+08 0
470 0 0
0 0 1
1 1.34185e+08 0
471 0 0
0 0 1
1 1.33882e+08 0
472 0 0
0 0 1
1 1.33581e+08 0
473 0 0
0 0 1
1 1.3328e+08 0
474 0 0
0 0 1
1 1.32981e+08 0
475 0 0
0 0 1
1 1.32682e+08 0
476 0 0
0 0 1
1 1.32384e+08 0
477 0 0
0 0 1
1 1.32087e+08 0
478 0 0
0 0 1
1 1.31791e+08 0
479 0 0
0 0 1
1 1.31496e+08 0
480 0 0
0 0 1
1 1.31202e+08 0
481 0 0
0 0 1
1 1.30908e+08 0
482 0 0
0 0 1
1 1.30615e+08 0
483 0 0
0 0 1
1 1.30323e+08 0
484 0 0
0 0 1
1 1.30032e+08 0
485 0 0
0 0 1
1 1.29742e+08 0
486 0 0
0 0 1
1 1.29453e+08 0
487 0 0
0 0 1
1 1.29164e+08 0
488 0 0
0 0 1
1 1.28876e+08 0
489 0 0
0 0 1
1 1.2859e+08 0
490 0 0
0 0 1
1 1.28304e+08 0
491 0 0
0 0 1
1 1.2802e+08 0
492 0 0
0 0 1
1 1.27736e+08 0
493 0 0
0 0 1
1 1.27454e+08 0
494 0 0
0 0 1
1 1.27173e+08 0
495 0 0
0 0 1
1 1.26894e+08 0
496 0 0
0 0 1
1 1.26616e+08 0
497 0 0
0 0 1
1 1.26339e+08 0
498 0 0
0 0 1
1 1.26064e+08 0
499 0 0
0 0 1
1 1.25791e+08 0
500 0 0
0 0 1
1 1.25519e+08 0
501 0 0
0 0 1
1 1.25249e+08 0
502 0 0
0 0 1
1 1.2498e+08 0
503 0 0
0 0 1
1 1.24714e+08 0
504 0 0
0 0 1
1 1.24449e+08 0
505 0 0
0 0 1
1 1.24186e+08 0
506 0 0
0 0 1
1 1.23924e+08 0
507 0 0
0 0 1
1 1.23665e+08 0
508 0 0
0 0 1
1 1.23407e+08 0
509 0 0
0 0 1
1 1.23151e+08 0
510 0 0
0 0 1
1 1.22896e+08 0
511 0 0
0 0 1
1 1.22643e+08 0
512 0 0
0 0 1
1 1.22392e+08 0
513 0 0
0 0 1
1 1.22142e+08 0
514 0 0
0 0 1
1 1.21893e+08 0
515 0 0
0 0 1
1 1.21645e+08 0
516 0 0
0 0 1
1 1.21399e+08 0
517 0 0
0 0 1
1 1.21154e+08 0
518 0 0
0 0 1
1 1.2091e+08 0
519 0 0
0 0 1
1 1.20667e+08 0
520 0 0
0 0 1
1 1.20424e+08 0
521 0 0
0 0 1
1 1.20183e+08 0
522 0 0
0 0 1
1 1.19942e+08 0
523 0 0
0 0 1
1 1.19701e+08 0
524 0 0
0 0 1
1 1.19462e+08 0
525 0 0
0 0 1
1 1.19222e+08 0
526 0 0
0 0 1
1 1.18983e+08 0
527 0 0
0 0 1
1 1.18744e+08 0
528 0 0
0 0 1
1 1.18506e+08 0
529 0 0
0 0 1
1 1.18267e+08 0
530 0 0
0 0 1
1 1.18028e+08 0
531 0 0
0 0 1
1 1.1779e+08 0
532 0 0
0 0 1
1 1.17551e+08 0
533 0 0
0 0 1
1 1.17312e+08 0
534 0 0
0 0 1
1 1.17072e+08 0
535 0 0
0 0 1
1 1.16832e+08 0
536 0 0
0 0 1
1 1.16592e+08 0
537 0 0
0 0 1
1 1.16351e+08 0
538 0 0
0 0 1
1 1.1611e+08 0
539 0 0
0 0 1
1 1.15868e+08 0
540 0 0
0 0 1
1 1.15625e+08 0
541 0 0
0 0 1
1 1.15382e+08 0
542 0 0
0 0 1
1 1.15138e+08 0
543 0 0
0 0 1
1 1.14894e+08 0
544 0 0
0 0 1
1 1.14649e+08 0
545 0 0
0 0 1
1 1.14404e+08 0
546 0 0
0 0 1
1 1.14158e+08 0
547 0 0
0 0 1
1 1.13912e+08 0
548 0 0
0 0 1
1 1.13665e+08 0
549 0 0
0 0 1
1 1.13418e+08 0
550 0 0
0 0 1
1 1.13171e+08 0
551 0 0
0 0 1
1 1.12924e+08 0
552 0 0
0 0 1
1 1.12677e+08 0
553 0 0
0 0 1
1 1.1243e+08 0
554 0 0
0 0 1
1 1.12183e+08 0
555 0 0
0 0 1
1 1.11937e+08 0
556 0 0
0 0 1
1 1.1169e+08 0
557 0 0
0 0 1
1 1.11445e+08 0
558 0 0
0 0 1
1 1.112e+08 0
559 0 0
0 0 1
1 1.10955e+08 0
560 0 0
0 0 1
1 1.10712e+08 0
561 0 0
0 0 1
1 1.10469e+08 0
562 0 0
0 0 1
1 1.10227e+08 0
563 0 0
0 0 1
1 1.09986e+08 0
564 0 0
0 0 1
1 1.09746e+08 0
565 0 0
0 0 1
1 1.09507e+08 0
566 0 0
0 0 1
1 1.09269e+08 0
567 0 0
0 0 1
1 1.09033e+08 0
568 0 0
0 0 1
1 1.08798e+08 0
569 0 0
0 0 1
1 1.08563e+08 0
570 0 0
0 0 1
1 1.08331e+08 0
571 0 0
0 0 1
1 1.08099e+08 0
572 0 0
0 0 1
1 1.07869e+08 0
573 0 0
0 0 1
1 1.0764e+08 0
574 0 0
0 0 1
1 1.07412e+08 0
575 0 0
0 0 1
1 1.07186e+08 0
576 0 0
0 0 1
1 1.0696e+08 0
577 0 0
0 0 1
1 1.06737e+08 0
578 0 0
0 0 1
1 1.06514e+08 0
579 0 0
0 0 1
1 1.06293e+08 0
580 0 0
0 0 1
1 1.06073e+08 0
581 0 0
0 0 1
1 1.05855e+08 0
582 0 0
0 0 1
1 1.05637e+08 0
583 0 0
0 0 1
1 1.05421e+08 0
584 0 0
0 0 1
1 1.05206e+08 0
585 0 0
0 0 1
1 1.04993e+08 0
586 0 0
0 0 1
1 1.0478e+08 0
587 0 0
0 0 1
1 1.04568e+08 0
588 0 0
0 0 1
1 1.04358e+08 0
589 0 0
0 0 1
1 1.04149e+08 0
590 0 0
0 0 1
1 1.0394e+08 0
591 0 0
0 0 1
1 1.03733e+08 0
592 0 0
0 0 1
1 1.03527e+08 0
593 0 0
0 0 1
1 1.03321e+08 0
594 0 0
0 0 1
1 1.03116e+08 0
595 0 0
0 0 1
1 1.02913e+08 0
596 0 0
0 0 1
1 1.0271e+08 0
597 0 0
0 0 1
1 1.02507e+08 0
598 0 0
0 0 1
1 1.02306e+08 0
599 0 0
0 0 1
1 1.02105e+08 0
600 0 0
0 0 1
1 1.01905e+08 0
601 0 0
0 0 1
1 1.01706e+08 0
602 0 0
0 0 1
1 1.01508e+08 0
603 0 0
0 0 1
1 1.0131e+08 0
604 0 0
0 0 1
1 1.01113e+08 0
605 0 0
0 0 1
1 1.00917e+08 0
606 0 0
0 0 1
1 1.00721e+08 0
607 0 0
0 0 1
1 1.00527e+08 0
608 0 0
0 0 1
1 1.00333e+08 0
609 0 0
0 0 1
1 1.00139e+08 0
610 0 0
0 0 1
1 9.9947e+07 0
611 0 0
0 0 1
1 9.97553e+07 0
612 0 0
0 0 1
1 9.95643e+07 0
613 0 0
0 0 1
1 9.93741e+07 0
614 0 0
0 0 1
1 9.91846e+07 0
615 0 0
0 0 1
1 9.89958e+07 0
616 0 0
0 0 1
1 9.88077e+07 0
617 0 0
0 0 1
1 9.86202e+07 0
618 0 0
0 0 1
1 9.84332e+07 0
619 0 0
0 0 1
1 9.82468e+07 0
620 0 0
0 0 1
1 9.80609e+07 0
621 0 0
0 0 1
1 9.78753e+07 0
622 0 0
0 0 1
1 9.76901e+07 0
623 0 0
0 0 1
1 9.75052e+07 0
624 0 0
0 0 1
1 9.73205e+07 0
625 0 0
0 0 1
1 9.7136e+07 0
626 0 0
0 0 1
1 9.69515e+07 0
627 0 0
0 0 1
1 9.67671e+07 0
628 0 0
0 0 1
1 9.65826e+07 0
629 0 0
0 0 1
1 9.6398e+07 0
630 0 0
0 0 1
1 9.62134e+07 0
631 0 0
0 0 1
1 9.60286e+07 0
632 0 0
0 0 1
1 9.58436e+07 0
633 0 0
0 0 1
1 9.56584e+07 0
634 0 0
0 0 1
1 9.5473e+07 0
635 0 0
0 0 1
1 9.52874e+07 0
636 0 0
0 0 1
1 9.51017e+07 0
637 0 0
0 0 1
1 9.49158e+07 0
638 0 0
0 0 1
1 9.47297e+07 0
639 0 0
0 0 1
1 9.45436e+07 0
640 0 0
0 0 1
1 9.43574e+07 0
641 0 0
0 0 1
1 9.41711e+07 0
642 0 0
0 0 1
1 9.39849e+07 0
643 0 0
0 0 1
1 9.37988e+07 0
644 0 0
0 0 1
1 9.36128e+07 0
645 0 0
0 0 1
1 9.3427e+07 0
646 0 0
0 0 1
1 9.32415e+07 0
647 0 0
0 0 1
1 9.30563e+07 0
648 0 0
0 0 1
1 9.28714e+07 0
649 0 0
0 0 1
1 9.26869e+07 0
650 0 0
0 0 1
1 9.25029e+07 0
651 0 0
0 0 1
1 9.23194e+07 0
652 0 0
0 0 1
1 9.21365e+07 0
653 0 0
0 0 1
1 9.19542e+07 0
654 0 0
0 0 1
1 9.17725e+07 0
655 0 0
0 0 1
1 9.15914e+07 0
656 0 0
0 0 1
1 9.14111e+07 0
657 0 0
0 0 1
1 9.12315e+07 0
658 0 0
0 0 1
1 9.10527e+07 0
659 0 0
0 0 1
1 9.08747e+07 0
660 0 0
0 0 1
1 9.06974e+07 0
661 0 0
0 0 1
1 9.0521e+07 0
662 0 0
0 0 1
1 9.03455e+07 0
663 0 0
0 0 1
1 9.01708e+07 0
664 0 0
0 0 1
1 8.99971e+07 0
665 0 0
0 0 1
1 8.98242e+07 0
666 0 0
0 0 1
1 8.96524e+07 0
667 0 0
0 0 1
1 8.94815e+07 0
668 0 0
0 0 1
1 8.93117e+07 0
669 0 0
0 0 1
1 8.91429e+07 0
670 0 0
0 0 1
1 8.89752e+07 0
671 0 0
0 0 1
1 8.88087e+07 0
672 0 0
0 0 1
1 8.86432e+07 0
673 0 0
0 0 1
1 8.84789e+07 0
674 0 0
0 0 1
1 8.83158e+07 0
675 0 0
0 0 1
1 8.81539e+07 0
676 0 0
0 0 1
1 8.7993e+07 0
677 0 0
0 0 1
1 8.78334e+07 0
678 0 0
0 0 1
1 8.76748e+07 0
679 0 0
0 0 1
1 8.75174e+07 0
680 0 0
0 0 1
1 8.73609e+07 0
681 0 0
0 0 1
1 8.72054e+07 0
682 0 0
0 0 1
1 8.70508e+07 0
683 0 0
0 0 1
1 8.68969e+07 0
684 0 0
0 0 1
1 8.67438e+07 0
685 0 0
0 0 1
1 8.65913e+07 0
686 0 0
0 0 1
1 8.64392e+07 0
687 0 0
0 0 1
1 8.62876e+07 0
688 0 0
0 0 1
1 8.61361e+07 0
689 0 0
0 0 1
1 8.59848e+07 0
690 0 0
0 0 1
1 8.58335e+07 0
691 0 0
0 0 1
1 8.56821e+07 0
692 0 0
0 0 1
1 8.55304e+07 0
693 0 0
0 0 1
1 8.53783e+07 0
694 0 0
0 0 1
1 8.52258e+07 0
695 0 0
0 0 1
1 8.50727e+07 0
696 0 0
0 0 1
1 8.49189e+07 0
697 0 0
0 0 1
1 8.47644e+07 0
698 0 0
0 0 1
1 8.4609e+07 0
699 0 0
0 0 1
1 8.44528e+07 0
700 0 0
0 0 1
1 8.42955e+07 0
701 0 0
0 0 1
1 8.41373e+07 0
702 0 0
0 0 1
1 8.39781e+07 0
703 0 0
0 0 1
1 8.38178e+07 0
704 0 0
0 0 1
1 8.36565e+07 0
705 0 0
0 0 1
1 8.34942e+07 0
706 0 0
0 0 1
1 8.33308e+07 0
707 0 0
0 0 1
1 8.31664e+07 0
708 0 0
0 0 1
1 8.3001e+07 0
709 0 0
0 0 1
1 8.28347e+07 0
710 0 0
0 0 1
1 8.26675e+07 0
711 0 0
0 0 1
1 8.24994e+07 0
712 0 0
0 0 1
1 8.23306e+07 0
713 0 0
0 0 1
1 8.2161e+07 0
714 0 0
0 0 1
1 8.19907e+07 0
715 0 0
0 0 1
1 8.18198e+07 0
716 0 0
0 0 1
1 8.16484e+07 0
717 0 0
0 0 1
1 8.14765e+07 0
718 0 0
0 0 1
1 8.13042e+07 0
719 0 0
0 0 1
1 8.11315e+07 0
720 0 0
0 0 1
1 8.09585e+07 0
721 0 0
0 0 1
1 8.07854e+07 0
722 0 0
0 0 1
1 8.0612e+07 0
723 0 0
0 0 1
1 8.04386e+07 0
724 0 0
0 0 1
1 8.02652e+07 0
725 0 0
0 0 1
1 8.00919e+07 0
726 0 0
0 0 1
1 7.99186e+07 0
727 0 0
0 0 1
1 7.97455e+07 0
728 0 0
0 0 1
1 7.95726e+07 0
729 0 0
0 0 1
1 7.94001e+07 0
730 0 0
0 0 1
1 7.92278e+07 0
731 0 0
0 0 1
1 7.90559e+07 0
732 0 0
0 0 1
1 7.88845e+07 0
733 0 0
0 0 1
1 7.87135e+07 0
734 0 0
0 0 1
1 7.8543e+07 0
735 0 0
0 0 1
1 7.83731e+07 0
736 0 0
0 0 1
1 7.82037e+07 0
737 0 0
0 0 1
1 7.80348e+07 0
738 0 0
0 0 1
1 7.78666e+07 0
739 0 0
0 0 1
1 7.76989e+07 0
740 0 0
0 0 1
1 7.75319e+07 0
741 0 0
0 0 1
1 7.73655e+07 0
742 0 0
0 0 1
1 7.71997e+07 0
743 0 0
0 0 1
1 7.70345e+07 0
744 0 0
0 0 1
1 7.68699e+07 0
745 0 0
0 0 1
1 7.6706e+07 0
746 0 0
0 0 1
1 7.65426e+07 0
747 0 0
0 0 1
1 7.63799e+07 0
748 0 0
0 0 1
1 7.62177e+07 0
749 0 0
0 0 1
1 7.60561e+07 0
750 0 0
0 0 1
1 7.5895e+07 0
751 0 0
0 0 1
1 7.57345e+07 0
752 0 0
0 0 1
1 7.55746e+07 0
753 0 0
0 0 1
1 7.54151e+07 0
754 0 0
0 0 1
1 7.52561e+07 0
755 0 0
0 0 1
1 7.50975e+07 0
756 0 0
0 0 1
1 7.49393e+07 0
-1 0 0
