2800
1 0 0
0 0 1
1 4.29005e+08 0
2 0 0
0 0 1
1 4.28395e+08 0
3 0 0
0 0 1
1 4.2792e+08 0
4 0 0
0 0 1
1 4.27435e+08 0
5 0 0
0 0 1
1 4.26887e+08 0
6 0 0
0 0 1
1 4.26378e+08 0
7 0 0
0 0 1
1 4.26025e+08 0
8 0 0
0 0 1
1 4.25796e+08 0
9 0 0
0 0 1
1 4.25514e+08 0
10 0 0
0 0 1
1 4.25037e+08 0
11 0 0
0 0 1
1 4.24386e+08 0
12 0 0
0 0 1
1 4.23681e+08 0
13 0 0
0 0 1
1 4.23017e+08 0
14 0 0
0 0 1
1 4.22428e+08 0
15 0 0
0 0 1
1 4.21946e+08 0
16 0 0
0 0 1
1 4.21587e+08 0
17 0 0
0 0 1
1 4.2127e+08 0
18 0 0
0 0 1
1 4.2083e+08 0
19 0 0
0 0 1
1 4.2022e+08 0
20 0 0
0 0 1
1 4.19618e+08 0
21 0 0
0 0 1
1 4.1924e+08 0
22 0 0
0 0 1
1 4.19051e+08 0
23 0 0
0 0 1
1 4.18783e+08 0
24 0 0
0 0 1
1 4.18249e+08 0
25 0 0
0 0 1
1 4.1754e+08 0
26 0 0
0 0 1
1 4.16847e+08 0
27 0 0
0 0 1
1 4.16216e+08 0
28 0 0
0 0 1
1 4.15588e+08 0
29 0 0
0 0 1
1 4.14988e+08 0
30 0 0
0 0 1
1 4.1452e+08 0
31 0 0
0 0 1
1 4.1416e+08 0
32 0 0
0 0 1
1 4.1372e+08 0
33 0 0
0 0 1
1 4.13077e+08 0
34 0 0
0 0 1
1 4.12327e+08 0
35 0 0
0 0 1
1 4.11662e+08 0
36 0 0
0 0 1
1 4.11159e+08 0
37 0 0
0 0 1
1 4.10787e+08 0
38 0 0
0 0 1
1 4.1052e+08 0
39 0 0
0 0 1
1 4.10318e+08 0
40 0 0
0 0 1
1 4.10052e+08 0
41 0 0
0 0 1
1 4.09587e+08 0
42 0 0
0 0 1
1 4.08955e+08 0
43 0 0
0 0 1
1 4.0835e+08 0
44 0 0
0 0 1
1 4.079e+08 0
45 0 0
0 0 1
1 4.07554e+08 0
46 0 0
0 0 1
1 4.07224e+08 0
47 0 0
0 0 1
1 4.06926e+08 0
48 0 0
0 0 1
1 4.06698e+08 0
49 0 0
0 0 1
1 4.06446e+08 0
50 0 0
0 0 1
1 4.0598e+08 0
51 0 0
0 0 1
1 4.05215e+08 0
52 0 0
0 0 1
1 4.04269e+08 0
53 0 0
0 0 1
1 4.03349e+08 0
54 0 0
0 0 1
1 4.02598e+08 0
55 0 0
0 0 1
1 4.02019e+08 0
56 0 0
0 0 1
1 4.01506e+08 0
57 0 0
0 0 1
1 4.00945e+08 0
58 0 0
0 0 1
1 4.00344e+08 0
59 0 0
0 0 1
1 3.99855e+08 0
60 0 0
0 0 1
1 3.99576e+08 0
61 0 0
0 0 1
1 3.9938e+08 0
62 0 0
0 0 1
1 3.99035e+08 0
63 0 0
0 0 1
1 3.98508e+08 0
64 0 0
0 0 1
1 3.98e+08 0
65 0 0
0 0 1
1 3.97617e+08 0
66 0 0
0 0 1
1 3.97172e+08 0
67 0 0
0 0 1
1 3.96436e+08 0
68 0 0
0 0 1
1 3.95502e+08 0
69 0 0
0 0 1
1 3.9468e+08 0
70 0 0
0 0 1
1 3.94064e+08 0
71 0 0
0 0 1
1 3.93439e+08 0
72 0 0
0 0 1
1 3.92672e+08 0
73 0 0
0 0 1
1 3.91983e+08 0
74 0 0
0 0 1
1 3.91644e+08 0
75 0 0
0 0 1
1 3.91538e+08 0
76 0 0
0 0 1
1 3.91264e+08 0
77 0 0
0 0 1
1 3.90644e+08 0
78 0 0
0 0 1
1 3.89922e+08 0
79 0 0
0 0 1
1 3.89388e+08 0
80 0 0
0 0 1
1 3.89011e+08 0
81 0 0
0 0 1
1 3.88569e+08 0
82 0 0
0 0 1
1 3.88009e+08 0
83 0 0
0 0 1
1 3.87506e+08 0
84 0 0
0 0 1
1 3.8717e+08 0
85 0 0
0 0 1
1 3.86893e+08 0
86 0 0
0 0 1
1 3.86505e+08 0
87 0 0
0 0 1
1 3.85967e+08 0
88 0 0
0 0 1
1 3.8532e+08 0
89 0 0
0 0 1
1 3.84563e+08 0
90 0 0
0 0 1
1 3.83694e+08 0
91 0 0
0 0 1
1 3.82815e+08 0
92 0 0
0 0 1
1 3.8207e+08 0
93 0 0
0 0 1
1 3.81458e+08 0
94 0 0
0 0 1
1 3.80839e+08 0
95 0 0
0 0 1
1 3.80166e+08 0
96 0 0
0 0 1
1 3.79594e+08 0
97 0 0
0 0 1
1 3.7925e+08 0
98 0 0
0 0 1
1 3.78979e+08 0
99 0 0
0 0 1
1 3.7848e+08 0
100 0 0
0 0 1
1 3.77708e+08 0
101 0 0
0 0 1
1 3.76962e+08 0
102 0 0
0 0 1
1 3.76516e+08 0
103 0 0
0 0 1
1 3.76284e+08 0
104 0 0
0 0 1
1 3.76005e+08 0
105 0 0
0 0 1
1 3.75668e+08 0
106 0 0
0 0 1
1 3.75504e+08 0
107 0 0
0 0 1
1 3.75556e+08 0
108 0 0
0 0 1
1 3.75486e+08 0
109 0 0
0 0 1
1 3.7497e+08 0
110 0 0
0 0 1
1 3.74125e+08 0
111 0 0
0 0 1
1 3.73334e+08 0
112 0 0
0 0 1
1 3.72701e+08 0
113 0 0
0 0 1
1 3.71957e+08 0
114 0 0
0 0 1
1 3.70919e+08 0
115 0 0
0 0 1
1 3.69819e+08 0
116 0 0
0 0 1
1 3.69005e+08 0
117 0 0
0 0 1
1 3.68501e+08 0
118 0 0
0 0 1
1 3.68074e+08 0
119 0 0
0 0 1
1 3.6764e+08 0
120 0 0
0 0 1
1 3.67349e+08 0
121 0 0
0 0 1
1 3.67249e+08 0
122 0 0
0 0 1
1 3.67105e+08 0
123 0 0
0 0 1
1 3.66701e+08 0
124 0 0
0 0 1
1 3.66136e+08 0
125 0 0
0 0 1
1 3.65643e+08 0
126 0 0
0 0 1
1 3.65215e+08 0
127 0 0
0 0 1
1 3.64621e+08 0
128 0 0
0 0 1
1 3.63795e+08 0
129 0 0
0 0 1
1 3.62993e+08 0
130 0 0
0 0 1
1 3.6248e+08 0
131 0 0
0 0 1
1 3.622e+08 0
132 0 0
0 0 1
1 3.61883e+08 0
133 0 0
0 0 1
1 3.61404e+08 0
134 0 0
0 0 1
1 3.60885e+08 0
135 0 0
0 0 1
1 3.60449e+08 0
136 0 0
0 0 1
1 3.60026e+08 0
137 0 0
0 0 1
1 3.59475e+08 0
138 0 0
0 0 1
1 3.58828e+08 0
139 0 0
0 0 1
1 3.58286e+08 0
140 0 0
0 0 1
1 3.57945e+08 0
141 0 0
0 0 1
1 3.57601e+08 0
142 0 0
0 0 1
1 3.569e+08 0
143 0 0
0 0 1
1 3.55744e+08 0
144 0 0
0 0 1
1 3.54479e+08 0
145 0 0
0 0 1
1 3.53604e+08 0
146 0 0
0 0 1
1 3.53271e+08 0
147 0 0
0 0 1
1 3.53144e+08 0
148 0 0
0 0 1
1 3.5279e+08 0
149 0 0
0 0 1
1 3.52148e+08 0
150 0 0
0 0 1
1 3.51513e+08 0
151 0 0
0 0 1
1 3.51107e+08 0
152 0 0
0 0 1
1 3.50828e+08 0
153 0 0
0 0 1
1 3.50469e+08 0
154 0 0
0 0 1
1 3.50011e+08 0
155 0 0
0 0 1
1 3.49578e+08 0
156 0 0
0 0 1
1 3.49171e+08 0
157 0 0
0 0 1
1 3.48646e+08 0
158 0 0
0 0 1
1 3.4795e+08 0
159 0 0
0 0 1
1 3.47245e+08 0
160 0 0
0 0 1
1 3.46705e+08 0
161 0 0
0 0 1
1 3.46307e+08 0
162 0 0
0 0 1
1 3.45901e+08 0
163 0 0
0 0 1
1 3.45402e+08 0
164 0 0
0 0 1
1 3.44808e+08 0
165 0 0
0 0 1
1 3.44115e+08 0
166 0 0
0 0 1
1 3.43359e+08 0
167 0 0
0 0 1
1 3.4273e+08 0
168 0 0
0 0 1
1 3.42455e+08 0
169 0 0
0 0 1
1 3.42468e+08 0
170 0 0
0 0 1
1 3.42354e+08 0
171 0 0
0 0 1
1 3.41743e+08 0
172 0 0
0 0 1
1 3.40724e+08 0
173 0 0
0 0 1
1 3.39736e+08 0
174 0 0
0 0 1
1 3.39081e+08 0
175 0 0
0 0 1
1 3.38677e+08 0
176 0 0
0 0 1
1 3.38282e+08 0
177 0 0
0 0 1
1 3.37807e+08 0
178 0 0
0 0 1
1 3.37303e+08 0
179 0 0
0 0 1
1 3.36792e+08 0
180 0 0
0 0 1
1 3.36254e+08 0
181 0 0
0 0 1
1 3.35739e+08 0
182 0 0
0 0 1
1 3.35341e+08 0
183 0 0
0 0 1
1 3.35034e+08 0
184 0 0
0 0 1
1 3.34644e+08 0
185 0 0
0 0 1
1 3.34057e+08 0
186 0 0
0 0 1
1 3.33352e+08 0
187 0 0
0 0 1
1 3.32679e+08 0
188 0 0
0 0 1
1 3.32064e+08 0
189 0 0
0 0 1
1 3.31434e+08 0
190 0 0
0 0 1
1 3.3077e+08 0
191 0 0
0 0 1
1 3.30155e+08 0
192 0 0
0 0 1
1 3.29633e+08 0
193 0 0
0 0 1
1 3.29146e+08 0
194 0 0
0 0 1
1 3.28641e+08 0
195 0 0
0 0 1
1 3.28167e+08 0
196 0 0
0 0 1
1 3.27817e+08 0
197 0 0
0 0 1
1 3.27594e+08 0
198 0 0
0 0 1
1 3.27382e+08 0
199 0 0
0 0 1
1 3.27041e+08 0
200 0 0
0 0 1
1 3.26495e+08 0
201 0 0
0 0 1
1 3.25764e+08 0
202 0 0
0 0 1
1 3.24947e+08 0
203 0 0
0 0 1
1 3.24156e+08 0
204 0 0
0 0 1
1 3.23428e+08 0
205 0 0
0 0 1
1 3.22697e+08 0
206 0 0
0 0 1
1 3.21906e+08 0
207 0 0
0 0 1
1 3.21128e+08 0
208 0 0
0 0 1
1 3.2052e+08 0
209 0 0
0 0 1
1 3.20135e+08 0
210 0 0
0 0 1
1 3.19853e+08 0
211 0 0
0 0 1
1 3.19516e+08 0
212 0 0
0 0 1
1 3.19095e+08 0
213 0 0
0 0 1
1 3.18647e+08 0
214 0 0
0 0 1
1 3.18164e+08 0
215 0 0
0 0 1
1 3.17575e+08 0
216 0 0
0 0 1
1 3.16891e+08 0
217 0 0
0 0 1
1 3.1627e+08 0
218 0 0
0 0 1
1 3.15835e+08 0
219 0 0
0 0 1
1 3.15481e+08 0
220 0 0
0 0 1
1 3.14942e+08 0
221 0 0
0 0 1
1 3.14081e+08 0
222 0 0
0 0 1
1 3.13052e+08 0
223 0 0
0 0 1
1 3.12148e+08 0
224 0 0
0 0 1
1 3.11514e+08 0
225 0 0
0 0 1
1 3.11065e+08 0
226 0 0
0 0 1
1 3.10676e+08 0
227 0 0
0 0 1
1 3.10354e+08 0
228 0 0
0 0 1
1 3.10166e+08 0
229 0 0
0 0 1
1 3.10041e+08 0
230 0 0
0 0 1
1 3.09753e+08 0
231 0 0
0 0 1
1 3.09164e+08 0
232 0 0
0 0 1
1 3.084e+08 0
233 0 0
0 0 1
1 3.07721e+08 0
234 0 0
0 0 1
1 3.07257e+08 0
235 0 0
0 0 1
1 3.06931e+08 0
236 0 0
0 0 1
1 3.06626e+08 0
237 0 0
0 0 1
1 3.06301e+08 0
238 0 0
0 0 1
1 3.05927e+08 0
239 0 0
0 0 1
1 3.05406e+08 0
240 0 0
0 0 1
1 3.04686e+08 0
241 0 0
0 0 1
1 3.03868e+08 0
242 0 0
0 0 1
1 3.03124e+08 0
243 0 0
0 0 1
1 3.02493e+08 0
244 0 0
0 0 1
1 3.01867e+08 0
245 0 0
0 0 1
1 3.01173e+08 0
246 0 0
0 0 1
1 3.00471e+08 0
247 0 0
0 0 1
1 2.99846e+08 0
248 0 0
0 0 1
1 2.99278e+08 0
249 0 0
0 0 1
1 2.98701e+08 0
250 0 0
0 0 1
1 2.98119e+08 0
251 0 0
0 0 1
1 2.97602e+08 0
252 0 0
0 0 1
1 2.97193e+08 0
253 0 0
0 0 1
1 2.96882e+08 0
254 0 0
0 0 1
1 2.96639e+08 0
255 0 0
0 0 1
1 2.96395e+08 0
256 0 0
0 0 1
1 2.96034e+08 0
257 0 0
0 0 1
1 2.95492e+08 0
258 0 0
0 0 1
1 2.94858e+08 0
259 0 0
0 0 1
1 2.94274e+08 0
260 0 0
0 0 1
1 2.93741e+08 0
261 0 0
0 0 1
1 2.93136e+08 0
262 0 0
0 0 1
1 2.92445e+08 0
263 0 0
0 0 1
1 2.91858e+08 0
264 0 0
0 0 1
1 2.91525e+08 0
265 0 0
0 0 1
1 2.91322e+08 0
266 0 0
0 0 1
1 2.90989e+08 0
267 0 0
0 0 1
1 2.90452e+08 0
268 0 0
0 0 1
1 2.89864e+08 0
269 0 0
0 0 1
1 2.89347e+08 0
270 0 0
0 0 1
1 2.88834e+08 0
271 0 0
0 0 1
1 2.8822e+08 0
272 0 0
0 0 1
1 2.87525e+08 0
273 0 0
0 0 1
1 2.86846e+08 0
274 0 0
0 0 1
1 2.86219e+08 0
275 0 0
0 0 1
1 2.85638e+08 0
276 0 0
0 0 1
1 2.85135e+08 0
277 0 0
0 0 1
1 2.84747e+08 0
278 0 0
0 0 1
1 2.84417e+08 0
279 0 0
0 0 1
1 2.84032e+08 0
280 0 0
0 0 1
1 2.83545e+08 0
281 0 0
0 0 1
1 2.83001e+08 0
282 0 0
0 0 1
1 2.82439e+08 0
283 0 0
0 0 1
1 2.8186e+08 0
284 0 0
0 0 1
1 2.81302e+08 0
285 0 0
0 0 1
1 2.80838e+08 0
286 0 0
0 0 1
1 2.80453e+08 0
287 0 0
0 0 1
1 2.79993e+08 0
288 0 0
0 0 1
1 2.79316e+08 0
289 0 0
0 0 1
1 2.78468e+08 0
290 0 0
0 0 1
1 2.77652e+08 0
291 0 0
0 0 1
1 2.77039e+08 0
292 0 0
0 0 1
1 2.76631e+08 0
293 0 0
0 0 1
1 2.76296e+08 0
294 0 0
0 0 1
1 2.75894e+08 0
295 0 0
0 0 1
1 2.75387e+08 0
296 0 0
0 0 1
1 2.74866e+08 0
297 0 0
0 0 1
1 2.74459e+08 0
298 0 0
0 0 1
1 2.74179e+08 0
299 0 0
0 0 1
1 2.73891e+08 0
300 0 0
0 0 1
1 2.73451e+08 0
301 0 0
0 0 1
1 2.72847e+08 0
302 0 0
0 0 1
1 2.72174e+08 0
303 0 0
0 0 1
1 2.71514e+08 0
304 0 0
0 0 1
1 2.70923e+08 0
305 0 0
0 0 1
1 2.70454e+08 0
306 0 0
0 0 1
1 2.70103e+08 0
307 0 0
0 0 1
1 2.69734e+08 0
308 0 0
0 0 1
1 2.69193e+08 0
309 0 0
0 0 1
1 2.68532e+08 0
310 0 0
0 0 1
1 2.67979e+08 0
311 0 0
0 0 1
1 2.67632e+08 0
312 0 0
0 0 1
1 2.67301e+08 0
313 0 0
0 0 1
1 2.66764e+08 0
314 0 0
0 0 1
1 2.66061e+08 0
315 0 0
0 0 1
1 2.6539e+08 0
316 0 0
0 0 1
1 2.64804e+08 0
317 0 0
0 0 1
1 2.64189e+08 0
318 0 0
0 0 1
1 2.63525e+08 0
319 0 0
0 0 1
1 2.62949e+08 0
320 0 0
0 0 1
1 2.62509e+08 0
321 0 0
0 0 1
1 2.62058e+08 0
322 0 0
0 0 1
1 2.61494e+08 0
323 0 0
0 0 1
1 2.60952e+08 0
324 0 0
0 0 1
1 2.606e+08 0
325 0 0
0 0 1
1 2.60347e+08 0
326 0 0
0 0 1
1 2.59938e+08 0
327 0 0
0 0 1
1 2.59288e+08 0
328 0 0
0 0 1
1 2.58537e+08 0
329 0 0
0 0 1
1 2.57817e+08 0
330 0 0
0 0 1
1 2.57139e+08 0
331 0 0
0 0 1
1 2.5654e+08 0
332 0 0
0 0 1
1 2.56134e+08 0
333 0 0
0 0 1
1 2.55937e+08 0
334 0 0
0 0 1
1 2.55763e+08 0
335 0 0
0 0 1
1 2.55421e+08 0
336 0 0
0 0 1
1 2.54915e+08 0
337 0 0
0 0 1
1 2.54354e+08 0
338 0 0
0 0 1
1 2.53771e+08 0
339 0 0
0 0 1
1 2.53151e+08 0
340 0 0
0 0 1
1 2.52546e+08 0
341 0 0
0 0 1
1 2.52003e+08 0
342 0 0
0 0 1
1 2.51424e+08 0
343 0 0
0 0 1
1 2.50686e+08 0
344 0 0
0 0 1
1 2.49883e+08 0
345 0 0
0 0 1
1 2.4926e+08 0
346 0 0
0 0 1
1 2.48878e+08 0
347 0 0
0 0 1
1 2.48529e+08 0
348 0 0
0 0 1
1 2.48052e+08 0
349 0 0
0 0 1
1 2.47559e+08 0
350 0 0
0 0 1
1 2.4721e+08 0
351 0 0
0 0 1
1 2.46907e+08 0
352 0 0
0 0 1
1 2.46412e+08 0
353 0 0
0 0 1
1 2.45696e+08 0
354 0 0
0 0 1
1 2.44997e+08 0
355 0 0
0 0 1
1 2.4452e+08 0
356 0 0
0 0 1
1 2.4425e+08 0
357 0 0
0 0 1
1 2.44059e+08 0
358 0 0
0 0 1
1 2.43833e+08 0
359 0 0
0 0 1
1 2.43456e+08 0
360 0 0
0 0 1
1 2.42836e+08 0
361 0 0
0 0 1
1 2.42039e+08 0
362 0 0
0 0 1
1 2.41285e+08 0
363 0 0
0 0 1
1 2.40704e+08 0
364 0 0
0 0 1
1 2.40195e+08 0
365 0 0
0 0 1
1 2.39613e+08 0
366 0 0
0 0 1
1 2.39008e+08 0
367 0 0
0 0 1
1 2.38521e+08 0
368 0 0
0 0 1
1 2.38122e+08 0
369 0 0
0 0 1
1 2.37624e+08 0
370 0 0
0 0 1
1 2.36957e+08 0
371 0 0
0 0 1
1 2.36269e+08 0
372 0 0
0 0 1
1 2.35717e+08 0
373 0 0
0 0 1
1 2.35289e+08 0
374 0 0
0 0 1
1 2.34905e+08 0
375 0 0
0 0 1
1 2.34562e+08 0
376 0 0
0 0 1
1 2.34271e+08 0
377 0 0
0 0 1
1 2.3396e+08 0
378 0 0
0 0 1
1 2.33545e+08 0
379 0 0
0 0 1
1 2.3305e+08 0
380 0 0
0 0 1
1 2.32564e+08 0
381 0 0
0 0 1
1 2.32117e+08 0
382 0 0
0 0 1
1 2.31691e+08 0
383 0 0
0 0 1
1 2.31308e+08 0
384 0 0
0 0 1
1 2.30997e+08 0
385 0 0
0 0 1
1 2.30669e+08 0
386 0 0
0 0 1
1 2.30183e+08 0
387 0 0
0 0 1
1 2.29528e+08 0
388 0 0
0 0 1
1 2.28854e+08 0
389 0 0
0 0 1
1 2.28252e+08 0
390 0 0
0 0 1
1 2.27646e+08 0
391 0 0
0 0 1
1 2.26962e+08 0
392 0 0
0 0 1
1 2.26307e+08 0
393 0 0
0 0 1
1 2.25869e+08 0
394 0 0
0 0 1
1 2.25672e+08 0
395 0 0
0 0 1
1 2.25552e+08 0
396 0 0
0 0 1
1 2.25334e+08 0
397 0 0
0 0 1
1 2.24944e+08 0
398 0 0
0 0 1
1 2.24353e+08 0
399 0 0
0 0 1
1 2.23547e+08 0
400 0 0
0 0 1
1 2.22595e+08 0
401 0 0
0 0 1
1 2.21657e+08 0
402 0 0
0 0 1
1 2.20852e+08 0
403 0 0
0 0 1
1 2.20163e+08 0
404 0 0
0 0 1
1 2.19522e+08 0
405 0 0
0 0 1
1 2.18936e+08 0
406 0 0
0 0 1
1 2.18492e+08 0
407 0 0
0 0 1
1 2.18234e+08 0
408 0 0
0 0 1
1 2.18104e+08 0
409 0 0
0 0 1
1 2.1796e+08 0
410 0 0
0 0 1
1 2.1766e+08 0
411 0 0
0 0 1
1 2.17148e+08 0
412 0 0
0 0 1
1 2.16515e+08 0
413 0 0
0 0 1
1 2.15956e+08 0
414 0 0
0 0 1
1 2.15594e+08 0
415 0 0
0 0 1
1 2.15346e+08 0
416 0 0
0 0 1
1 2.14996e+08 0
417 0 0
0 0 1
1 2.14409e+08 0
418 0 0
0 0 1
1 2.1365e+08 0
419 0 0
0 0 1
1 2.12903e+08 0
420 0 0
0 0 1
1 2.1232e+08 0
421 0 0
0 0 1
1 2.11923e+08 0
422 0 0
0 0 1
1 2.116e+08 0
423 0 0
0 0 1
1 2.112e+08 0
424 0 0
0 0 1
1 2.10673e+08 0
425 0 0
0 0 1
1 2.10124e+08 0
426 0 0
0 0 1
1 2.09683e+08 0
427 0 0
0 0 1
1 2.09313e+08 0
428 0 0
0 0 1
1 2.08839e+08 0
429 0 0
0 0 1
1 2.08179e+08 0
430 0 0
0 0 1
1 2.07447e+08 0
431 0 0
0 0 1
1 2.06779e+08 0
432 0 0
0 0 1
1 2.0613e+08 0
433 0 0
0 0 1
1 2.05385e+08 0
434 0 0
0 0 1
1 2.04608e+08 0
435 0 0
0 0 1
1 2.04028e+08 0
436 0 0
0 0 1
1 2.03765e+08 0
437 0 0
0 0 1
1 2.03675e+08 0
438 0 0
0 0 1
1 2.03532e+08 0
439 0 0
0 0 1
1 2.03257e+08 0
440 0 0
0 0 1
1 2.02906e+08 0
441 0 0
0 0 1
1 2.02505e+08 0
442 0 0
0 0 1
1 2.02023e+08 0
443 0 0
0 0 1
1 2.01484e+08 0
444 0 0
0 0 1
1 2.00987e+08 0
445 0 0
0 0 1
1 2.00571e+08 0
446 0 0
0 0 1
1 2.00153e+08 0
447 0 0
0 0 1
1 1.99625e+08 0
448 0 0
0 0 1
1 1.98979e+08 0
449 0 0
0 0 1
1 1.9831e+08 0
450 0 0
0 0 1
1 1.97728e+08 0
451 0 0
0 0 1
1 1.97291e+08 0
452 0 0
0 0 1
1 1.9698e+08 0
453 0 0
0 0 1
1 1.96708e+08 0
454 0 0
0 0 1
1 1.96372e+08 0
455 0 0
0 0 1
1 1.95945e+08 0
456 0 0
0 0 1
1 1.95495e+08 0
457 0 0
0 0 1
1 1.95081e+08 0
458 0 0
0 0 1
1 1.94668e+08 0
459 0 0
0 0 1
1 1.94177e+08 0
460 0 0
0 0 1
1 1.93631e+08 0
461 0 0
0 0 1
1 1.9316e+08 0
462 0 0
0 0 1
1 1.92842e+08 0
463 0 0
0 0 1
1 1.92563e+08 0
464 0 0
0 0 1
1 1.92097e+08 0
465 0 0
0 0 1
1 1.91352e+08 0
466 0 0
0 0 1
1 1.90497e+08 0
467 0 0
0 0 1
1 1.89824e+08 0
468 0 0
0 0 1
1 1.89461e+08 0
469 0 0
0 0 1
1 1.89258e+08 0
470 0 0
0 0 1
1 1.88955e+08 0
471 0 0
0 0 1
1 1.88436e+08 0
472 0 0
0 0 1
1 1.87786e+08 0
473 0 0
0 0 1
1 1.87127e+08 0
474 0 0
0 0 1
1 1.865e+08 0
475 0 0
0 0 1
1 1.85919e+08 0
476 0 0
0 0 1
1 1.85453e+08 0
477 0 0
0 0 1
1 1.85156e+08 0
478 0 0
0 0 1
1 1.84946e+08 0
479 0 0
0 0 1
1 1.84669e+08 0
480 0 0
0 0 1
1 1.84284e+08 0
481 0 0
0 0 1
1 1.83895e+08 0
482 0 0
0 0 1
1 1.83584e+08 0
483 0 0
0 0 1
1 1.83298e+08 0
484 0 0
0 0 1
1 1.82948e+08 0
485 0 0
0 0 1
1 1.82542e+08 0
486 0 0
0 0 1
1 1.82115e+08 0
487 0 0
0 0 1
1 1.81602e+08 0
488 0 0
0 0 1
1 1.80899e+08 0
489 0 0
0 0 1
1 1.80055e+08 0
490 0 0
0 0 1
1 1.79298e+08 0
491 0 0
0 0 1
1 1.78811e+08 0
492 0 0
0 0 1
1 1.78562e+08 0
493 0 0
0 0 1
1 1.78377e+08 0
494 0 0
0 0 1
1 1.78118e+08 0
495 0 0
0 0 1
1 1.77732e+08 0
496 0 0
0 0 1
1 1.77195e+08 0
497 0 0
0 0 1
1 1.76499e+08 0
498 0 0
0 0 1
1 1.75711e+08 0
499 0 0
0 0 1
1 1.74951e+08 0
500 0 0
0 0 1
1 1.74313e+08 0
501 0 0
0 0 1
1 1.73802e+08 0
502 0 0
0 0 1
1 1.73366e+08 0
503 0 0
0 0 1
1 1.72957e+08 0
504 0 0
0 0 1
1 1.72573e+08 0
505 0 0
0 0 1
1 1.72251e+08 0
506 0 0
0 0 1
1 1.72014e+08 0
507 0 0
0 0 1
1 1.7181e+08 0
508 0 0
0 0 1
1 1.71524e+08 0
509 0 0
0 0 1
1 1.71103e+08 0
510 0 0
0 0 1
1 1.70634e+08 0
511 0 0
0 0 1
1 1.70224e+08 0
512 0 0
0 0 1
1 1.69849e+08 0
513 0 0
0 0 1
1 1.694e+08 0
514 0 0
0 0 1
1 1.68878e+08 0
515 0 0
0 0 1
1 1.68414e+08 0
516 0 0
0 0 1
1 1.68067e+08 0
517 0 0
0 0 1
1 1.67698e+08 0
518 0 0
0 0 1
1 1.67151e+08 0
519 0 0
0 0 1
1 1.66471e+08 0
520 0 0
0 0 1
1 1.65847e+08 0
521 0 0
0 0 1
1 1.65382e+08 0
522 0 0
0 0 1
1 1.65041e+08 0
523 0 0
0 0 1
1 1.6479e+08 0
524 0 0
0 0 1
1 1.64627e+08 0
525 0 0
0 0 1
1 1.64455e+08 0
526 0 0
0 0 1
1 1.64074e+08 0
527 0 0
0 0 1
1 1.63406e+08 0
528 0 0
0 0 1
1 1.62623e+08 0
529 0 0
0 0 1
1 1.61955e+08 0
530 0 0
0 0 1
1 1.61443e+08 0
531 0 0
0 0 1
1 1.60966e+08 0
532 0 0
0 0 1
1 1.60452e+08 0
533 0 0
0 0 1
1 1.59925e+08 0
534 0 0
0 0 1
1 1.59379e+08 0
535 0 0
0 0 1
1 1.58751e+08 0
536 0 0
0 0 1
1 1.58068e+08 0
537 0 0
0 0 1
1 1.57491e+08 0
538 0 0
0 0 1
1 1.57132e+08 0
539 0 0
0 0 1
1 1.56879e+08 0
540 0 0
0 0 1
1 1.5649e+08 0
541 0 0
0 0 1
1 1.55846e+08 0
542 0 0
0 0 1
1 1.55078e+08 0
543 0 0
0 0 1
1 1.54444e+08 0
544 0 0
0 0 1
1 1.54103e+08 0
545 0 0
0 0 1
1 1.5397e+08 0
546 0 0
0 0 1
1 1.53789e+08 0
547 0 0
0 0 1
1 1.53406e+08 0
548 0 0
0 0 1
1 1.52955e+08 0
549 0 0
0 0 1
1 1.52703e+08 0
550 0 0
0 0 1
1 1.52666e+08 0
551 0 0
0 0 1
1 1.52509e+08 0
552 0 0
0 0 1
1 1.51924e+08 0
553 0 0
0 0 1
1 1.51009e+08 0
554 0 0
0 0 1
1 1.50137e+08 0
555 0 0
0 0 1
1 1.49513e+08 0
556 0 0
0 0 1
1 1.49035e+08 0
557 0 0
0 0 1
1 1.48587e+08 0
558 0 0
0 0 1
1 1.48232e+08 0
559 0 0
0 0 1
1 1.48027e+08 0
560 0 0
0 0 1
1 1.47838e+08 0
561 0 0
0 0 1
1 1.47521e+08 0
562 0 0
0 0 1
1 1.47158e+08 0
563 0 0
0 0 1
1 1.46933e+08 0
564 0 0
0 0 1
1 1.46807e+08 0
565 0 0
0 0 1
1 1.46527e+08 0
566 0 0
0 0 1
1 1.45975e+08 0
567 0 0
0 0 1
1 1.45313e+08 0
568 0 0
0 0 1
1 1.44732e+08 0
569 0 0
0 0 1
1 1.44216e+08 0
570 0 0
0 0 1
1 1.4366e+08 0
571 0 0
0 0 1
1 1.43088e+08 0
572 0 0
0 0 1
1 1.4262e+08 0
573 0 0
0 0 1
1 1.42297e+08 0
574 0 0
0 0 1
1 1.42056e+08 0
575 0 0
0 0 1
1 1.4183e+08 0
576 0 0
0 0 1
1 1.4157e+08 0
577 0 0
0 0 1
1 1.41209e+08 0
578 0 0
0 0 1
1 1.40743e+08 0
579 0 0
0 0 1
1 1.403e+08 0
580 0 0
0 0 1
1 1.39985e+08 0
581 0 0
0 0 1
1 1.39672e+08 0
582 0 0
0 0 1
1 1.39117e+08 0
583 0 0
0 0 1
1 1.38337e+08 0
584 0 0
0 0 1
1 1.37686e+08 0
585 0 0
0 0 1
1 1.37423e+08 0
586 0 0
0 0 1
1 1.37347e+08 0
587 0 0
0 0 1
1 1.37024e+08 0
588 0 0
0 0 1
1 1.36323e+08 0
589 0 0
0 0 1
1 1.35546e+08 0
590 0 0
0 0 1
1 1.35022e+08 0
591 0 0
0 0 1
1 1.34755e+08 0
592 0 0
0 0 1
1 1.34518e+08 0
593 0 0
0 0 1
1 1.34157e+08 0
594 0 0
0 0 1
1 1.33686e+08 0
595 0 0
0 0 1
1 1.33182e+08 0
596 0 0
0 0 1
1 1.32672e+08 0
597 0 0
0 0 1
1 1.32136e+08 0
598 0 0
0 0 1
1 1.3154e+08 0
599 0 0
0 0 1
1 1.30898e+08 0
600 0 0
0 0 1
1 1.30324e+08 0
601 0 0
0 0 1
1 1.29982e+08 0
602 0 0
0 0 1
1 1.29916e+08 0
603 0 0
0 0 1
1 1.29959e+08 0
604 0 0
0 0 1
1 1.29874e+08 0
605 0 0
0 0 1
1 1.2958e+08 0
606 0 0
0 0 1
1 1.2917e+08 0
607 0 0
0 0 1
1 1.28718e+08 0
608 0 0
0 0 1
1 1.28181e+08 0
609 0 0
0 0 1
1 1.27524e+08 0
610 0 0
0 0 1
1 1.26857e+08 0
611 0 0
0 0 1
1 1.2636e+08 0
612 0 0
0 0 1
1 1.261e+08 0
613 0 0
0 0 1
1 1.25948e+08 0
614 0 0
0 0 1
1 1.25685e+08 0
615 0 0
0 0 1
1 1.25185e+08 0
616 0 0
0 0 1
1 1.24523e+08 0
617 0 0
0 0 1
1 1.23928e+08 0
618 0 0
0 0 1
1 1.23582e+08 0
619 0 0
0 0 1
1 1.23416e+08 0
620 0 0
0 0 1
1 1.23156e+08 0
621 0 0
0 0 1
1 1.22614e+08 0
622 0 0
0 0 1
1 1.21909e+08 0
623 0 0
0 0 1
1 1.2133e+08 0
624 0 0
0 0 1
1 1.21008e+08 0
625 0 0
0 0 1
1 1.208e+08 0
626 0 0
0 0 1
1 1.2052e+08 0
627 0 0
0 0 1
1 1.20163e+08 0
628 0 0
0 0 1
1 1.1986e+08 0
629 0 0
0 0 1
1 1.19671e+08 0
630 0 0
0 0 1
1 1.19511e+08 0
631 0 0
0 0 1
1 1.19257e+08 0
632 0 0
0 0 1
1 1.18874e+08 0
633 0 0
0 0 1
1 1.18435e+08 0
634 0 0
0 0 1
1 1.18052e+08 0
635 0 0
0 0 1
1 1.17779e+08 0
636 0 0
0 0 1
1 1.17551e+08 0
637 0 0
0 0 1
1 1.17229e+08 0
638 0 0
0 0 1
1 1.16748e+08 0
639 0 0
0 0 1
1 1.16213e+08 0
640 0 0
0 0 1
1 1.15777e+08 0
641 0 0
0 0 1
1 1.1545e+08 0
642 0 0
0 0 1
1 1.15096e+08 0
643 0 0
0 0 1
1 1.14632e+08 0
644 0 0
0 0 1
1 1.14135e+08 0
645 0 0
0 0 1
1 1.13692e+08 0
646 0 0
0 0 1
1 1.13249e+08 0
647 0 0
0 0 1
1 1.12709e+08 0
648 0 0
0 0 1
1 1.12136e+08 0
649 0 0
0 0 1
1 1.11718e+08 0
650 0 0
0 0 1
1 1.11503e+08 0
651 0 0
0 0 1
1 1.11285e+08 0
652 0 0
0 0 1
1 1.10823e+08 0
653 0 0
0 0 1
1 1.1011e+08 0
654 0 0
0 0 1
1 1.09346e+08 0
655 0 0
0 0 1
1 1.08702e+08 0
656 0 0
0 0 1
1 1.08211e+08 0
657 0 0
0 0 1
1 1.07867e+08 0
658 0 0
0 0 1
1 1.07684e+08 0
659 0 0
0 0 1
1 1.07617e+08 0
660 0 0
0 0 1
1 1.07501e+08 0
661 0 0
0 0 1
1 1.07173e+08 0
662 0 0
0 0 1
1 1.06643e+08 0
663 0 0
0 0 1
1 1.06081e+08 0
664 0 0
0 0 1
1 1.05637e+08 0
665 0 0
0 0 1
1 1.05325e+08 0
666 0 0
0 0 1
1 1.05078e+08 0
667 0 0
0 0 1
1 1.04824e+08 0
668 0 0
0 0 1
1 1.04509e+08 0
669 0 0
0 0 1
1 1.04095e+08 0
670 0 0
0 0 1
1 1.036e+08 0
671 0 0
0 0 1
1 1.03101e+08 0
672 0 0
0 0 1
1 1.02647e+08 0
673 0 0
0 0 1
1 1.02209e+08 0
674 0 0
0 0 1
1 1.01766e+08 0
675 0 0
0 0 1
1 1.01396e+08 0
676 0 0
0 0 1
1 1.01176e+08 0
677 0 0
0 0 1
1 1.01007e+08 0
678 0 0
0 0 1
1 1.00643e+08 0
679 0 0
0 0 1
1 9.99648e+07 0
680 0 0
0 0 1
1 9.91485e+07 0
681 0 0
0 0 1
1 9.84743e+07 0
682 0 0
0 0 1
1 9.80288e+07 0
683 0 0
0 0 1
1 9.76841e+07 0
684 0 0
0 0 1
1 9.73316e+07 0
685 0 0
0 0 1
1 9.70022e+07 0
686 0 0
0 0 1
1 9.67336e+07 0
687 0 0
0 0 1
1 9.64533e+07 0
688 0 0
0 0 1
1 9.6085e+07 0
689 0 0
0 0 1
1 9.56927e+07 0
690 0 0
0 0 1
1 9.541e+07 0
691 0 0
0 0 1
1 9.52488e+07 0
692 0 0
0 0 1
1 9.50728e+07 0
693 0 0
0 0 1
1 9.47593e+07 0
694 0 0
0 0 1
1 9.43087e+07 0
695 0 0
0 0 1
1 9.37907e+07 0
696 0 0
0 0 1
1 9.32663e+07 0
697 0 0
0 0 1
1 9.27868e+07 0
698 0 0
0 0 1
1 9.23895e+07 0
699 0 0
0 0 1
1 9.20423e+07 0
700 0 0
0 0 1
1 9.16522e+07 0
701 0 0
0 0 1
1 9.11852e+07 0
702 0 0
0 0 1
1 9.07372e+07 0
703 0 0
0 0 1
1 9.04292e+07 0
704 0 0
0 0 1
1 9.02667e+07 0
705 0 0
0 0 1
1 9.01616e+07 0
706 0 0
0 0 1
1 9.00512e+07 0
707 0 0
0 0 1
1 8.99178e+07 0
708 0 0
0 0 1
1 8.97104e+07 0
709 0 0
0 0 1
1 8.93555e+07 0
710 0 0
0 0 1
1 8.88699e+07 0
711 0 0
0 0 1
1 8.83742e+07 0
712 0 0
0 0 1
1 8.79449e+07 0
713 0 0
0 0 1
1 8.75156e+07 0
714 0 0
0 0 1
1 8.69877e+07 0
715 0 0
0 0 1
1 8.63904e+07 0
716 0 0
0 0 1
1 8.58607e+07 0
717 0 0
0 0 1
1 8.54824e+07 0
718 0 0
0 0 1
1 8.52078e+07 0
719 0 0
0 0 1
1 8.49392e+07 0
720 0 0
0 0 1
1 8.4636e+07 0
721 0 0
0 0 1
1 8.43312e+07 0
722 0 0
0 0 1
1 8.40756e+07 0
723 0 0
0 0 1
1 8.38761e+07 0
724 0 0
0 0 1
1 8.36782e+07 0
725 0 0
0 0 1
1 8.34138e+07 0
726 0 0
0 0 1
1 8.30717e+07 0
727 0 0
0 0 1
1 8.26847e+07 0
728 0 0
0 0 1
1 8.2239e+07 0
729 0 0
0 0 1
1 8.16725e+07 0
730 0 0
0 0 1
1 8.10269e+07 0
731 0 0
0 0 1
1 8.05139e+07 0
732 0 0
0 0 1
1 8.02899e+07 0
733 0 0
0 0 1
1 8.01936e+07 0
734 0 0
0 0 1
1 7.98857e+07 0
735 0 0
0 0 1
1 7.92913e+07 0
736 0 0
0 0 1
1 7.87213e+07 0
737 0 0
0 0 1
1 7.84484e+07 0
738 0 0
0 0 1
1 7.83268e+07 0
739 0 0
0 0 1
1 7.80231e+07 0
740 0 0
0 0 1
1 7.75115e+07 0
741 0 0
0 0 1
1 7.70904e+07 0
742 0 0
0 0 1
1 7.69249e+07 0
743 0 0
0 0 1
1 7.68342e+07 0
744 0 0
0 0 1
1 7.66084e+07 0
745 0 0
0 0 1
1 7.62999e+07 0
746 0 0
0 0 1
1 7.60402e+07 0
747 0 0
0 0 1
1 7.57514e+07 0
748 0 0
0 0 1
1 7.52665e+07 0
749 0 0
0 0 1
1 7.46509e+07 0
750 0 0
0 0 1
1 7.4176e+07 0
751 0 0
0 0 1
1 7.39773e+07 0
752 0 0
0 0 1
1 7.39169e+07 0
753 0 0
0 0 1
1 7.37894e+07 0
754 0 0
0 0 1
1 7.34895e+07 0
755 0 0
0 0 1
1 7.29663e+07 0
756 0 0
0 0 1
1 7.22305e+07 0
757 0 0
0 0 1
1 7.14947e+07 0
758 0 0
0 0 1
1 7.10974e+07 0
759 0 0
0 0 1
1 7.11195e+07 0
760 0 0
0 0 1
1 7.12075e+07 0
761 0 0
0 0 1
1 7.09595e+07 0
762 0 0
0 0 1
1 7.03979e+07 0
763 0 0
0 0 1
1 6.98667e+07 0
764 0 0
0 0 1
1 6.95303e+07 0
765 0 0
0 0 1
1 6.9212e+07 0
766 0 0
0 0 1
1 6.87414e+07 0
767 0 0
0 0 1
1 6.82204e+07 0
768 0 0
0 0 1
1 6.78419e+07 0
769 0 0
0 0 1
1 6.76287e+07 0
770 0 0
0 0 1
1 6.74875e+07 0
771 0 0
0 0 1
1 6.73848e+07 0
772 0 0
0 0 1
1 6.73063e+07 0
773 0 0
0 0 1
1 6.71341e+07 0
774 0 0
0 0 1
1 6.67365e+07 0
775 0 0
0 0 1
1 6.61484e+07 0
776 0 0
0 0 1
1 6.5522e+07 0
777 0 0
0 0 1
1 6.49263e+07 0
778 0 0
0 0 1
1 6.43428e+07 0
779 0 0
0 0 1
1 6.38341e+07 0
780 0 0
0 0 1
1 6.3525e+07 0
781 0 0
0 0 1
1 6.3367e+07 0
782 0 0
0 0 1
1 6.31036e+07 0
783 0 0
0 0 1
1 6.2585e+07 0
784 0 0
0 0 1
1 6.20008e+07 0
785 0 0
0 0 1
1 6.16609e+07 0
786 0 0
0 0 1
1 6.16076e+07 0
787 0 0
0 0 1
1 6.15726e+07 0
788 0 0
0 0 1
1 6.12972e+07 0
789 0 0
0 0 1
1 6.07905e+07 0
790 0 0
0 0 1
1 6.02751e+07 0
791 0 0
0 0 1
1 5.99584e+07 0
792 0 0
0 0 1
1 5.98565e+07 0
793 0 0
0 0 1
1 5.97825e+07 0
794 0 0
0 0 1
1 5.95229e+07 0
795 0 0
0 0 1
1 5.90799e+07 0
796 0 0
0 0 1
1 5.87e+07 0
797 0 0
0 0 1
1 5.85801e+07 0
798 0 0
0 0 1
1 5.85974e+07 0
799 0 0
0 0 1
1 5.846e+07 0
800 0 0
0 0 1
1 5.80937e+07 0
801 0 0
0 0 1
1 5.77066e+07 0
802 0 0
0 0 1
1 5.74389e+07 0
803 0 0
0 0 1
1 5.71462e+07 0
804 0 0
0 0 1
1 5.66455e+07 0
805 0 0
0 0 1
1 5.60158e+07 0
806 0 0
0 0 1
1 5.54844e+07 0
807 0 0
0 0 1
1 5.51208e+07 0
808 0 0
0 0 1
1 5.48439e+07 0
809 0 0
0 0 1
1 5.46652e+07 0
810 0 0
0 0 1
1 5.46806e+07 0
811 0 0
0 0 1
1 5.47934e+07 0
812 0 0
0 0 1
1 5.46853e+07 0
813 0 0
0 0 1
1 5.4194e+07 0
814 0 0
0 0 1
1 5.35606e+07 0
815 0 0
0 0 1
1 5.31445e+07 0
816 0 0
0 0 1
1 5.29819e+07 0
817 0 0
0 0 1
1 5.27766e+07 0
818 0 0
0 0 1
1 5.22814e+07 0
819 0 0
0 0 1
1 5.15502e+07 0
820 0 0
0 0 1
1 5.083e+07 0
821 0 0
0 0 1
1 5.03324e+07 0
822 0 0
0 0 1
1 5.01189e+07 0
823 0 0
0 0 1
1 5.00958e+07 0
824 0 0
0 0 1
1 5.00827e+07 0
825 0 0
0 0 1
1 4.99456e+07 0
826 0 0
0 0 1
1 4.96787e+07 0
827 0 0
0 0 1
1 4.93271e+07 0
828 0 0
0 0 1
1 4.88908e+07 0
829 0 0
0 0 1
1 4.84057e+07 0
830 0 0
0 0 1
1 4.8052e+07 0
831 0 0
0 0 1
1 4.79894e+07 0
832 0 0
0 0 1
1 4.80645e+07 0
833 0 0
0 0 1
1 4.78915e+07 0
834 0 0
0 0 1
1 4.73219e+07 0
835 0 0
0 0 1
1 4.66481e+07 0
836 0 0
0 0 1
1 4.61954e+07 0
837 0 0
0 0 1
1 4.58864e+07 0
838 0 0
0 0 1
1 4.54407e+07 0
839 0 0
0 0 1
1 4.48793e+07 0
840 0 0
0 0 1
1 4.45169e+07 0
841 0 0
0 0 1
1 4.44559e+07 0
842 0 0
0 0 1
1 4.44165e+07 0
843 0 0
0 0 1
1 4.41864e+07 0
844 0 0
0 0 1
1 4.39513e+07 0
845 0 0
0 0 1
1 4.39545e+07 0
846 0 0
0 0 1
1 4.40357e+07 0
847 0 0
0 0 1
1 4.38067e+07 0
848 0 0
0 0 1
1 4.32034e+07 0
849 0 0
0 0 1
1 4.25584e+07 0
850 0 0
0 0 1
1 4.2112e+07 0
851 0 0
0 0 1
1 4.17317e+07 0
852 0 0
0 0 1
1 4.12201e+07 0
853 0 0
0 0 1
1 4.06711e+07 0
854 0 0
0 0 1
1 4.03381e+07 0
855 0 0
0 0 1
1 4.02812e+07 0
856 0 0
0 0 1
1 4.03175e+07 0
857 0 0
0 0 1
1 4.02537e+07 0
858 0 0
0 0 1
1 4.00156e+07 0
859 0 0
0 0 1
1 3.96048e+07 0
860 0 0
0 0 1
1 3.90947e+07 0
861 0 0
0 0 1
1 3.86586e+07 0
862 0 0
0 0 1
1 3.84405e+07 0
863 0 0
0 0 1
1 3.83584e+07 0
864 0 0
0 0 1
1 3.81581e+07 0
865 0 0
0 0 1
1 3.7706e+07 0
866 0 0
0 0 1
1 3.71344e+07 0
867 0 0
0 0 1
1 3.66627e+07 0
868 0 0
0 0 1
1 3.63824e+07 0
869 0 0
0 0 1
1 3.62645e+07 0
870 0 0
0 0 1
1 3.62529e+07 0
871 0 0
0 0 1
1 3.62477e+07 0
872 0 0
0 0 1
1 3.61016e+07 0
873 0 0
0 0 1
1 3.57769e+07 0
874 0 0
0 0 1
1 3.54655e+07 0
875 0 0
0 0 1
1 3.54076e+07 0
876 0 0
0 0 1
1 3.55929e+07 0
877 0 0
0 0 1
1 3.5764e+07 0
878 0 0
0 0 1
1 3.57235e+07 0
879 0 0
0 0 1
1 3.55051e+07 0
880 0 0
0 0 1
1 3.52097e+07 0
881 0 0
0 0 1
1 3.48306e+07 0
882 0 0
0 0 1
1 3.43533e+07 0
883 0 0
0 0 1
1 3.39076e+07 0
884 0 0
0 0 1
1 3.36459e+07 0
885 0 0
0 0 1
1 3.34994e+07 0
886 0 0
0 0 1
1 3.32229e+07 0
887 0 0
0 0 1
1 3.2726e+07 0
888 0 0
0 0 1
1 3.2228e+07 0
889 0 0
0 0 1
1 3.19937e+07 0
890 0 0
0 0 1
1 3.19994e+07 0
891 0 0
0 0 1
1 3.19684e+07 0
892 0 0
0 0 1
1 3.17085e+07 0
893 0 0
0 0 1
1 3.12946e+07 0
894 0 0
0 0 1
1 3.08945e+07 0
895 0 0
0 0 1
1 3.05162e+07 0
896 0 0
0 0 1
1 3.002e+07 0
897 0 0
0 0 1
1 2.93604e+07 0
898 0 0
0 0 1
1 2.87207e+07 0
899 0 0
0 0 1
1 2.8359e+07 0
900 0 0
0 0 1
1 2.83427e+07 0
901 0 0
0 0 1
1 2.84774e+07 0
902 0 0
0 0 1
1 2.84934e+07 0
903 0 0
0 0 1
1 2.82657e+07 0
904 0 0
0 0 1
1 2.78514e+07 0
905 0 0
0 0 1
1 2.73654e+07 0
906 0 0
0 0 1
1 2.68726e+07 0
907 0 0
0 0 1
1 2.63839e+07 0
908 0 0
0 0 1
1 2.58989e+07 0
909 0 0
0 0 1
1 2.5428e+07 0
910 0 0
0 0 1
1 2.50073e+07 0
911 0 0
0 0 1
1 2.47096e+07 0
912 0 0
0 0 1
1 2.46062e+07 0
913 0 0
0 0 1
1 2.46815e+07 0
914 0 0
0 0 1
1 2.48014e+07 0
915 0 0
0 0 1
1 2.4807e+07 0
916 0 0
0 0 1
1 2.46449e+07 0
917 0 0
0 0 1
1 2.43839e+07 0
918 0 0
0 0 1
1 2.4112e+07 0
919 0 0
0 0 1
1 2.38527e+07 0
920 0 0
0 0 1
1 2.35888e+07 0
921 0 0
0 0 1
1 2.33214e+07 0
922 0 0
0 0 1
1 2.30658e+07 0
923 0 0
0 0 1
1 2.28005e+07 0
924 0 0
0 0 1
1 2.24661e+07 0
925 0 0
0 0 1
1 2.20431e+07 0
926 0 0
0 0 1
1 2.16148e+07 0
927 0 0
0 0 1
1 2.13158e+07 0
928 0 0
0 0 1
1 2.11878e+07 0
929 0 0
0 0 1
1 2.10978e+07 0
930 0 0
0 0 1
1 2.08483e+07 0
931 0 0
0 0 1
1 2.03948e+07 0
932 0 0
0 0 1
1 1.99265e+07 0
933 0 0
0 0 1
1 1.96838e+07 0
-1 0 0
