61
9e-06 0 0
0 0 1
9151.14 1.019e+11 16868
1.5e-05 0 0
0 0 1
9150 7.52491e+10 0
2.4e-05 0 0
0 0 1
9150 4.74723e+10 0
4e-05 0 0
0 0 1
9150 2.06782e+10 0
6.5e-05 0 0
0 0 1
9150 5.53039e+09 0
0.000107 0 0
0 0 1
9150 8.56739e+08 0
0.000176 0 0
0 0 1
9150 3.59637e+08 0
0.000289 0 0
0 0 1
9150 3.11608e+08 0
0.000475 0 0
0 0 1
9150 -6.85239e+08 0
0.00078 0 0
0 0 1
9150 -1.556e+08 0
1.2e-05 0 0
0 0 1
9150 8.74903e+10 0
1.9e-05 0 0
0 0 1
9150 6.15397e+10 0
3.1e-05 0 0
0 0 1
9147.52 3.36367e+10 16296
5.1e-05 0 0
0 0 1
9150 1.23771e+10 0
8.4e-05 0 0
0 0 1
9150 2.38654e+09 0
0.000138 0 0
0 0 1
9150 9.53866e+07 0
0.000226 0 0
0 0 1
9150 4.49284e+08 0
0.000371 0 0
0 0 1
9150 3.44883e+08 0
0.000609 0 0
0 0 1
9150 -1.03286e+09 0
0.001 0 0
0 0 1
9150 3.51725e+08 0
-1 0 0
