Dataset :
/opt/topspin3.5pl6/data/e3b/joachim/87Rb-CRN/35/pdata/1

Spinning speed : 1.000000

Peak 1 (xy -62.585 ppm)

    number integral(S0) integral(S*) intensity(S0) intensity(S*)

         1    -1.67e+11    -1.71e+11             0             0
         2     -1.5e+11    -1.61e+11             0             0
         3    -1.14e+11    -1.35e+11             0             0
         4    -4.74e+10    -8.61e+10             0             0
         5     5.36e+10     1.27e+08             0             0
         6    -1.63e+11    -1.68e+11             0     -2.26e+08
         7    -1.43e+11    -1.55e+11             0             0
         8    -1.01e+11    -1.26e+11             0             0
         9    -2.49e+10    -6.78e+10             0             0
        10      8.1e+10     2.67e+10             0             0
        11     2.02e+11     1.52e+11             0             0
        12     2.34e+11     2.26e+11             0             0
        13     2.34e+11     2.35e+11             0             0

    time(mS) DS/S0(integral) DS/S0(intensity)

           2               0                0
           4               0                0
           6               0                0
           8               0                0
          10          0.9976                0
          12          0.9976                0
          14          0.9976                0
          16          0.9976                0
          18          0.9976                0
          20          0.6701                0
          22          0.2443                0
          24          0.0316                0
          26       -0.003285                0


