SIMFIT 1
1   338374308
2   337805857
3   337236576
4   336666496
5   336095654
6   335524093
7   334951863
8   334379019
9   333805622
10   333231742
11   332657451
12   332082826
13   331507952
14   330932913
15   330357800
16   329782702
17   329207711
18   328632919
19   328058416
20   327484289
21   326910624
22   326337501
23   325764995
24   325193176
25   324622107
26   324051844
27   323482435
28   322913921
29   322346331
30   321779690
31   321214009
32   320649295
33   320085540
34   319522732
35   318960847
36   318399854
37   317839714
38   317280381
39   316721803
40   316163923
41   315606680
42   315050010
43   314493850
44   313938133
45   313382798
46   312827782
47   312273030
48   311718487
49   311164106
50   310609846
51   310055673
52   309501557
53   308947479
54   308393425
55   307839388
56   307285370
57   306731377
58   306177423
59   305623530
60   305069721
61   304516029
62   303962488
63   303409136
64   302856017
65   302303174
66   301750654
67   301198505
68   300646776
69   300095515
70   299544770
71   298994590
72   298445021
73   297896109
74   297347899
75   296800433
76   296253754
77   295707901
78   295162913
79   294618827
80   294075680
81   293533503
82   292992329
83   292452186
84   291913100
85   291375094
86   290838186
87   290302389
88   289767711
89   289234156
90   288701718
91   288170386
92   287640140
93   287110953
94   286582789
95   286055602
96   285529340
97   285003939
98   284479330
99   283955435
100   283432167
101   282909437
102   282387148
103   281865200
104   281343490
105   280821914
106   280300369
107   279778753
108   279256966
109   278734913
110   278212507
111   277689664
112   277166311
113   276642381
114   276117819
115   275592580
116   275066629
117   274539942
118   274012506
119   273484320
120   272955394
121   272425749
122   271895416
123   271364436
124   270832859
125   270300747
126   269768165
127   269235188
128   268701899
129   268168382
130   267634730
131   267101039
132   266567406
133   266033933
134   265500723
135   264967881
136   264435514
137   263903727
138   263372629
139   262842327
140   262312929
141   261784544
142   261257278
143   260731238
144   260206531
145   259683260
146   259161528
147   258641435
148   258123077
149   257606548
150   257091934
151   256579319
152   256068777
153   255560377
154   255054179
155   254550234
156   254048583
157   253549256
158   253052273
159   252557641
160   252065357
161   251575403
162   251087751
163   250602361
164   250119181
165   249638147
166   249159185
167   248682211
168   248207133
169   247733851
170   247262259
171   246792245
172   246323694
173   245856490
174   245390513
175   244925648
176   244461779
177   243998794
178   243536584
179   243075050
180   242614093
181   242153626
182   241693568
183   241233846
184   240774395
185   240315160
186   239856097
187   239397168
188   238938347
189   238479618
190   238020975
191   237562421
192   237103970
193   236645645
194   236187480
195   235729516
196   235271805
197   234814406
198   234357385
199   233900815
200   233444774
201   232989345
202   232534611
203   232080660
204   231627578
205   231175450
206   230724359
207   230274383
208   229825594
209   229378060
210   228931837
211   228486976
212   228043517
213   227601490
214   227160913
215   226721794
216   226284129
217   225847905
218   225413094
219   224979660
220   224547555
221   224116724
222   223687100
223   223258610
224   222831174
225   222404707
226   221979118
227   221554316
228   221130208
229   220706700
230   220283701
231   219861122
232   219438881
233   219016898
234   218595101
235   218173425
236   217751812
237   217330214
238   216908588
239   216486901
240   216065126
241   215643247
242   215221250
243   214799131
244   214376892
245   213954537
246   213532078
247   213109529
248   212686909
249   212264238
250   211841540
251   211418842
252   210996168
253   210573548
254   210151009
255   209728580
256   209306288
257   208884161
258   208462224
259   208040501
260   207619016
261   207197787
262   206776834
263   206356172
264   205935815
265   205515773
266   205096056
267   204676672
268   204257628
269   203838929
270   203420581
271   203002589
272   202584962
273   202167707
274   201750835
275   201334360
276   200918298
277   200502670
278   200087500
279   199672817
280   199258655
281   198845051
282   198432049
283   198019696
284   197608043
285   197197145
286   196787062
287   196377854
288   195969585
289   195562318
290   195156117
291   194751046
292   194347163
293   193944527
294   193543189
295   193143198
296   192744592
297   192347406
298   191951661
299   191557374
300   191164549
301   190773179
302   190383247
303   189994725
304   189607573
305   189221742
306   188837170
307   188453787
308   188071512
309   187690259
310   187309935
311   186930439
312   186551669
313   186173523
314   185795894
315   185418680
316   185041781
317   184665102
318   184288552
319   183912049
320   183535517
321   183158889
322   182782106
323   182405121
324   182027895
325   181650398
326   181272611
327   180894525
328   180516142
329   180137471
330   179758535
331   179379363
332   178999997
333   178620488
334   178240896
335   177861293
336   177481757
337   177102378
338   176723253
339   176344487
340   175966192
341   175588485
342   175211488
343   174835329
344   174460133
345   174086028
346   173713141
347   173341596
348   172971510
349   172602998
350   172236162
351   171871100
352   171507896
353   171146625
354   170787347
355   170430110
356   170074948
357   169721883
358   169370919
359   169022049
360   168675252
361   168330495
362   167987732
363   167646907
364   167307954
365   166970799
366   166635363
367   166301558
368   165969297
369   165638487
370   165309036
371   164980852
372   164653843
373   164327922
374   164003005
375   163679012
376   163355866
377   163033499
378   162711846
379   162390847
380   162070452
381   161750611
382   161431283
383   161112431
384   160794021
385   160476024
386   160158415
387   159841170
388   159524268
389   159207689
390   158891414
391   158575426
392   158259707
393   157944240
394   157629010
395   157314001
396   156999200
397   156684595
398   156370176
399   156055937
400   155741875
401   155427991
402   155114289
403   154800780
404   154487477
405   154174398
406   153861565
407   153549004
408   153236741
409   152924809
410   152613236
411   152302056
412   151991298
413   151680992
414   151371164
415   151061836
416   150753029
417   150444756
418   150137025
419   149829839
420   149523193
421   149217077
422   148911472
423   148606353
424   148301689
425   147997441
426   147693564
427   147390008
428   147086718
429   146783634
430   146480693
431   146177829
432   145874973
433   145572058
434   145269016
435   144965779
436   144662283
437   144358466
438   144054272
439   143749649
440   143444553
441   143138945
442   142832797
443   142526088
444   142218808
445   141910957
446   141602545
447   141293592
448   140984131
449   140674201
450   140363854
451   140053149
452   139742153
453   139430940
454   139119588
455   138808180
456   138496803
457   138185542
458   137874486
459   137563720
460   137253327
461   136943386
462   136633974
463   136325161
464   136017008
465   135709576
466   135402912
467   135097060
468   134792055
469   134487924
470   134184688
471   133882359
472   133580944
473   133280442
474   132980849
475   132682156
476   132384350
477   132087417
478   131791340
479   131496107
480   131201704
481   130908121
482   130615355
483   130323405
484   130032280
485   129741993
486   129452566
487   129164031
488   128876424
489   128589792
490   128304186
491   128019665
492   127736293
493   127454136
494   127173264
495   126893747
496   126615654
497   126339051
498   126064000
499   125790558
500   125518773
501   125248688
502   124980333
503   124713730
504   124448892
505   124185818
506   123924499
507   123664914
508   123407034
509   123150818
510   122896220
511   122643182
512   122391644
513   122141535
514   121892783
515   121645311
516   121399037
517   121153877
518   120909747
519   120666559
520   120424226
521   120182658
522   119941766
523   119701463
524   119461657
525   119222262
526   118983188
527   118744348
528   118505656
529   118267026
530   118028375
531   117789623
532   117550692
533   117311508
534   117072002
535   116832112
536   116591780
537   116350957
538   116109603
539   115867685
540   115625184
541   115382088
542   115138399
543   114894128
544   114649300
545   114403949
546   114158125
547   113911882
548   113665290
549   113418425
550   113171370
551   112924217
552   112677060
553   112429999
554   112183133
555   111936565
556   111690394
557   111444716
558   111199626
559   110955212
560   110711557
561   110468739
562   110226827
563   109985887
564   109745976
565   109507144
566   109269437
567   109032895
568   108797551
569   108563433
570   108330566
571   108098971
572   107868662
573   107639653
574   107411951
575   107185562
576   106960487
577   106736725
578   106514271
579   106293115
580   106073245
581   105854646
582   105637300
583   105421183
584   105206271
585   104992536
586   104779948
587   104568474
588   104358080
589   104148732
590   103940393
591   103733028
592   103526602
593   103321081
594   103116433
595   102912629
596   102709643
597   102507449
598   102306030
599   102105369
600   101905454
601   101706277
602   101507834
603   101310124
604   101113149
605   100916913
606   100721422
607   100526681
608   100332696
609   100139471
610   99947006
611   99755299
612   99564343
613   99374125
614   99184626
615   98995821
616   98807679
617   98620159
618   98433218
619   98246803
620   98060859
621   97875323
622   97690133
623   97505222
624   97320523
625   97135973
626   96951506
627   96767065
628   96582594
629   96398046
630   96213381
631   96028565
632   95843575
633   95658396
634   95473020
635   95287451
636   95101700
637   94915786
638   94729737
639   94543586
640   94357371
641   94171139
642   93984938
643   93798819
644   93612837
645   93427047
646   93241506
647   93056270
648   92871394
649   92686930
650   92502929
651   92319441
652   92136508
653   91954174
654   91772477
655   91591451
656   91411128
657   91231537
658   91052705
659   90874659
660   90697421
661   90521017
662   90345471
663   90170807
664   89997053
665   89824236
666   89652385
667   89481530
668   89311702
669   89142930
670   88975244
671   88808670
672   88643230
673   88478941
674   88315814
675   88153852
676   87993047
677   87833382
678   87674830
679   87517349
680   87360889
681   87205385
682   87050763
683   86896937
684   86743810
685   86591280
686   86439234
687   86287555
688   86136121
689   85984810
690   85833495
691   85682054
692   85530366
693   85378315
694   85225790
695   85072687
696   84918912
697   84764379
698   84609013
699   84452750
700   84295536
701   84137331
702   83978105
703   83817839
704   83656526
705   83494169
706   83330781
707   83166385
708   83001010
709   82834693
710   82667480
711   82499419
712   82330564
713   82160973
714   81990706
715   81819826
716   81648399
717   81476488
718   81304162
719   81131487
720   80958531
721   80785359
722   80612040
723   80438640
724   80265222
725   80091852
726   79918591
727   79745501
728   79572637
729   79400055
730   79227806
731   79055938
732   78884493
733   78713511
734   78543025
735   78373066
736   78203659
737   78034823
738   77866577
739   77698931
740   77531895
741   77365475
742   77199673
743   77034490
744   76869922
745   76705966
746   76542615
747   76379859
748   76217688
749   76056090
750   75895047
751   75734544
752   75574559
753   75415071
754   75256053
755   75097479
756   74939319
