SIMFIT 1
1   338436396
2   338163846
3   337890662
4   337616839
5   337342377
6   337067287
7   336791588
8   336515306
9   336238473
10   335961124
11   335683300
12   335405044
13   335126400
14   334847410
15   334568116
16   334288559
17   334008773
18   333728791
19   333448640
20   333168342
21   332887915
22   332607369
23   332326714
24   332045950
25   331765079
26   331484094
27   331202991
28   330921761
29   330640397
30   330358890
31   330077234
32   329795425
33   329513461
34   329231344
35   328949080
36   328666679
37   328384156
38   328101529
39   327818820
40   327536056
41   327253265
42   326970478
43   326687726
44   326405039
45   326122446
46   325839973
47   325557639
48   325275460
49   324993443
50   324711587
51   324429881
52   324148305
53   323866828
54   323585408
55   323303993
56   323022521
57   322740922
58   322459116
59   322177019
60   321894541
61   321611589
62   321328071
63   321043895
64   320758971
65   320473218
66   320186559
67   319898929
68   319610273
69   319320548
70   319029725
71   318737791
72   318444744
73   318150603
74   317855396
75   317559171
76   317261987
77   316963916
78   316665043
79   316365463
80   316065279
81   315764600
82   315463540
83   315162216
84   314860746
85   314559245
86   314257824
87   313956592
88   313655646
89   313355079
90   313054970
91   312755390
92   312456395
93   312158032
94   311860333
95   311563316
96   311266990
97   310971348
98   310676372
99   310382035
100   310088299
101   309795115
102   309502429
103   309210180
104   308918300
105   308626720
106   308335368
107   308044169
108   307753051
109   307461943
110   307170779
111   306879496
112   306588039
113   306296360
114   306004421
115   305712192
116   305419655
117   305126806
118   304833650
119   304540206
120   304246504
121   303952589
122   303658513
123   303364342
124   303070149
125   302776015
126   302482028
127   302188278
128   301894859
129   301601864
130   301309386
131   301017514
132   300726332
133   300435919
134   300146344
135   299857670
136   299569949
137   299283223
138   298997522
139   298712867
140   298429265
141   298146712
142   297865194
143   297584684
144   297305143
145   297026522
146   296748762
147   296471794
148   296195540
149   295919912
150   295644818
151   295370157
152   295095824
153   294821710
154   294547705
155   294273695
156   293999568
157   293725213
158   293450524
159   293175397
160   292899736
161   292623451
162   292346460
163   292068691
164   291790083
165   291510585
166   291230156
167   290948767
168   290666402
169   290383053
170   290098722
171   289813421
172   289527171
173   289239996
174   288951930
175   288663007
176   288373266
177   288082744
178   287791481
179   287499513
180   287206874
181   286913595
182   286619701
183   286325214
184   286030150
185   285734521
186   285438332
187   285141586
188   284844281
189   284546414
190   284247980
191   283948971
192   283649382
193   283349211
194   283048457
195   282747126
196   282445227
197   282142777
198   281839802
199   281536333
200   281232410
201   280928083
202   280623408
203   280318449
204   280013278
205   279707971
206   279402610
207   279097282
208   278792074
209   278487078
210   278182383
211   277878079
212   277574254
213   277270993
214   276968377
215   276666481
216   276365375
217   276065123
218   275765781
219   275467399
220   275170017
221   274873668
222   274578374
223   274284152
224   273991005
225   273698932
226   273407919
227   273117947
228   272828987
229   272541003
230   272253951
231   271967783
232   271682443
233   271397874
234   271114011
235   270830791
236   270548147
237   270266010
238   269984314
239   269702991
240   269421976
241   269141205
242   268860616
243   268580148
244   268299745
245   268019350
246   267738908
247   267458367
248   267177676
249   266896783
250   266615639
251   266334194
252   266052401
253   265770213
254   265487583
255   265204467
256   264920823
257   264636612
258   264351799
259   264066353
260   263780247
261   263493460
262   263205977
263   262917790
264   262628897
265   262339304
266   262049022
267   261758071
268   261466476
269   261174268
270   260881486
271   260588171
272   260294371
273   260000135
274   259705517
275   259410574
276   259115361
277   258819937
278   258524359
279   258228685
280   257932971
281   257637271
282   257341636
283   257046116
284   256750756
285   256455597
286   256160678
287   255866031
288   255571684
289   255277660
290   254983977
291   254690646
292   254397674
293   254105061
294   253812803
295   253520891
296   253229310
297   252938044
298   252647070
299   252356367
300   252065911
301   251775678
302   251485646
303   251195795
304   250906108
305   250616572
306   250327180
307   250037929
308   249748825
309   249459876
310   249171099
311   248882515
312   248594152
313   248306040
314   248018217
315   247730719
316   247443588
317   247156866
318   246870595
319   246584817
320   246299574
321   246014906
322   245730853
323   245447451
324   245164737
325   244882746
326   244601511
327   244321065
328   244041440
329   243762668
330   243484781
331   243207809
332   242931783
333   242656735
334   242382692
335   242109681
336   241837730
337   241566859
338   241297089
339   241028434
340   240760906
341   240494508
342   240229242
343   239965098
344   239702065
345   239440122
346   239179242
347   238919389
348   238660523
349   238402595
350   238145549
351   237889324
352   237633852
353   237379060
354   237124870
355   236871200
356   236617965
357   236365077
358   236112449
359   235859991
360   235607616
361   235355238
362   235102776
363   234850150
364   234597287
365   234344119
366   234090586
367   233836632
368   233582210
369   233327281
370   233071813
371   232815781
372   232559167
373   232301959
374   232044154
375   231785750
376   231526751
377   231267164
378   231006999
379   230746265
380   230484971
381   230223126
382   229960737
383   229697806
384   229434333
385   229170314
386   228905742
387   228640607
388   228374893
389   228108586
390   227841668
391   227574124
392   227305938
393   227037099
394   226767601
395   226497442
396   226226631
397   225955183
398   225683126
399   225410498
400   225137348
401   224863736
402   224589735
403   224315430
404   224040912
405   223766284
406   223491655
407   223217141
408   222942859
409   222668929
410   222395469
411   222122596
412   221850420
413   221579046
414   221308570
415   221039078
416   220770645
417   220503335
418   220237199
419   219972276
420   219708593
421   219446164
422   219184992
423   218925072
424   218666386
425   218408908
426   218152606
427   217897439
428   217643361
429   217390321
430   217138263
431   216887127
432   216636848
433   216387358
434   216138585
435   215890455
436   215642889
437   215395804
438   215149116
439   214902738
440   214656579
441   214410548
442   214164554
443   213918505
444   213672310
445   213425881
446   213179134
447   212931989
448   212684372
449   212436216
450   212187460
451   211938054
452   211687953
453   211437123
454   211185539
455   210933181
456   210680042
457   210426117
458   210171411
459   209915934
460   209659701
461   209402731
462   209145045
463   208886666
464   208627621
465   208367934
466   208107631
467   207846736
468   207585273
469   207323264
470   207060729
471   206797687
472   206534157
473   206270156
474   206005700
475   205740808
476   205475496
477   205209784
478   204943694
479   204677248
480   204410473
481   204143399
482   203876059
483   203608487
484   203340724
485   203072811
486   202804794
487   202536721
488   202268639
489   202000602
490   201732660
491   201464866
492   201197273
493   200929934
494   200662900
495   200396222
496   200129949
497   199864129
498   199598809
499   199334031
500   199069840
501   198806274
502   198543373
503   198281174
504   198019713
505   197759023
506   197499140
507   197240097
508   196981926
509   196724663
510   196468341
511   196212994
512   195958659
513   195705371
514   195453167
515   195202083
516   194952156
517   194703421
518   194455913
519   194209665
520   193964706
521   193721063
522   193478760
523   193237815
524   192998243
525   192760054
526   192523252
527   192287835
528   192053799
529   191821132
530   191589818
531   191359837
532   191131165
533   190903771
534   190677625
535   190452687
536   190228917
537   190006269
538   189784694
539   189564138
540   189344539
541   189125835
542   188907953
543   188690818
544   188474346
545   188258447
546   188043026
547   187827980
548   187613202
549   187398579
550   187183991
551   186969319
552   186754438
553   186539223
554   186323549
555   186107291
556   185890329
557   185672545
558   185453828
559   185234070
560   185013175
561   184791051
562   184567617
563   184342801
564   184116540
565   183888780
566   183659479
567   183428601
568   183196123
569   182962028
570   182726308
571   182488964
572   182250003
573   182009440
574   181767294
575   181523593
576   181278368
577   181031655
578   180783493
579   180533926
580   180283001
581   180030769
582   179777281
583   179522592
584   179266760
585   179009842
586   178751901
587   178492998
588   178233197
589   177972563
590   177711163
591   177449064
592   177186335
593   176923047
594   176659269
595   176395074
596   176130534
597   175865721
598   175600711
599   175335578
600   175070397
601   174805243
602   174540194
603   174275325
604   174010715
605   173746441
606   173482582
607   173219216
608   172956422
609   172694279
610   172432867
611   172172265
612   171912550
613   171653801
614   171396093
615   171139502
616   170884101
617   170629959
618   170377145
619   170125723
620   169875754
621   169627296
622   169380402
623   169135123
624   168891504
625   168649591
626   168409421
627   168171034
628   167934463
629   167699742
630   167466899
631   167235964
632   167006963
633   166779921
634   166554859
635   166331798
636   166110754
637   165891742
638   165674772
639   165459849
640   165246976
641   165036148
642   164827355
643   164620581
644   164415802
645   164212987
646   164012095
647   163813081
648   163615886
649   163420445
650   163226683
651   163034516
652   162843853
653   162654592
654   162466625
655   162279836
656   162094104
657   161909303
658   161725302
659   161541969
660   161359168
661   161176766
662   160994632
663   160812635
664   160630651
665   160448562
666   160266257
667   160083634
668   159900599
669   159717072
670   159532981
671   159348268
672   159162887
673   158976806
674   158790003
675   158602471
676   158414215
677   158225251
678   158035608
679   157845323
680   157654444
681   157463029
682   157271142
683   157078853
684   156886236
685   156693372
686   156500340
687   156307220
688   156114094
689   155921038
690   155728126
691   155535427
692   155343004
693   155150915
694   154959209
695   154767930
696   154577112
697   154386786
698   154196972
699   154007688
700   153818944
701   153630746
702   153443094
703   153255987
704   153069417
705   152883375
706   152697849
707   152512822
708   152328275
709   152144183
710   151960520
711   151777254
712   151594348
713   151411760
714   151229443
715   151047347
716   150865414
717   150683586
718   150501797
719   150319983
720   150138074
721   149956002
722   149773699
723   149591098
724   149408136
725   149224750
726   149040885
727   148856490
728   148671519
729   148485931
730   148299695
731   148112783
732   147925174
733   147736854
734   147547817
735   147358060
736   147167589
737   146976414
738   146784551
739   146592022
740   146398854
741   146205080
742   146010736
743   145815865
744   145620511
745   145424724
746   145228557
747   145032064
748   144835303
749   144638331
750   144441206
751   144243986
752   144046727
753   143849482
754   143652300
755   143455228
756   143258305
757   143061564
758   142865034
759   142668731
760   142472669
761   142276849
762   142081265
763   141885903
764   141690739
765   141495741
766   141300870
767   141106081
768   140911320
769   140716530
770   140521649
771   140326610
772   140131347
773   139935789
774   139739866
775   139543509
776   139346649
777   139149218
778   138951151
779   138752386
780   138552863
781   138352525
782   138151319
783   137949198
784   137746118
785   137542039
786   137336931
787   137130768
788   136923532
789   136715215
790   136505819
791   136295353
792   136083842
793   135871320
794   135657833
795   135443442
796   135228218
797   135012244
798   134795618
799   134578443
800   134360837
801   134142921
802   133924824
803   133706680
804   133488622
805   133270787
806   133053304
807   132836301
808   132619897
809   132404203
810   132189317
811   131975324
812   131762294
813   131550281
814   131339323
815   131129437
816   130920624
817   130712866
818   130506128
819   130300358
820   130095488
821   129891437
822   129688111
823   129485406
824   129283211
825   129081412
826   128879889
827   128678526
828   128477208
829   128275825
830   128074278
831   127872475
832   127670336
833   127467797
834   127264806
835   127061328
836   126857341
837   126652842
838   126447841
839   126242365
840   126036450
841   125830150
842   125623526
843   125416649
844   125209598
845   125002457
846   124795314
847   124588260
848   124381384
849   124174776
850   123968520
851   123762698
852   123557387
853   123352656
854   123148567
855   122945173
856   122742520
857   122540644
858   122339571
859   122139319
860   121939895
861   121741300
862   121543525
863   121346553
864   121150363
865   120954928
866   120760216
867   120566195
868   120372831
869   120180091
870   119987948
871   119796376
872   119605359
873   119414885
874   119224955
875   119035576
876   118846767
877   118658557
878   118470987
879   118284102
880   118097960
881   117912623
882   117728158
883   117544635
884   117362122
885   117180689
886   117000397
887   116821305
888   116643460
889   116466901
890   116291653
891   116117732
892   115945136
893   115773852
894   115603853
895   115435099
896   115267537
897   115101103
898   114935725
899   114771320
900   114607802
901   114445079
902   114283057
903   114121642
904   113960744
905   113800274
906   113640149
907   113480296
908   113320646
909   113161144
910   113001743
911   112842409
912   112683118
913   112523860
914   112364636
915   112205460
916   112046356
917   111887360
918   111728519
919   111569889
920   111411533
921   111253524
922   111095939
923   110938860
924   110782373
925   110626564
926   110471518
927   110317320
928   110164049
929   110011776
930   109860568
931   109710480
932   109561554
933   109413823
934   109267303
935   109121996
936   108977889
937   108834955
938   108693150
939   108552415
940   108412679
941   108273855
942   108135847
943   107998547
944   107861839
945   107725600
946   107589704
947   107454018
948   107318412
949   107182755
950   107046920
951   106910784
952   106774234
953   106637163
954   106499474
955   106361085
956   106221923
957   106081932
958   105941070
959   105799308
960   105656635
961   105513052
962   105368576
963   105223236
964   105077073
965   104930140
966   104782499
967   104634220
968   104485377
969   104336053
970   104186331
971   104036295
972   103886033
973   103735627
974   103585161
975   103434713
976   103284358
977   103134168
978   102984209
979   102834540
980   102685218
981   102536292
982   102387809
983   102239809
984   102092329
985   101945401
986   101799055
987   101653318
988   101508215
989   101363768
990   101220000
991   101076932
992   100934583
993   100792973
994   100652121
995   100512046
996   100372765
997   100234294
998   100096650
999   99959845
1000   99823891
1001   99688796
1002   99554567
1003   99421206
1004   99288709
1005   99157071
1006   99026281
1007   98896320
1008   98767169
1009   98638800
1010   98511180
1011   98384273
1012   98258035
1013   98132422
1014   98007381
1015   97882858
1016   97758797
1017   97635138
1018   97511818
1019   97388775
1020   97265944
1021   97143260
1022   97020660
1023   96898077
1024   96775450
1025   96652714
1026   96529810
1027   96406678
1028   96283262
1029   96159506
1030   96035360
1031   95910775
1032   95785706
1033   95660112
1034   95533956
1035   95407205
1036   95279827
1037   95151798
1038   95023097
1039   94893706
1040   94763612
1041   94632804
1042   94501279
1043   94369034
1044   94236074
1045   94102404
1046   93968037
1047   93832989
1048   93697278
1049   93560929
1050   93423970
1051   93286430
1052   93148345
1053   93009749
1054   92870682
1055   92731181
1056   92591285
1057   92451032
1058   92310456
1059   92169592
1060   92028467
1061   91887106
1062   91745528
1063   91603747
1064   91461771
1065   91319601
1066   91177233
1067   91034657
1068   90891859
1069   90748820
1070   90605517
1071   90461925
1072   90318017
1073   90173767
1074   90029147
1075   89884131
1076   89738697
1077   89592825
1078   89446498
1079   89299706
1080   89152440
1081   89004699
1082   88856488
1083   88707815
1084   88558695
1085   88409148
1086   88259199
1087   88108878
1088   87958220
1089   87807264
1090   87656055
1091   87504639
1092   87353069
1093   87201400
1094   87049691
1095   86898004
1096   86746406
1097   86594966
1098   86443754
1099   86292846
1100   86142319
1101   85992251
1102   85842722
1103   85693815
1104   85545612
1105   85398194
1106   85251647
1107   85106051
1108   84961488
1109   84818040
1110   84675786
1111   84534804
1112   84395169
1113   84256955
1114   84120233
1115   83985069
1116   83851527
1117   83719664
1118   83589532
1119   83461176
1120   83334631
1121   83209924
1122   83087073
1123   82966080
1124   82846937
1125   82729621
1126   82614096
1127   82500308
1128   82388191
1129   82277662
1130   82168623
1131   82060965
1132   81954562
1133   81849281
1134   81744977
1135   81641499
1136   81538690
1137   81436391
1138   81334443
1139   81232690
1140   81130980
1141   81029168
1142   80927122
1143   80824716
1144   80721843
1145   80618406
1146   80514324
1147   80409533
1148   80303982
1149   80197638
1150   80090479
1151   79982497
1152   79873697
1153   79764092
1154   79653705
1155   79542566
1156   79430707
1157   79318167
1158   79204986
1159   79091203
1160   78976861
1161   78861997
1162   78746650
1163   78630858
1164   78514656
1165   78398076
1166   78281153
1167   78163919
1168   78046406
1169   77928650
1170   77810683
1171   77692545
1172   77574274
1173   77455914
1174   77337509
1175   77219111
1176   77100771
1177   76982548
1178   76864499
1179   76746690
1180   76629186
1181   76512055
1182   76395366
1183   76279191
1184   76163601
1185   76048665
1186   75934450
1187   75821023
1188   75708444
1189   75596767
1190   75486042
1191   75376307
1192   75267595
1193   75159927
1194   75053313
1195   74947752
1196   74843234
1197   74739733
1198   74637217
1199   74535640
1200   74434949
1201   74335082
1202   74235970
1203   74137540
1204   74039713
1205   73942411
1206   73845551
1207   73749055
1208   73652845
1209   73556847
1210   73460990
1211   73365210
1212   73269448
1213   73173650
1214   73077770
1215   72981769
1216   72885612
1217   72789274
1218   72692734
1219   72595980
1220   72499004
1221   72401804
1222   72304387
1223   72206760
1224   72108938
1225   72010941
1226   71912792
1227   71814517
1228   71716146
1229   71617712
1230   71519249
1231   71420794
1232   71322383
1233   71224056
1234   71125851
1235   71027805
1236   70929958
1237   70832347
1238   70735007
1239   70637973
1240   70541277
1241   70444949
1242   70349015
1243   70253497
1244   70158416
1245   70063785
1246   69969612
1247   69875902
1248   69782650
1249   69689847
1250   69597475
1251   69505510
1252   69413920
1253   69322665
1254   69231699
1255   69140968
1256   69050412
1257   68959967
1258   68869564
1259   68779131
1260   68688594
1261   68597878
1262   68506910
1263   68415618
1264   68323933
1265   68231792
1266   68139136
1267   68045912
1268   67952074
1269   67857582
1270   67762404
1271   67666513
1272   67569889
1273   67472515
1274   67374383
1275   67275485
1276   67175819
1277   67075383
1278   66974181
1279   66872213
1280   66769484
1281   66665998
1282   66561761
1283   66456777
1284   66351053
1285   66244596
1286   66137412
1287   66029510
1288   65920902
1289   65811597
1290   65701611
1291   65590958
1292   65479656
1293   65367727
1294   65255192
1295   65142079
1296   65028415
1297   64914233
1298   64799566
1299   64684451
1300   64568929
1301   64453041
1302   64336832
1303   64220350
1304   64103642
1305   63986761
1306   63869756
1307   63752683
1308   63635594
1309   63518545
1310   63401592
1311   63284790
1312   63168194
1313   63051861
1314   62935845
1315   62820201
1316   62704984
1317   62590245
1318   62476037
1319   62362410
1320   62249410
1321   62137084
1322   62025475
1323   61914620
1324   61804557
1325   61695316
1326   61586925
1327   61479406
1328   61372777
1329   61267051
1330   61162236
1331   61058336
1332   60955351
1333   60853275
1334   60752101
1335   60651818
1336   60552411
1337   60453865
1338   60356160
1339   60259275
1340   60163190
1341   60067881
1342   59973322
1343   59879486
1344   59786345
1345   59693868
1346   59602024
1347   59510778
1348   59420094
1349   59329933
1350   59240257
1351   59151023
1352   59062190
1353   58973715
1354   58885557
1355   58797674
1356   58710027
1357   58622579
1358   58535298
1359   58448155
1360   58361127
1361   58274195
1362   58187348
