4087
1 0 0
0 0 1
1 3.38436e+08 0
2 0 0
0 0 1
1 3.38164e+08 0
3 0 0
0 0 1
1 3.37891e+08 0
4 0 0
0 0 1
1 3.37617e+08 0
5 0 0
0 0 1
1 3.37342e+08 0
6 0 0
0 0 1
1 3.37067e+08 0
7 0 0
0 0 1
1 3.36792e+08 0
8 0 0
0 0 1
1 3.36515e+08 0
9 0 0
0 0 1
1 3.36238e+08 0
10 0 0
0 0 1
1 3.35961e+08 0
11 0 0
0 0 1
1 3.35683e+08 0
12 0 0
0 0 1
1 3.35405e+08 0
13 0 0
0 0 1
1 3.35126e+08 0
14 0 0
0 0 1
1 3.34847e+08 0
15 0 0
0 0 1
1 3.34568e+08 0
16 0 0
0 0 1
1 3.34289e+08 0
17 0 0
0 0 1
1 3.34009e+08 0
18 0 0
0 0 1
1 3.33729e+08 0
19 0 0
0 0 1
1 3.33449e+08 0
20 0 0
0 0 1
1 3.33168e+08 0
21 0 0
0 0 1
1 3.32888e+08 0
22 0 0
0 0 1
1 3.32607e+08 0
23 0 0
0 0 1
1 3.32327e+08 0
24 0 0
0 0 1
1 3.32046e+08 0
25 0 0
0 0 1
1 3.31765e+08 0
26 0 0
0 0 1
1 3.31484e+08 0
27 0 0
0 0 1
1 3.31203e+08 0
28 0 0
0 0 1
1 3.30922e+08 0
29 0 0
0 0 1
1 3.3064e+08 0
30 0 0
0 0 1
1 3.30359e+08 0
31 0 0
0 0 1
1 3.30077e+08 0
32 0 0
0 0 1
1 3.29795e+08 0
33 0 0
0 0 1
1 3.29513e+08 0
34 0 0
0 0 1
1 3.29231e+08 0
35 0 0
0 0 1
1 3.28949e+08 0
36 0 0
0 0 1
1 3.28667e+08 0
37 0 0
0 0 1
1 3.28384e+08 0
38 0 0
0 0 1
1 3.28102e+08 0
39 0 0
0 0 1
1 3.27819e+08 0
40 0 0
0 0 1
1 3.27536e+08 0
41 0 0
0 0 1
1 3.27253e+08 0
42 0 0
0 0 1
1 3.2697e+08 0
43 0 0
0 0 1
1 3.26688e+08 0
44 0 0
0 0 1
1 3.26405e+08 0
45 0 0
0 0 1
1 3.26122e+08 0
46 0 0
0 0 1
1 3.2584e+08 0
47 0 0
0 0 1
1 3.25558e+08 0
48 0 0
0 0 1
1 3.25275e+08 0
49 0 0
0 0 1
1 3.24993e+08 0
50 0 0
0 0 1
1 3.24712e+08 0
51 0 0
0 0 1
1 3.2443e+08 0
52 0 0
0 0 1
1 3.24148e+08 0
53 0 0
0 0 1
1 3.23867e+08 0
54 0 0
0 0 1
1 3.23585e+08 0
55 0 0
0 0 1
1 3.23304e+08 0
56 0 0
0 0 1
1 3.23023e+08 0
57 0 0
0 0 1
1 3.22741e+08 0
58 0 0
0 0 1
1 3.22459e+08 0
59 0 0
0 0 1
1 3.22177e+08 0
60 0 0
0 0 1
1 3.21895e+08 0
61 0 0
0 0 1
1 3.21612e+08 0
62 0 0
0 0 1
1 3.21328e+08 0
63 0 0
0 0 1
1 3.21044e+08 0
64 0 0
0 0 1
1 3.20759e+08 0
65 0 0
0 0 1
1 3.20473e+08 0
66 0 0
0 0 1
1 3.20187e+08 0
67 0 0
0 0 1
1 3.19899e+08 0
68 0 0
0 0 1
1 3.1961e+08 0
69 0 0
0 0 1
1 3.19321e+08 0
70 0 0
0 0 1
1 3.1903e+08 0
71 0 0
0 0 1
1 3.18738e+08 0
72 0 0
0 0 1
1 3.18445e+08 0
73 0 0
0 0 1
1 3.18151e+08 0
74 0 0
0 0 1
1 3.17855e+08 0
75 0 0
0 0 1
1 3.17559e+08 0
76 0 0
0 0 1
1 3.17262e+08 0
77 0 0
0 0 1
1 3.16964e+08 0
78 0 0
0 0 1
1 3.16665e+08 0
79 0 0
0 0 1
1 3.16365e+08 0
80 0 0
0 0 1
1 3.16065e+08 0
81 0 0
0 0 1
1 3.15765e+08 0
82 0 0
0 0 1
1 3.15464e+08 0
83 0 0
0 0 1
1 3.15162e+08 0
84 0 0
0 0 1
1 3.14861e+08 0
85 0 0
0 0 1
1 3.14559e+08 0
86 0 0
0 0 1
1 3.14258e+08 0
87 0 0
0 0 1
1 3.13957e+08 0
88 0 0
0 0 1
1 3.13656e+08 0
89 0 0
0 0 1
1 3.13355e+08 0
90 0 0
0 0 1
1 3.13055e+08 0
91 0 0
0 0 1
1 3.12755e+08 0
92 0 0
0 0 1
1 3.12456e+08 0
93 0 0
0 0 1
1 3.12158e+08 0
94 0 0
0 0 1
1 3.1186e+08 0
95 0 0
0 0 1
1 3.11563e+08 0
96 0 0
0 0 1
1 3.11267e+08 0
97 0 0
0 0 1
1 3.10971e+08 0
98 0 0
0 0 1
1 3.10676e+08 0
99 0 0
0 0 1
1 3.10382e+08 0
100 0 0
0 0 1
1 3.10088e+08 0
101 0 0
0 0 1
1 3.09795e+08 0
102 0 0
0 0 1
1 3.09502e+08 0
103 0 0
0 0 1
1 3.0921e+08 0
104 0 0
0 0 1
1 3.08918e+08 0
105 0 0
0 0 1
1 3.08627e+08 0
106 0 0
0 0 1
1 3.08335e+08 0
107 0 0
0 0 1
1 3.08044e+08 0
108 0 0
0 0 1
1 3.07753e+08 0
109 0 0
0 0 1
1 3.07462e+08 0
110 0 0
0 0 1
1 3.07171e+08 0
111 0 0
0 0 1
1 3.06879e+08 0
112 0 0
0 0 1
1 3.06588e+08 0
113 0 0
0 0 1
1 3.06296e+08 0
114 0 0
0 0 1
1 3.06004e+08 0
115 0 0
0 0 1
1 3.05712e+08 0
116 0 0
0 0 1
1 3.0542e+08 0
117 0 0
0 0 1
1 3.05127e+08 0
118 0 0
0 0 1
1 3.04834e+08 0
119 0 0
0 0 1
1 3.0454e+08 0
120 0 0
0 0 1
1 3.04246e+08 0
121 0 0
0 0 1
1 3.03953e+08 0
122 0 0
0 0 1
1 3.03659e+08 0
123 0 0
0 0 1
1 3.03364e+08 0
124 0 0
0 0 1
1 3.0307e+08 0
125 0 0
0 0 1
1 3.02776e+08 0
126 0 0
0 0 1
1 3.02482e+08 0
127 0 0
0 0 1
1 3.02188e+08 0
128 0 0
0 0 1
1 3.01895e+08 0
129 0 0
0 0 1
1 3.01602e+08 0
130 0 0
0 0 1
1 3.01309e+08 0
131 0 0
0 0 1
1 3.01018e+08 0
132 0 0
0 0 1
1 3.00726e+08 0
133 0 0
0 0 1
1 3.00436e+08 0
134 0 0
0 0 1
1 3.00146e+08 0
135 0 0
0 0 1
1 2.99858e+08 0
136 0 0
0 0 1
1 2.9957e+08 0
137 0 0
0 0 1
1 2.99283e+08 0
138 0 0
0 0 1
1 2.98998e+08 0
139 0 0
0 0 1
1 2.98713e+08 0
140 0 0
0 0 1
1 2.98429e+08 0
141 0 0
0 0 1
1 2.98147e+08 0
142 0 0
0 0 1
1 2.97865e+08 0
143 0 0
0 0 1
1 2.97585e+08 0
144 0 0
0 0 1
1 2.97305e+08 0
145 0 0
0 0 1
1 2.97027e+08 0
146 0 0
0 0 1
1 2.96749e+08 0
147 0 0
0 0 1
1 2.96472e+08 0
148 0 0
0 0 1
1 2.96196e+08 0
149 0 0
0 0 1
1 2.9592e+08 0
150 0 0
0 0 1
1 2.95645e+08 0
151 0 0
0 0 1
1 2.9537e+08 0
152 0 0
0 0 1
1 2.95096e+08 0
153 0 0
0 0 1
1 2.94822e+08 0
154 0 0
0 0 1
1 2.94548e+08 0
155 0 0
0 0 1
1 2.94274e+08 0
156 0 0
0 0 1
1 2.94e+08 0
157 0 0
0 0 1
1 2.93725e+08 0
158 0 0
0 0 1
1 2.93451e+08 0
159 0 0
0 0 1
1 2.93175e+08 0
160 0 0
0 0 1
1 2.929e+08 0
161 0 0
0 0 1
1 2.92623e+08 0
162 0 0
0 0 1
1 2.92346e+08 0
163 0 0
0 0 1
1 2.92069e+08 0
164 0 0
0 0 1
1 2.9179e+08 0
165 0 0
0 0 1
1 2.91511e+08 0
166 0 0
0 0 1
1 2.9123e+08 0
167 0 0
0 0 1
1 2.90949e+08 0
168 0 0
0 0 1
1 2.90666e+08 0
169 0 0
0 0 1
1 2.90383e+08 0
170 0 0
0 0 1
1 2.90099e+08 0
171 0 0
0 0 1
1 2.89813e+08 0
172 0 0
0 0 1
1 2.89527e+08 0
173 0 0
0 0 1
1 2.8924e+08 0
174 0 0
0 0 1
1 2.88952e+08 0
175 0 0
0 0 1
1 2.88663e+08 0
176 0 0
0 0 1
1 2.88373e+08 0
177 0 0
0 0 1
1 2.88083e+08 0
178 0 0
0 0 1
1 2.87791e+08 0
179 0 0
0 0 1
1 2.875e+08 0
180 0 0
0 0 1
1 2.87207e+08 0
181 0 0
0 0 1
1 2.86914e+08 0
182 0 0
0 0 1
1 2.8662e+08 0
183 0 0
0 0 1
1 2.86325e+08 0
184 0 0
0 0 1
1 2.8603e+08 0
185 0 0
0 0 1
1 2.85735e+08 0
186 0 0
0 0 1
1 2.85438e+08 0
187 0 0
0 0 1
1 2.85142e+08 0
188 0 0
0 0 1
1 2.84844e+08 0
189 0 0
0 0 1
1 2.84546e+08 0
190 0 0
0 0 1
1 2.84248e+08 0
191 0 0
0 0 1
1 2.83949e+08 0
192 0 0
0 0 1
1 2.83649e+08 0
193 0 0
0 0 1
1 2.83349e+08 0
194 0 0
0 0 1
1 2.83048e+08 0
195 0 0
0 0 1
1 2.82747e+08 0
196 0 0
0 0 1
1 2.82445e+08 0
197 0 0
0 0 1
1 2.82143e+08 0
198 0 0
0 0 1
1 2.8184e+08 0
199 0 0
0 0 1
1 2.81536e+08 0
200 0 0
0 0 1
1 2.81232e+08 0
201 0 0
0 0 1
1 2.80928e+08 0
202 0 0
0 0 1
1 2.80623e+08 0
203 0 0
0 0 1
1 2.80318e+08 0
204 0 0
0 0 1
1 2.80013e+08 0
205 0 0
0 0 1
1 2.79708e+08 0
206 0 0
0 0 1
1 2.79403e+08 0
207 0 0
0 0 1
1 2.79097e+08 0
208 0 0
0 0 1
1 2.78792e+08 0
209 0 0
0 0 1
1 2.78487e+08 0
210 0 0
0 0 1
1 2.78182e+08 0
211 0 0
0 0 1
1 2.77878e+08 0
212 0 0
0 0 1
1 2.77574e+08 0
213 0 0
0 0 1
1 2.77271e+08 0
214 0 0
0 0 1
1 2.76968e+08 0
215 0 0
0 0 1
1 2.76666e+08 0
216 0 0
0 0 1
1 2.76365e+08 0
217 0 0
0 0 1
1 2.76065e+08 0
218 0 0
0 0 1
1 2.75766e+08 0
219 0 0
0 0 1
1 2.75467e+08 0
220 0 0
0 0 1
1 2.7517e+08 0
221 0 0
0 0 1
1 2.74874e+08 0
222 0 0
0 0 1
1 2.74578e+08 0
223 0 0
0 0 1
1 2.74284e+08 0
224 0 0
0 0 1
1 2.73991e+08 0
225 0 0
0 0 1
1 2.73699e+08 0
226 0 0
0 0 1
1 2.73408e+08 0
227 0 0
0 0 1
1 2.73118e+08 0
228 0 0
0 0 1
1 2.72829e+08 0
229 0 0
0 0 1
1 2.72541e+08 0
230 0 0
0 0 1
1 2.72254e+08 0
231 0 0
0 0 1
1 2.71968e+08 0
232 0 0
0 0 1
1 2.71682e+08 0
233 0 0
0 0 1
1 2.71398e+08 0
234 0 0
0 0 1
1 2.71114e+08 0
235 0 0
0 0 1
1 2.70831e+08 0
236 0 0
0 0 1
1 2.70548e+08 0
237 0 0
0 0 1
1 2.70266e+08 0
238 0 0
0 0 1
1 2.69984e+08 0
239 0 0
0 0 1
1 2.69703e+08 0
240 0 0
0 0 1
1 2.69422e+08 0
241 0 0
0 0 1
1 2.69141e+08 0
242 0 0
0 0 1
1 2.68861e+08 0
243 0 0
0 0 1
1 2.6858e+08 0
244 0 0
0 0 1
1 2.683e+08 0
245 0 0
0 0 1
1 2.68019e+08 0
246 0 0
0 0 1
1 2.67739e+08 0
247 0 0
0 0 1
1 2.67458e+08 0
248 0 0
0 0 1
1 2.67178e+08 0
249 0 0
0 0 1
1 2.66897e+08 0
250 0 0
0 0 1
1 2.66616e+08 0
251 0 0
0 0 1
1 2.66334e+08 0
252 0 0
0 0 1
1 2.66052e+08 0
253 0 0
0 0 1
1 2.6577e+08 0
254 0 0
0 0 1
1 2.65488e+08 0
255 0 0
0 0 1
1 2.65204e+08 0
256 0 0
0 0 1
1 2.64921e+08 0
257 0 0
0 0 1
1 2.64637e+08 0
258 0 0
0 0 1
1 2.64352e+08 0
259 0 0
0 0 1
1 2.64066e+08 0
260 0 0
0 0 1
1 2.6378e+08 0
261 0 0
0 0 1
1 2.63493e+08 0
262 0 0
0 0 1
1 2.63206e+08 0
263 0 0
0 0 1
1 2.62918e+08 0
264 0 0
0 0 1
1 2.62629e+08 0
265 0 0
0 0 1
1 2.62339e+08 0
266 0 0
0 0 1
1 2.62049e+08 0
267 0 0
0 0 1
1 2.61758e+08 0
268 0 0
0 0 1
1 2.61466e+08 0
269 0 0
0 0 1
1 2.61174e+08 0
270 0 0
0 0 1
1 2.60881e+08 0
271 0 0
0 0 1
1 2.60588e+08 0
272 0 0
0 0 1
1 2.60294e+08 0
273 0 0
0 0 1
1 2.6e+08 0
274 0 0
0 0 1
1 2.59706e+08 0
275 0 0
0 0 1
1 2.59411e+08 0
276 0 0
0 0 1
1 2.59115e+08 0
277 0 0
0 0 1
1 2.5882e+08 0
278 0 0
0 0 1
1 2.58524e+08 0
279 0 0
0 0 1
1 2.58229e+08 0
280 0 0
0 0 1
1 2.57933e+08 0
281 0 0
0 0 1
1 2.57637e+08 0
282 0 0
0 0 1
1 2.57342e+08 0
283 0 0
0 0 1
1 2.57046e+08 0
284 0 0
0 0 1
1 2.56751e+08 0
285 0 0
0 0 1
1 2.56456e+08 0
286 0 0
0 0 1
1 2.56161e+08 0
287 0 0
0 0 1
1 2.55866e+08 0
288 0 0
0 0 1
1 2.55572e+08 0
289 0 0
0 0 1
1 2.55278e+08 0
290 0 0
0 0 1
1 2.54984e+08 0
291 0 0
0 0 1
1 2.54691e+08 0
292 0 0
0 0 1
1 2.54398e+08 0
293 0 0
0 0 1
1 2.54105e+08 0
294 0 0
0 0 1
1 2.53813e+08 0
295 0 0
0 0 1
1 2.53521e+08 0
296 0 0
0 0 1
1 2.53229e+08 0
297 0 0
0 0 1
1 2.52938e+08 0
298 0 0
0 0 1
1 2.52647e+08 0
299 0 0
0 0 1
1 2.52356e+08 0
300 0 0
0 0 1
1 2.52066e+08 0
301 0 0
0 0 1
1 2.51776e+08 0
302 0 0
0 0 1
1 2.51486e+08 0
303 0 0
0 0 1
1 2.51196e+08 0
304 0 0
0 0 1
1 2.50906e+08 0
305 0 0
0 0 1
1 2.50617e+08 0
306 0 0
0 0 1
1 2.50327e+08 0
307 0 0
0 0 1
1 2.50038e+08 0
308 0 0
0 0 1
1 2.49749e+08 0
309 0 0
0 0 1
1 2.4946e+08 0
310 0 0
0 0 1
1 2.49171e+08 0
311 0 0
0 0 1
1 2.48883e+08 0
312 0 0
0 0 1
1 2.48594e+08 0
313 0 0
0 0 1
1 2.48306e+08 0
314 0 0
0 0 1
1 2.48018e+08 0
315 0 0
0 0 1
1 2.47731e+08 0
316 0 0
0 0 1
1 2.47444e+08 0
317 0 0
0 0 1
1 2.47157e+08 0
318 0 0
0 0 1
1 2.46871e+08 0
319 0 0
0 0 1
1 2.46585e+08 0
320 0 0
0 0 1
1 2.463e+08 0
321 0 0
0 0 1
1 2.46015e+08 0
322 0 0
0 0 1
1 2.45731e+08 0
323 0 0
0 0 1
1 2.45447e+08 0
324 0 0
0 0 1
1 2.45165e+08 0
325 0 0
0 0 1
1 2.44883e+08 0
326 0 0
0 0 1
1 2.44602e+08 0
327 0 0
0 0 1
1 2.44321e+08 0
328 0 0
0 0 1
1 2.44041e+08 0
329 0 0
0 0 1
1 2.43763e+08 0
330 0 0
0 0 1
1 2.43485e+08 0
331 0 0
0 0 1
1 2.43208e+08 0
332 0 0
0 0 1
1 2.42932e+08 0
333 0 0
0 0 1
1 2.42657e+08 0
334 0 0
0 0 1
1 2.42383e+08 0
335 0 0
0 0 1
1 2.4211e+08 0
336 0 0
0 0 1
1 2.41838e+08 0
337 0 0
0 0 1
1 2.41567e+08 0
338 0 0
0 0 1
1 2.41297e+08 0
339 0 0
0 0 1
1 2.41028e+08 0
340 0 0
0 0 1
1 2.40761e+08 0
341 0 0
0 0 1
1 2.40495e+08 0
342 0 0
0 0 1
1 2.40229e+08 0
343 0 0
0 0 1
1 2.39965e+08 0
344 0 0
0 0 1
1 2.39702e+08 0
345 0 0
0 0 1
1 2.3944e+08 0
346 0 0
0 0 1
1 2.39179e+08 0
347 0 0
0 0 1
1 2.38919e+08 0
348 0 0
0 0 1
1 2.38661e+08 0
349 0 0
0 0 1
1 2.38403e+08 0
350 0 0
0 0 1
1 2.38146e+08 0
351 0 0
0 0 1
1 2.37889e+08 0
352 0 0
0 0 1
1 2.37634e+08 0
353 0 0
0 0 1
1 2.37379e+08 0
354 0 0
0 0 1
1 2.37125e+08 0
355 0 0
0 0 1
1 2.36871e+08 0
356 0 0
0 0 1
1 2.36618e+08 0
357 0 0
0 0 1
1 2.36365e+08 0
358 0 0
0 0 1
1 2.36112e+08 0
359 0 0
0 0 1
1 2.3586e+08 0
360 0 0
0 0 1
1 2.35608e+08 0
361 0 0
0 0 1
1 2.35355e+08 0
362 0 0
0 0 1
1 2.35103e+08 0
363 0 0
0 0 1
1 2.3485e+08 0
364 0 0
0 0 1
1 2.34597e+08 0
365 0 0
0 0 1
1 2.34344e+08 0
366 0 0
0 0 1
1 2.34091e+08 0
367 0 0
0 0 1
1 2.33837e+08 0
368 0 0
0 0 1
1 2.33582e+08 0
369 0 0
0 0 1
1 2.33327e+08 0
370 0 0
0 0 1
1 2.33072e+08 0
371 0 0
0 0 1
1 2.32816e+08 0
372 0 0
0 0 1
1 2.32559e+08 0
373 0 0
0 0 1
1 2.32302e+08 0
374 0 0
0 0 1
1 2.32044e+08 0
375 0 0
0 0 1
1 2.31786e+08 0
376 0 0
0 0 1
1 2.31527e+08 0
377 0 0
0 0 1
1 2.31267e+08 0
378 0 0
0 0 1
1 2.31007e+08 0
379 0 0
0 0 1
1 2.30746e+08 0
380 0 0
0 0 1
1 2.30485e+08 0
381 0 0
0 0 1
1 2.30223e+08 0
382 0 0
0 0 1
1 2.29961e+08 0
383 0 0
0 0 1
1 2.29698e+08 0
384 0 0
0 0 1
1 2.29434e+08 0
385 0 0
0 0 1
1 2.2917e+08 0
386 0 0
0 0 1
1 2.28906e+08 0
387 0 0
0 0 1
1 2.28641e+08 0
388 0 0
0 0 1
1 2.28375e+08 0
389 0 0
0 0 1
1 2.28109e+08 0
390 0 0
0 0 1
1 2.27842e+08 0
391 0 0
0 0 1
1 2.27574e+08 0
392 0 0
0 0 1
1 2.27306e+08 0
393 0 0
0 0 1
1 2.27037e+08 0
394 0 0
0 0 1
1 2.26768e+08 0
395 0 0
0 0 1
1 2.26497e+08 0
396 0 0
0 0 1
1 2.26227e+08 0
397 0 0
0 0 1
1 2.25955e+08 0
398 0 0
0 0 1
1 2.25683e+08 0
399 0 0
0 0 1
1 2.2541e+08 0
400 0 0
0 0 1
1 2.25137e+08 0
401 0 0
0 0 1
1 2.24864e+08 0
402 0 0
0 0 1
1 2.2459e+08 0
403 0 0
0 0 1
1 2.24315e+08 0
404 0 0
0 0 1
1 2.24041e+08 0
405 0 0
0 0 1
1 2.23766e+08 0
406 0 0
0 0 1
1 2.23492e+08 0
407 0 0
0 0 1
1 2.23217e+08 0
408 0 0
0 0 1
1 2.22943e+08 0
409 0 0
0 0 1
1 2.22669e+08 0
410 0 0
0 0 1
1 2.22395e+08 0
411 0 0
0 0 1
1 2.22123e+08 0
412 0 0
0 0 1
1 2.2185e+08 0
413 0 0
0 0 1
1 2.21579e+08 0
414 0 0
0 0 1
1 2.21309e+08 0
415 0 0
0 0 1
1 2.21039e+08 0
416 0 0
0 0 1
1 2.20771e+08 0
417 0 0
0 0 1
1 2.20503e+08 0
418 0 0
0 0 1
1 2.20237e+08 0
419 0 0
0 0 1
1 2.19972e+08 0
420 0 0
0 0 1
1 2.19709e+08 0
421 0 0
0 0 1
1 2.19446e+08 0
422 0 0
0 0 1
1 2.19185e+08 0
423 0 0
0 0 1
1 2.18925e+08 0
424 0 0
0 0 1
1 2.18666e+08 0
425 0 0
0 0 1
1 2.18409e+08 0
426 0 0
0 0 1
1 2.18153e+08 0
427 0 0
0 0 1
1 2.17897e+08 0
428 0 0
0 0 1
1 2.17643e+08 0
429 0 0
0 0 1
1 2.1739e+08 0
430 0 0
0 0 1
1 2.17138e+08 0
431 0 0
0 0 1
1 2.16887e+08 0
432 0 0
0 0 1
1 2.16637e+08 0
433 0 0
0 0 1
1 2.16387e+08 0
434 0 0
0 0 1
1 2.16139e+08 0
435 0 0
0 0 1
1 2.1589e+08 0
436 0 0
0 0 1
1 2.15643e+08 0
437 0 0
0 0 1
1 2.15396e+08 0
438 0 0
0 0 1
1 2.15149e+08 0
439 0 0
0 0 1
1 2.14903e+08 0
440 0 0
0 0 1
1 2.14657e+08 0
441 0 0
0 0 1
1 2.14411e+08 0
442 0 0
0 0 1
1 2.14165e+08 0
443 0 0
0 0 1
1 2.13919e+08 0
444 0 0
0 0 1
1 2.13672e+08 0
445 0 0
0 0 1
1 2.13426e+08 0
446 0 0
0 0 1
1 2.13179e+08 0
447 0 0
0 0 1
1 2.12932e+08 0
448 0 0
0 0 1
1 2.12684e+08 0
449 0 0
0 0 1
1 2.12436e+08 0
450 0 0
0 0 1
1 2.12187e+08 0
451 0 0
0 0 1
1 2.11938e+08 0
452 0 0
0 0 1
1 2.11688e+08 0
453 0 0
0 0 1
1 2.11437e+08 0
454 0 0
0 0 1
1 2.11186e+08 0
455 0 0
0 0 1
1 2.10933e+08 0
456 0 0
0 0 1
1 2.1068e+08 0
457 0 0
0 0 1
1 2.10426e+08 0
458 0 0
0 0 1
1 2.10171e+08 0
459 0 0
0 0 1
1 2.09916e+08 0
460 0 0
0 0 1
1 2.0966e+08 0
461 0 0
0 0 1
1 2.09403e+08 0
462 0 0
0 0 1
1 2.09145e+08 0
463 0 0
0 0 1
1 2.08887e+08 0
464 0 0
0 0 1
1 2.08628e+08 0
465 0 0
0 0 1
1 2.08368e+08 0
466 0 0
0 0 1
1 2.08108e+08 0
467 0 0
0 0 1
1 2.07847e+08 0
468 0 0
0 0 1
1 2.07585e+08 0
469 0 0
0 0 1
1 2.07323e+08 0
470 0 0
0 0 1
1 2.07061e+08 0
471 0 0
0 0 1
1 2.06798e+08 0
472 0 0
0 0 1
1 2.06534e+08 0
473 0 0
0 0 1
1 2.0627e+08 0
474 0 0
0 0 1
1 2.06006e+08 0
475 0 0
0 0 1
1 2.05741e+08 0
476 0 0
0 0 1
1 2.05475e+08 0
477 0 0
0 0 1
1 2.0521e+08 0
478 0 0
0 0 1
1 2.04944e+08 0
479 0 0
0 0 1
1 2.04677e+08 0
480 0 0
0 0 1
1 2.0441e+08 0
481 0 0
0 0 1
1 2.04143e+08 0
482 0 0
0 0 1
1 2.03876e+08 0
483 0 0
0 0 1
1 2.03608e+08 0
484 0 0
0 0 1
1 2.03341e+08 0
485 0 0
0 0 1
1 2.03073e+08 0
486 0 0
0 0 1
1 2.02805e+08 0
487 0 0
0 0 1
1 2.02537e+08 0
488 0 0
0 0 1
1 2.02269e+08 0
489 0 0
0 0 1
1 2.02001e+08 0
490 0 0
0 0 1
1 2.01733e+08 0
491 0 0
0 0 1
1 2.01465e+08 0
492 0 0
0 0 1
1 2.01197e+08 0
493 0 0
0 0 1
1 2.0093e+08 0
494 0 0
0 0 1
1 2.00663e+08 0
495 0 0
0 0 1
1 2.00396e+08 0
496 0 0
0 0 1
1 2.0013e+08 0
497 0 0
0 0 1
1 1.99864e+08 0
498 0 0
0 0 1
1 1.99599e+08 0
499 0 0
0 0 1
1 1.99334e+08 0
500 0 0
0 0 1
1 1.9907e+08 0
501 0 0
0 0 1
1 1.98806e+08 0
502 0 0
0 0 1
1 1.98543e+08 0
503 0 0
0 0 1
1 1.98281e+08 0
504 0 0
0 0 1
1 1.9802e+08 0
505 0 0
0 0 1
1 1.97759e+08 0
506 0 0
0 0 1
1 1.97499e+08 0
507 0 0
0 0 1
1 1.9724e+08 0
508 0 0
0 0 1
1 1.96982e+08 0
509 0 0
0 0 1
1 1.96725e+08 0
510 0 0
0 0 1
1 1.96468e+08 0
511 0 0
0 0 1
1 1.96213e+08 0
512 0 0
0 0 1
1 1.95959e+08 0
513 0 0
0 0 1
1 1.95705e+08 0
514 0 0
0 0 1
1 1.95453e+08 0
515 0 0
0 0 1
1 1.95202e+08 0
516 0 0
0 0 1
1 1.94952e+08 0
517 0 0
0 0 1
1 1.94703e+08 0
518 0 0
0 0 1
1 1.94456e+08 0
519 0 0
0 0 1
1 1.9421e+08 0
520 0 0
0 0 1
1 1.93965e+08 0
521 0 0
0 0 1
1 1.93721e+08 0
522 0 0
0 0 1
1 1.93479e+08 0
523 0 0
0 0 1
1 1.93238e+08 0
524 0 0
0 0 1
1 1.92998e+08 0
525 0 0
0 0 1
1 1.9276e+08 0
526 0 0
0 0 1
1 1.92523e+08 0
527 0 0
0 0 1
1 1.92288e+08 0
528 0 0
0 0 1
1 1.92054e+08 0
529 0 0
0 0 1
1 1.91821e+08 0
530 0 0
0 0 1
1 1.9159e+08 0
531 0 0
0 0 1
1 1.9136e+08 0
532 0 0
0 0 1
1 1.91131e+08 0
533 0 0
0 0 1
1 1.90904e+08 0
534 0 0
0 0 1
1 1.90678e+08 0
535 0 0
0 0 1
1 1.90453e+08 0
536 0 0
0 0 1
1 1.90229e+08 0
537 0 0
0 0 1
1 1.90006e+08 0
538 0 0
0 0 1
1 1.89785e+08 0
539 0 0
0 0 1
1 1.89564e+08 0
540 0 0
0 0 1
1 1.89345e+08 0
541 0 0
0 0 1
1 1.89126e+08 0
542 0 0
0 0 1
1 1.88908e+08 0
543 0 0
0 0 1
1 1.88691e+08 0
544 0 0
0 0 1
1 1.88474e+08 0
545 0 0
0 0 1
1 1.88258e+08 0
546 0 0
0 0 1
1 1.88043e+08 0
547 0 0
0 0 1
1 1.87828e+08 0
548 0 0
0 0 1
1 1.87613e+08 0
549 0 0
0 0 1
1 1.87399e+08 0
550 0 0
0 0 1
1 1.87184e+08 0
551 0 0
0 0 1
1 1.86969e+08 0
552 0 0
0 0 1
1 1.86754e+08 0
553 0 0
0 0 1
1 1.86539e+08 0
554 0 0
0 0 1
1 1.86324e+08 0
555 0 0
0 0 1
1 1.86107e+08 0
556 0 0
0 0 1
1 1.8589e+08 0
557 0 0
0 0 1
1 1.85673e+08 0
558 0 0
0 0 1
1 1.85454e+08 0
559 0 0
0 0 1
1 1.85234e+08 0
560 0 0
0 0 1
1 1.85013e+08 0
561 0 0
0 0 1
1 1.84791e+08 0
562 0 0
0 0 1
1 1.84568e+08 0
563 0 0
0 0 1
1 1.84343e+08 0
564 0 0
0 0 1
1 1.84117e+08 0
565 0 0
0 0 1
1 1.83889e+08 0
566 0 0
0 0 1
1 1.83659e+08 0
567 0 0
0 0 1
1 1.83429e+08 0
568 0 0
0 0 1
1 1.83196e+08 0
569 0 0
0 0 1
1 1.82962e+08 0
570 0 0
0 0 1
1 1.82726e+08 0
571 0 0
0 0 1
1 1.82489e+08 0
572 0 0
0 0 1
1 1.8225e+08 0
573 0 0
0 0 1
1 1.82009e+08 0
574 0 0
0 0 1
1 1.81767e+08 0
575 0 0
0 0 1
1 1.81524e+08 0
576 0 0
0 0 1
1 1.81278e+08 0
577 0 0
0 0 1
1 1.81032e+08 0
578 0 0
0 0 1
1 1.80783e+08 0
579 0 0
0 0 1
1 1.80534e+08 0
580 0 0
0 0 1
1 1.80283e+08 0
581 0 0
0 0 1
1 1.80031e+08 0
582 0 0
0 0 1
1 1.79777e+08 0
583 0 0
0 0 1
1 1.79523e+08 0
584 0 0
0 0 1
1 1.79267e+08 0
585 0 0
0 0 1
1 1.7901e+08 0
586 0 0
0 0 1
1 1.78752e+08 0
587 0 0
0 0 1
1 1.78493e+08 0
588 0 0
0 0 1
1 1.78233e+08 0
589 0 0
0 0 1
1 1.77973e+08 0
590 0 0
0 0 1
1 1.77711e+08 0
591 0 0
0 0 1
1 1.77449e+08 0
592 0 0
0 0 1
1 1.77186e+08 0
593 0 0
0 0 1
1 1.76923e+08 0
594 0 0
0 0 1
1 1.76659e+08 0
595 0 0
0 0 1
1 1.76395e+08 0
596 0 0
0 0 1
1 1.76131e+08 0
597 0 0
0 0 1
1 1.75866e+08 0
598 0 0
0 0 1
1 1.75601e+08 0
599 0 0
0 0 1
1 1.75336e+08 0
600 0 0
0 0 1
1 1.7507e+08 0
601 0 0
0 0 1
1 1.74805e+08 0
602 0 0
0 0 1
1 1.7454e+08 0
603 0 0
0 0 1
1 1.74275e+08 0
604 0 0
0 0 1
1 1.74011e+08 0
605 0 0
0 0 1
1 1.73746e+08 0
606 0 0
0 0 1
1 1.73483e+08 0
607 0 0
0 0 1
1 1.73219e+08 0
608 0 0
0 0 1
1 1.72956e+08 0
609 0 0
0 0 1
1 1.72694e+08 0
610 0 0
0 0 1
1 1.72433e+08 0
611 0 0
0 0 1
1 1.72172e+08 0
612 0 0
0 0 1
1 1.71913e+08 0
613 0 0
0 0 1
1 1.71654e+08 0
614 0 0
0 0 1
1 1.71396e+08 0
615 0 0
0 0 1
1 1.7114e+08 0
616 0 0
0 0 1
1 1.70884e+08 0
617 0 0
0 0 1
1 1.7063e+08 0
618 0 0
0 0 1
1 1.70377e+08 0
619 0 0
0 0 1
1 1.70126e+08 0
620 0 0
0 0 1
1 1.69876e+08 0
621 0 0
0 0 1
1 1.69627e+08 0
622 0 0
0 0 1
1 1.6938e+08 0
623 0 0
0 0 1
1 1.69135e+08 0
624 0 0
0 0 1
1 1.68892e+08 0
625 0 0
0 0 1
1 1.6865e+08 0
626 0 0
0 0 1
1 1.68409e+08 0
627 0 0
0 0 1
1 1.68171e+08 0
628 0 0
0 0 1
1 1.67934e+08 0
629 0 0
0 0 1
1 1.677e+08 0
630 0 0
0 0 1
1 1.67467e+08 0
631 0 0
0 0 1
1 1.67236e+08 0
632 0 0
0 0 1
1 1.67007e+08 0
633 0 0
0 0 1
1 1.6678e+08 0
634 0 0
0 0 1
1 1.66555e+08 0
635 0 0
0 0 1
1 1.66332e+08 0
636 0 0
0 0 1
1 1.66111e+08 0
637 0 0
0 0 1
1 1.65892e+08 0
638 0 0
0 0 1
1 1.65675e+08 0
639 0 0
0 0 1
1 1.6546e+08 0
640 0 0
0 0 1
1 1.65247e+08 0
641 0 0
0 0 1
1 1.65036e+08 0
642 0 0
0 0 1
1 1.64827e+08 0
643 0 0
0 0 1
1 1.64621e+08 0
644 0 0
0 0 1
1 1.64416e+08 0
645 0 0
0 0 1
1 1.64213e+08 0
646 0 0
0 0 1
1 1.64012e+08 0
647 0 0
0 0 1
1 1.63813e+08 0
648 0 0
0 0 1
1 1.63616e+08 0
649 0 0
0 0 1
1 1.6342e+08 0
650 0 0
0 0 1
1 1.63227e+08 0
651 0 0
0 0 1
1 1.63035e+08 0
652 0 0
0 0 1
1 1.62844e+08 0
653 0 0
0 0 1
1 1.62655e+08 0
654 0 0
0 0 1
1 1.62467e+08 0
655 0 0
0 0 1
1 1.6228e+08 0
656 0 0
0 0 1
1 1.62094e+08 0
657 0 0
0 0 1
1 1.61909e+08 0
658 0 0
0 0 1
1 1.61725e+08 0
659 0 0
0 0 1
1 1.61542e+08 0
660 0 0
0 0 1
1 1.61359e+08 0
661 0 0
0 0 1
1 1.61177e+08 0
662 0 0
0 0 1
1 1.60995e+08 0
663 0 0
0 0 1
1 1.60813e+08 0
664 0 0
0 0 1
1 1.60631e+08 0
665 0 0
0 0 1
1 1.60449e+08 0
666 0 0
0 0 1
1 1.60266e+08 0
667 0 0
0 0 1
1 1.60084e+08 0
668 0 0
0 0 1
1 1.59901e+08 0
669 0 0
0 0 1
1 1.59717e+08 0
670 0 0
0 0 1
1 1.59533e+08 0
671 0 0
0 0 1
1 1.59348e+08 0
672 0 0
0 0 1
1 1.59163e+08 0
673 0 0
0 0 1
1 1.58977e+08 0
674 0 0
0 0 1
1 1.5879e+08 0
675 0 0
0 0 1
1 1.58602e+08 0
676 0 0
0 0 1
1 1.58414e+08 0
677 0 0
0 0 1
1 1.58225e+08 0
678 0 0
0 0 1
1 1.58036e+08 0
679 0 0
0 0 1
1 1.57845e+08 0
680 0 0
0 0 1
1 1.57654e+08 0
681 0 0
0 0 1
1 1.57463e+08 0
682 0 0
0 0 1
1 1.57271e+08 0
683 0 0
0 0 1
1 1.57079e+08 0
684 0 0
0 0 1
1 1.56886e+08 0
685 0 0
0 0 1
1 1.56693e+08 0
686 0 0
0 0 1
1 1.565e+08 0
687 0 0
0 0 1
1 1.56307e+08 0
688 0 0
0 0 1
1 1.56114e+08 0
689 0 0
0 0 1
1 1.55921e+08 0
690 0 0
0 0 1
1 1.55728e+08 0
691 0 0
0 0 1
1 1.55535e+08 0
692 0 0
0 0 1
1 1.55343e+08 0
693 0 0
0 0 1
1 1.55151e+08 0
694 0 0
0 0 1
1 1.54959e+08 0
695 0 0
0 0 1
1 1.54768e+08 0
696 0 0
0 0 1
1 1.54577e+08 0
697 0 0
0 0 1
1 1.54387e+08 0
698 0 0
0 0 1
1 1.54197e+08 0
699 0 0
0 0 1
1 1.54008e+08 0
700 0 0
0 0 1
1 1.53819e+08 0
701 0 0
0 0 1
1 1.53631e+08 0
702 0 0
0 0 1
1 1.53443e+08 0
703 0 0
0 0 1
1 1.53256e+08 0
704 0 0
0 0 1
1 1.53069e+08 0
705 0 0
0 0 1
1 1.52883e+08 0
706 0 0
0 0 1
1 1.52698e+08 0
707 0 0
0 0 1
1 1.52513e+08 0
708 0 0
0 0 1
1 1.52328e+08 0
709 0 0
0 0 1
1 1.52144e+08 0
710 0 0
0 0 1
1 1.51961e+08 0
711 0 0
0 0 1
1 1.51777e+08 0
712 0 0
0 0 1
1 1.51594e+08 0
713 0 0
0 0 1
1 1.51412e+08 0
714 0 0
0 0 1
1 1.51229e+08 0
715 0 0
0 0 1
1 1.51047e+08 0
716 0 0
0 0 1
1 1.50865e+08 0
717 0 0
0 0 1
1 1.50684e+08 0
718 0 0
0 0 1
1 1.50502e+08 0
719 0 0
0 0 1
1 1.5032e+08 0
720 0 0
0 0 1
1 1.50138e+08 0
721 0 0
0 0 1
1 1.49956e+08 0
722 0 0
0 0 1
1 1.49774e+08 0
723 0 0
0 0 1
1 1.49591e+08 0
724 0 0
0 0 1
1 1.49408e+08 0
725 0 0
0 0 1
1 1.49225e+08 0
726 0 0
0 0 1
1 1.49041e+08 0
727 0 0
0 0 1
1 1.48856e+08 0
728 0 0
0 0 1
1 1.48672e+08 0
729 0 0
0 0 1
1 1.48486e+08 0
730 0 0
0 0 1
1 1.483e+08 0
731 0 0
0 0 1
1 1.48113e+08 0
732 0 0
0 0 1
1 1.47925e+08 0
733 0 0
0 0 1
1 1.47737e+08 0
734 0 0
0 0 1
1 1.47548e+08 0
735 0 0
0 0 1
1 1.47358e+08 0
736 0 0
0 0 1
1 1.47168e+08 0
737 0 0
0 0 1
1 1.46976e+08 0
738 0 0
0 0 1
1 1.46785e+08 0
739 0 0
0 0 1
1 1.46592e+08 0
740 0 0
0 0 1
1 1.46399e+08 0
741 0 0
0 0 1
1 1.46205e+08 0
742 0 0
0 0 1
1 1.46011e+08 0
743 0 0
0 0 1
1 1.45816e+08 0
744 0 0
0 0 1
1 1.45621e+08 0
745 0 0
0 0 1
1 1.45425e+08 0
746 0 0
0 0 1
1 1.45229e+08 0
747 0 0
0 0 1
1 1.45032e+08 0
748 0 0
0 0 1
1 1.44835e+08 0
749 0 0
0 0 1
1 1.44638e+08 0
750 0 0
0 0 1
1 1.44441e+08 0
751 0 0
0 0 1
1 1.44244e+08 0
752 0 0
0 0 1
1 1.44047e+08 0
753 0 0
0 0 1
1 1.43849e+08 0
754 0 0
0 0 1
1 1.43652e+08 0
755 0 0
0 0 1
1 1.43455e+08 0
756 0 0
0 0 1
1 1.43258e+08 0
757 0 0
0 0 1
1 1.43062e+08 0
758 0 0
0 0 1
1 1.42865e+08 0
759 0 0
0 0 1
1 1.42669e+08 0
760 0 0
0 0 1
1 1.42473e+08 0
761 0 0
0 0 1
1 1.42277e+08 0
762 0 0
0 0 1
1 1.42081e+08 0
763 0 0
0 0 1
1 1.41886e+08 0
764 0 0
0 0 1
1 1.41691e+08 0
765 0 0
0 0 1
1 1.41496e+08 0
766 0 0
0 0 1
1 1.41301e+08 0
767 0 0
0 0 1
1 1.41106e+08 0
768 0 0
0 0 1
1 1.40911e+08 0
769 0 0
0 0 1
1 1.40717e+08 0
770 0 0
0 0 1
1 1.40522e+08 0
771 0 0
0 0 1
1 1.40327e+08 0
772 0 0
0 0 1
1 1.40131e+08 0
773 0 0
0 0 1
1 1.39936e+08 0
774 0 0
0 0 1
1 1.3974e+08 0
775 0 0
0 0 1
1 1.39544e+08 0
776 0 0
0 0 1
1 1.39347e+08 0
777 0 0
0 0 1
1 1.39149e+08 0
778 0 0
0 0 1
1 1.38951e+08 0
779 0 0
0 0 1
1 1.38752e+08 0
780 0 0
0 0 1
1 1.38553e+08 0
781 0 0
0 0 1
1 1.38353e+08 0
782 0 0
0 0 1
1 1.38151e+08 0
783 0 0
0 0 1
1 1.37949e+08 0
784 0 0
0 0 1
1 1.37746e+08 0
785 0 0
0 0 1
1 1.37542e+08 0
786 0 0
0 0 1
1 1.37337e+08 0
787 0 0
0 0 1
1 1.37131e+08 0
788 0 0
0 0 1
1 1.36924e+08 0
789 0 0
0 0 1
1 1.36715e+08 0
790 0 0
0 0 1
1 1.36506e+08 0
791 0 0
0 0 1
1 1.36295e+08 0
792 0 0
0 0 1
1 1.36084e+08 0
793 0 0
0 0 1
1 1.35871e+08 0
794 0 0
0 0 1
1 1.35658e+08 0
795 0 0
0 0 1
1 1.35443e+08 0
796 0 0
0 0 1
1 1.35228e+08 0
797 0 0
0 0 1
1 1.35012e+08 0
798 0 0
0 0 1
1 1.34796e+08 0
799 0 0
0 0 1
1 1.34578e+08 0
800 0 0
0 0 1
1 1.34361e+08 0
801 0 0
0 0 1
1 1.34143e+08 0
802 0 0
0 0 1
1 1.33925e+08 0
803 0 0
0 0 1
1 1.33707e+08 0
804 0 0
0 0 1
1 1.33489e+08 0
805 0 0
0 0 1
1 1.33271e+08 0
806 0 0
0 0 1
1 1.33053e+08 0
807 0 0
0 0 1
1 1.32836e+08 0
808 0 0
0 0 1
1 1.3262e+08 0
809 0 0
0 0 1
1 1.32404e+08 0
810 0 0
0 0 1
1 1.32189e+08 0
811 0 0
0 0 1
1 1.31975e+08 0
812 0 0
0 0 1
1 1.31762e+08 0
813 0 0
0 0 1
1 1.3155e+08 0
814 0 0
0 0 1
1 1.31339e+08 0
815 0 0
0 0 1
1 1.31129e+08 0
816 0 0
0 0 1
1 1.30921e+08 0
817 0 0
0 0 1
1 1.30713e+08 0
818 0 0
0 0 1
1 1.30506e+08 0
819 0 0
0 0 1
1 1.303e+08 0
820 0 0
0 0 1
1 1.30095e+08 0
821 0 0
0 0 1
1 1.29891e+08 0
822 0 0
0 0 1
1 1.29688e+08 0
823 0 0
0 0 1
1 1.29485e+08 0
824 0 0
0 0 1
1 1.29283e+08 0
825 0 0
0 0 1
1 1.29081e+08 0
826 0 0
0 0 1
1 1.2888e+08 0
827 0 0
0 0 1
1 1.28679e+08 0
828 0 0
0 0 1
1 1.28477e+08 0
829 0 0
0 0 1
1 1.28276e+08 0
830 0 0
0 0 1
1 1.28074e+08 0
831 0 0
0 0 1
1 1.27872e+08 0
832 0 0
0 0 1
1 1.2767e+08 0
833 0 0
0 0 1
1 1.27468e+08 0
834 0 0
0 0 1
1 1.27265e+08 0
835 0 0
0 0 1
1 1.27061e+08 0
836 0 0
0 0 1
1 1.26857e+08 0
837 0 0
0 0 1
1 1.26653e+08 0
838 0 0
0 0 1
1 1.26448e+08 0
839 0 0
0 0 1
1 1.26242e+08 0
840 0 0
0 0 1
1 1.26036e+08 0
841 0 0
0 0 1
1 1.2583e+08 0
842 0 0
0 0 1
1 1.25624e+08 0
843 0 0
0 0 1
1 1.25417e+08 0
844 0 0
0 0 1
1 1.2521e+08 0
845 0 0
0 0 1
1 1.25002e+08 0
846 0 0
0 0 1
1 1.24795e+08 0
847 0 0
0 0 1
1 1.24588e+08 0
848 0 0
0 0 1
1 1.24381e+08 0
849 0 0
0 0 1
1 1.24175e+08 0
850 0 0
0 0 1
1 1.23969e+08 0
851 0 0
0 0 1
1 1.23763e+08 0
852 0 0
0 0 1
1 1.23557e+08 0
853 0 0
0 0 1
1 1.23353e+08 0
854 0 0
0 0 1
1 1.23149e+08 0
855 0 0
0 0 1
1 1.22945e+08 0
856 0 0
0 0 1
1 1.22743e+08 0
857 0 0
0 0 1
1 1.22541e+08 0
858 0 0
0 0 1
1 1.2234e+08 0
859 0 0
0 0 1
1 1.22139e+08 0
860 0 0
0 0 1
1 1.2194e+08 0
861 0 0
0 0 1
1 1.21741e+08 0
862 0 0
0 0 1
1 1.21544e+08 0
863 0 0
0 0 1
1 1.21347e+08 0
864 0 0
0 0 1
1 1.2115e+08 0
865 0 0
0 0 1
1 1.20955e+08 0
866 0 0
0 0 1
1 1.2076e+08 0
867 0 0
0 0 1
1 1.20566e+08 0
868 0 0
0 0 1
1 1.20373e+08 0
869 0 0
0 0 1
1 1.2018e+08 0
870 0 0
0 0 1
1 1.19988e+08 0
871 0 0
0 0 1
1 1.19796e+08 0
872 0 0
0 0 1
1 1.19605e+08 0
873 0 0
0 0 1
1 1.19415e+08 0
874 0 0
0 0 1
1 1.19225e+08 0
875 0 0
0 0 1
1 1.19036e+08 0
876 0 0
0 0 1
1 1.18847e+08 0
877 0 0
0 0 1
1 1.18659e+08 0
878 0 0
0 0 1
1 1.18471e+08 0
879 0 0
0 0 1
1 1.18284e+08 0
880 0 0
0 0 1
1 1.18098e+08 0
881 0 0
0 0 1
1 1.17913e+08 0
882 0 0
0 0 1
1 1.17728e+08 0
883 0 0
0 0 1
1 1.17545e+08 0
884 0 0
0 0 1
1 1.17362e+08 0
885 0 0
0 0 1
1 1.17181e+08 0
886 0 0
0 0 1
1 1.17e+08 0
887 0 0
0 0 1
1 1.16821e+08 0
888 0 0
0 0 1
1 1.16643e+08 0
889 0 0
0 0 1
1 1.16467e+08 0
890 0 0
0 0 1
1 1.16292e+08 0
891 0 0
0 0 1
1 1.16118e+08 0
892 0 0
0 0 1
1 1.15945e+08 0
893 0 0
0 0 1
1 1.15774e+08 0
894 0 0
0 0 1
1 1.15604e+08 0
895 0 0
0 0 1
1 1.15435e+08 0
896 0 0
0 0 1
1 1.15268e+08 0
897 0 0
0 0 1
1 1.15101e+08 0
898 0 0
0 0 1
1 1.14936e+08 0
899 0 0
0 0 1
1 1.14771e+08 0
900 0 0
0 0 1
1 1.14608e+08 0
901 0 0
0 0 1
1 1.14445e+08 0
902 0 0
0 0 1
1 1.14283e+08 0
903 0 0
0 0 1
1 1.14122e+08 0
904 0 0
0 0 1
1 1.13961e+08 0
905 0 0
0 0 1
1 1.138e+08 0
906 0 0
0 0 1
1 1.1364e+08 0
907 0 0
0 0 1
1 1.1348e+08 0
908 0 0
0 0 1
1 1.13321e+08 0
909 0 0
0 0 1
1 1.13161e+08 0
910 0 0
0 0 1
1 1.13002e+08 0
911 0 0
0 0 1
1 1.12842e+08 0
912 0 0
0 0 1
1 1.12683e+08 0
913 0 0
0 0 1
1 1.12524e+08 0
914 0 0
0 0 1
1 1.12365e+08 0
915 0 0
0 0 1
1 1.12205e+08 0
916 0 0
0 0 1
1 1.12046e+08 0
917 0 0
0 0 1
1 1.11887e+08 0
918 0 0
0 0 1
1 1.11729e+08 0
919 0 0
0 0 1
1 1.1157e+08 0
920 0 0
0 0 1
1 1.11412e+08 0
921 0 0
0 0 1
1 1.11254e+08 0
922 0 0
0 0 1
1 1.11096e+08 0
923 0 0
0 0 1
1 1.10939e+08 0
924 0 0
0 0 1
1 1.10782e+08 0
925 0 0
0 0 1
1 1.10627e+08 0
926 0 0
0 0 1
1 1.10472e+08 0
927 0 0
0 0 1
1 1.10317e+08 0
928 0 0
0 0 1
1 1.10164e+08 0
929 0 0
0 0 1
1 1.10012e+08 0
930 0 0
0 0 1
1 1.09861e+08 0
931 0 0
0 0 1
1 1.0971e+08 0
932 0 0
0 0 1
1 1.09562e+08 0
933 0 0
0 0 1
1 1.09414e+08 0
934 0 0
0 0 1
1 1.09267e+08 0
935 0 0
0 0 1
1 1.09122e+08 0
936 0 0
0 0 1
1 1.08978e+08 0
937 0 0
0 0 1
1 1.08835e+08 0
938 0 0
0 0 1
1 1.08693e+08 0
939 0 0
0 0 1
1 1.08552e+08 0
940 0 0
0 0 1
1 1.08413e+08 0
941 0 0
0 0 1
1 1.08274e+08 0
942 0 0
0 0 1
1 1.08136e+08 0
943 0 0
0 0 1
1 1.07999e+08 0
944 0 0
0 0 1
1 1.07862e+08 0
945 0 0
0 0 1
1 1.07726e+08 0
946 0 0
0 0 1
1 1.0759e+08 0
947 0 0
0 0 1
1 1.07454e+08 0
948 0 0
0 0 1
1 1.07318e+08 0
949 0 0
0 0 1
1 1.07183e+08 0
950 0 0
0 0 1
1 1.07047e+08 0
951 0 0
0 0 1
1 1.06911e+08 0
952 0 0
0 0 1
1 1.06774e+08 0
953 0 0
0 0 1
1 1.06637e+08 0
954 0 0
0 0 1
1 1.06499e+08 0
955 0 0
0 0 1
1 1.06361e+08 0
956 0 0
0 0 1
1 1.06222e+08 0
957 0 0
0 0 1
1 1.06082e+08 0
958 0 0
0 0 1
1 1.05941e+08 0
959 0 0
0 0 1
1 1.05799e+08 0
960 0 0
0 0 1
1 1.05657e+08 0
961 0 0
0 0 1
1 1.05513e+08 0
962 0 0
0 0 1
1 1.05369e+08 0
963 0 0
0 0 1
1 1.05223e+08 0
964 0 0
0 0 1
1 1.05077e+08 0
965 0 0
0 0 1
1 1.0493e+08 0
966 0 0
0 0 1
1 1.04782e+08 0
967 0 0
0 0 1
1 1.04634e+08 0
968 0 0
0 0 1
1 1.04485e+08 0
969 0 0
0 0 1
1 1.04336e+08 0
970 0 0
0 0 1
1 1.04186e+08 0
971 0 0
0 0 1
1 1.04036e+08 0
972 0 0
0 0 1
1 1.03886e+08 0
973 0 0
0 0 1
1 1.03736e+08 0
974 0 0
0 0 1
1 1.03585e+08 0
975 0 0
0 0 1
1 1.03435e+08 0
976 0 0
0 0 1
1 1.03284e+08 0
977 0 0
0 0 1
1 1.03134e+08 0
978 0 0
0 0 1
1 1.02984e+08 0
979 0 0
0 0 1
1 1.02835e+08 0
980 0 0
0 0 1
1 1.02685e+08 0
981 0 0
0 0 1
1 1.02536e+08 0
982 0 0
0 0 1
1 1.02388e+08 0
983 0 0
0 0 1
1 1.0224e+08 0
984 0 0
0 0 1
1 1.02092e+08 0
985 0 0
0 0 1
1 1.01945e+08 0
986 0 0
0 0 1
1 1.01799e+08 0
987 0 0
0 0 1
1 1.01653e+08 0
988 0 0
0 0 1
1 1.01508e+08 0
989 0 0
0 0 1
1 1.01364e+08 0
990 0 0
0 0 1
1 1.0122e+08 0
991 0 0
0 0 1
1 1.01077e+08 0
992 0 0
0 0 1
1 1.00935e+08 0
993 0 0
0 0 1
1 1.00793e+08 0
994 0 0
0 0 1
1 1.00652e+08 0
995 0 0
0 0 1
1 1.00512e+08 0
996 0 0
0 0 1
1 1.00373e+08 0
997 0 0
0 0 1
1 1.00234e+08 0
998 0 0
0 0 1
1 1.00097e+08 0
999 0 0
0 0 1
1 9.99598e+07 0
1000 0 0
0 0 1
1 9.98239e+07 0
1001 0 0
0 0 1
1 9.96888e+07 0
1002 0 0
0 0 1
1 9.95546e+07 0
1003 0 0
0 0 1
1 9.94212e+07 0
1004 0 0
0 0 1
1 9.92887e+07 0
1005 0 0
0 0 1
1 9.91571e+07 0
1006 0 0
0 0 1
1 9.90263e+07 0
1007 0 0
0 0 1
1 9.88963e+07 0
1008 0 0
0 0 1
1 9.87672e+07 0
1009 0 0
0 0 1
1 9.86388e+07 0
1010 0 0
0 0 1
1 9.85112e+07 0
1011 0 0
0 0 1
1 9.83843e+07 0
1012 0 0
0 0 1
1 9.8258e+07 0
1013 0 0
0 0 1
1 9.81324e+07 0
1014 0 0
0 0 1
1 9.80074e+07 0
1015 0 0
0 0 1
1 9.78829e+07 0
1016 0 0
0 0 1
1 9.77588e+07 0
1017 0 0
0 0 1
1 9.76351e+07 0
1018 0 0
0 0 1
1 9.75118e+07 0
1019 0 0
0 0 1
1 9.73888e+07 0
1020 0 0
0 0 1
1 9.72659e+07 0
1021 0 0
0 0 1
1 9.71433e+07 0
1022 0 0
0 0 1
1 9.70207e+07 0
1023 0 0
0 0 1
1 9.68981e+07 0
1024 0 0
0 0 1
1 9.67754e+07 0
1025 0 0
0 0 1
1 9.66527e+07 0
1026 0 0
0 0 1
1 9.65298e+07 0
1027 0 0
0 0 1
1 9.64067e+07 0
1028 0 0
0 0 1
1 9.62833e+07 0
1029 0 0
0 0 1
1 9.61595e+07 0
1030 0 0
0 0 1
1 9.60354e+07 0
1031 0 0
0 0 1
1 9.59108e+07 0
1032 0 0
0 0 1
1 9.57857e+07 0
1033 0 0
0 0 1
1 9.56601e+07 0
1034 0 0
0 0 1
1 9.5534e+07 0
1035 0 0
0 0 1
1 9.54072e+07 0
1036 0 0
0 0 1
1 9.52798e+07 0
1037 0 0
0 0 1
1 9.51518e+07 0
1038 0 0
0 0 1
1 9.50231e+07 0
1039 0 0
0 0 1
1 9.48937e+07 0
1040 0 0
0 0 1
1 9.47636e+07 0
1041 0 0
0 0 1
1 9.46328e+07 0
1042 0 0
0 0 1
1 9.45013e+07 0
1043 0 0
0 0 1
1 9.4369e+07 0
1044 0 0
0 0 1
1 9.42361e+07 0
1045 0 0
0 0 1
1 9.41024e+07 0
1046 0 0
0 0 1
1 9.3968e+07 0
1047 0 0
0 0 1
1 9.3833e+07 0
1048 0 0
0 0 1
1 9.36973e+07 0
1049 0 0
0 0 1
1 9.35609e+07 0
1050 0 0
0 0 1
1 9.3424e+07 0
1051 0 0
0 0 1
1 9.32864e+07 0
1052 0 0
0 0 1
1 9.31483e+07 0
1053 0 0
0 0 1
1 9.30098e+07 0
1054 0 0
0 0 1
1 9.28707e+07 0
1055 0 0
0 0 1
1 9.27312e+07 0
1056 0 0
0 0 1
1 9.25913e+07 0
1057 0 0
0 0 1
1 9.2451e+07 0
1058 0 0
0 0 1
1 9.23105e+07 0
1059 0 0
0 0 1
1 9.21696e+07 0
1060 0 0
0 0 1
1 9.20285e+07 0
1061 0 0
0 0 1
1 9.18871e+07 0
1062 0 0
0 0 1
1 9.17455e+07 0
1063 0 0
0 0 1
1 9.16037e+07 0
1064 0 0
0 0 1
1 9.14618e+07 0
1065 0 0
0 0 1
1 9.13196e+07 0
1066 0 0
0 0 1
1 9.11772e+07 0
1067 0 0
0 0 1
1 9.10347e+07 0
1068 0 0
0 0 1
1 9.08919e+07 0
1069 0 0
0 0 1
1 9.07488e+07 0
1070 0 0
0 0 1
1 9.06055e+07 0
1071 0 0
0 0 1
1 9.04619e+07 0
1072 0 0
0 0 1
1 9.0318e+07 0
1073 0 0
0 0 1
1 9.01738e+07 0
1074 0 0
0 0 1
1 9.00291e+07 0
1075 0 0
0 0 1
1 8.98841e+07 0
1076 0 0
0 0 1
1 8.97387e+07 0
1077 0 0
0 0 1
1 8.95928e+07 0
1078 0 0
0 0 1
1 8.94465e+07 0
1079 0 0
0 0 1
1 8.92997e+07 0
1080 0 0
0 0 1
1 8.91524e+07 0
1081 0 0
0 0 1
1 8.90047e+07 0
1082 0 0
0 0 1
1 8.88565e+07 0
1083 0 0
0 0 1
1 8.87078e+07 0
1084 0 0
0 0 1
1 8.85587e+07 0
1085 0 0
0 0 1
1 8.84092e+07 0
1086 0 0
0 0 1
1 8.82592e+07 0
1087 0 0
0 0 1
1 8.81089e+07 0
1088 0 0
0 0 1
1 8.79582e+07 0
1089 0 0
0 0 1
1 8.78073e+07 0
1090 0 0
0 0 1
1 8.76561e+07 0
1091 0 0
0 0 1
1 8.75046e+07 0
1092 0 0
0 0 1
1 8.73531e+07 0
1093 0 0
0 0 1
1 8.72014e+07 0
1094 0 0
0 0 1
1 8.70497e+07 0
1095 0 0
0 0 1
1 8.6898e+07 0
1096 0 0
0 0 1
1 8.67464e+07 0
1097 0 0
0 0 1
1 8.6595e+07 0
1098 0 0
0 0 1
1 8.64438e+07 0
1099 0 0
0 0 1
1 8.62928e+07 0
1100 0 0
0 0 1
1 8.61423e+07 0
1101 0 0
0 0 1
1 8.59922e+07 0
1102 0 0
0 0 1
1 8.58427e+07 0
1103 0 0
0 0 1
1 8.56938e+07 0
1104 0 0
0 0 1
1 8.55456e+07 0
1105 0 0
0 0 1
1 8.53982e+07 0
1106 0 0
0 0 1
1 8.52516e+07 0
1107 0 0
0 0 1
1 8.5106e+07 0
1108 0 0
0 0 1
1 8.49615e+07 0
1109 0 0
0 0 1
1 8.4818e+07 0
1110 0 0
0 0 1
1 8.46758e+07 0
1111 0 0
0 0 1
1 8.45348e+07 0
1112 0 0
0 0 1
1 8.43952e+07 0
1113 0 0
0 0 1
1 8.4257e+07 0
1114 0 0
0 0 1
1 8.41202e+07 0
1115 0 0
0 0 1
1 8.39851e+07 0
1116 0 0
0 0 1
1 8.38515e+07 0
1117 0 0
0 0 1
1 8.37197e+07 0
1118 0 0
0 0 1
1 8.35895e+07 0
1119 0 0
0 0 1
1 8.34612e+07 0
1120 0 0
0 0 1
1 8.33346e+07 0
1121 0 0
0 0 1
1 8.32099e+07 0
1122 0 0
0 0 1
1 8.30871e+07 0
1123 0 0
0 0 1
1 8.29661e+07 0
1124 0 0
0 0 1
1 8.28469e+07 0
1125 0 0
0 0 1
1 8.27296e+07 0
1126 0 0
0 0 1
1 8.26141e+07 0
1127 0 0
0 0 1
1 8.25003e+07 0
1128 0 0
0 0 1
1 8.23882e+07 0
1129 0 0
0 0 1
1 8.22777e+07 0
1130 0 0
0 0 1
1 8.21686e+07 0
1131 0 0
0 0 1
1 8.2061e+07 0
1132 0 0
0 0 1
1 8.19546e+07 0
1133 0 0
0 0 1
1 8.18493e+07 0
1134 0 0
0 0 1
1 8.1745e+07 0
1135 0 0
0 0 1
1 8.16415e+07 0
1136 0 0
0 0 1
1 8.15387e+07 0
1137 0 0
0 0 1
1 8.14364e+07 0
1138 0 0
0 0 1
1 8.13344e+07 0
1139 0 0
0 0 1
1 8.12327e+07 0
1140 0 0
0 0 1
1 8.1131e+07 0
1141 0 0
0 0 1
1 8.10292e+07 0
1142 0 0
0 0 1
1 8.09271e+07 0
1143 0 0
0 0 1
1 8.08247e+07 0
1144 0 0
0 0 1
1 8.07218e+07 0
1145 0 0
0 0 1
1 8.06184e+07 0
1146 0 0
0 0 1
1 8.05143e+07 0
1147 0 0
0 0 1
1 8.04095e+07 0
1148 0 0
0 0 1
1 8.0304e+07 0
1149 0 0
0 0 1
1 8.01976e+07 0
1150 0 0
0 0 1
1 8.00905e+07 0
1151 0 0
0 0 1
1 7.99825e+07 0
1152 0 0
0 0 1
1 7.98737e+07 0
1153 0 0
0 0 1
1 7.97641e+07 0
1154 0 0
0 0 1
1 7.96537e+07 0
1155 0 0
0 0 1
1 7.95426e+07 0
1156 0 0
0 0 1
1 7.94307e+07 0
1157 0 0
0 0 1
1 7.93182e+07 0
1158 0 0
0 0 1
1 7.9205e+07 0
1159 0 0
0 0 1
1 7.90912e+07 0
1160 0 0
0 0 1
1 7.89769e+07 0
1161 0 0
0 0 1
1 7.8862e+07 0
1162 0 0
0 0 1
1 7.87466e+07 0
1163 0 0
0 0 1
1 7.86309e+07 0
1164 0 0
0 0 1
1 7.85147e+07 0
1165 0 0
0 0 1
1 7.83981e+07 0
1166 0 0
0 0 1
1 7.82812e+07 0
1167 0 0
0 0 1
1 7.81639e+07 0
1168 0 0
0 0 1
1 7.80464e+07 0
1169 0 0
0 0 1
1 7.79286e+07 0
1170 0 0
0 0 1
1 7.78107e+07 0
1171 0 0
0 0 1
1 7.76925e+07 0
1172 0 0
0 0 1
1 7.75743e+07 0
1173 0 0
0 0 1
1 7.74559e+07 0
1174 0 0
0 0 1
1 7.73375e+07 0
1175 0 0
0 0 1
1 7.72191e+07 0
1176 0 0
0 0 1
1 7.71008e+07 0
1177 0 0
0 0 1
1 7.69825e+07 0
1178 0 0
0 0 1
1 7.68645e+07 0
1179 0 0
0 0 1
1 7.67467e+07 0
1180 0 0
0 0 1
1 7.66292e+07 0
1181 0 0
0 0 1
1 7.65121e+07 0
1182 0 0
0 0 1
1 7.63954e+07 0
1183 0 0
0 0 1
1 7.62792e+07 0
1184 0 0
0 0 1
1 7.61636e+07 0
1185 0 0
0 0 1
1 7.60487e+07 0
1186 0 0
0 0 1
1 7.59344e+07 0
1187 0 0
0 0 1
1 7.5821e+07 0
1188 0 0
0 0 1
1 7.57084e+07 0
1189 0 0
0 0 1
1 7.55968e+07 0
1190 0 0
0 0 1
1 7.5486e+07 0
1191 0 0
0 0 1
1 7.53763e+07 0
1192 0 0
0 0 1
1 7.52676e+07 0
1193 0 0
0 0 1
1 7.51599e+07 0
1194 0 0
0 0 1
1 7.50533e+07 0
1195 0 0
0 0 1
1 7.49478e+07 0
1196 0 0
0 0 1
1 7.48432e+07 0
1197 0 0
0 0 1
1 7.47397e+07 0
1198 0 0
0 0 1
1 7.46372e+07 0
1199 0 0
0 0 1
1 7.45356e+07 0
1200 0 0
0 0 1
1 7.4435e+07 0
1201 0 0
0 0 1
1 7.43351e+07 0
1202 0 0
0 0 1
1 7.4236e+07 0
1203 0 0
0 0 1
1 7.41375e+07 0
1204 0 0
0 0 1
1 7.40397e+07 0
1205 0 0
0 0 1
1 7.39424e+07 0
1206 0 0
0 0 1
1 7.38456e+07 0
1207 0 0
0 0 1
1 7.37491e+07 0
1208 0 0
0 0 1
1 7.36528e+07 0
1209 0 0
0 0 1
1 7.35568e+07 0
1210 0 0
0 0 1
1 7.3461e+07 0
1211 0 0
0 0 1
1 7.33652e+07 0
1212 0 0
0 0 1
1 7.32694e+07 0
1213 0 0
0 0 1
1 7.31736e+07 0
1214 0 0
0 0 1
1 7.30778e+07 0
1215 0 0
0 0 1
1 7.29818e+07 0
1216 0 0
0 0 1
1 7.28856e+07 0
1217 0 0
0 0 1
1 7.27893e+07 0
1218 0 0
0 0 1
1 7.26927e+07 0
1219 0 0
0 0 1
1 7.2596e+07 0
1220 0 0
0 0 1
1 7.2499e+07 0
1221 0 0
0 0 1
1 7.24018e+07 0
1222 0 0
0 0 1
1 7.23044e+07 0
1223 0 0
0 0 1
1 7.22068e+07 0
1224 0 0
0 0 1
1 7.21089e+07 0
1225 0 0
0 0 1
1 7.20109e+07 0
1226 0 0
0 0 1
1 7.19128e+07 0
1227 0 0
0 0 1
1 7.18145e+07 0
1228 0 0
0 0 1
1 7.17161e+07 0
1229 0 0
0 0 1
1 7.16177e+07 0
1230 0 0
0 0 1
1 7.15192e+07 0
1231 0 0
0 0 1
1 7.14208e+07 0
1232 0 0
0 0 1
1 7.13224e+07 0
1233 0 0
0 0 1
1 7.12241e+07 0
1234 0 0
0 0 1
1 7.11258e+07 0
1235 0 0
0 0 1
1 7.10278e+07 0
1236 0 0
0 0 1
1 7.093e+07 0
1237 0 0
0 0 1
1 7.08323e+07 0
1238 0 0
0 0 1
1 7.0735e+07 0
1239 0 0
0 0 1
1 7.0638e+07 0
1240 0 0
0 0 1
1 7.05413e+07 0
1241 0 0
0 0 1
1 7.0445e+07 0
1242 0 0
0 0 1
1 7.0349e+07 0
1243 0 0
0 0 1
1 7.02535e+07 0
1244 0 0
0 0 1
1 7.01584e+07 0
1245 0 0
0 0 1
1 7.00638e+07 0
1246 0 0
0 0 1
1 6.99696e+07 0
1247 0 0
0 0 1
1 6.98759e+07 0
1248 0 0
0 0 1
1 6.97826e+07 0
1249 0 0
0 0 1
1 6.96898e+07 0
1250 0 0
0 0 1
1 6.95975e+07 0
1251 0 0
0 0 1
1 6.95055e+07 0
1252 0 0
0 0 1
1 6.94139e+07 0
1253 0 0
0 0 1
1 6.93227e+07 0
1254 0 0
0 0 1
1 6.92317e+07 0
1255 0 0
0 0 1
1 6.9141e+07 0
1256 0 0
0 0 1
1 6.90504e+07 0
1257 0 0
0 0 1
1 6.896e+07 0
1258 0 0
0 0 1
1 6.88696e+07 0
1259 0 0
0 0 1
1 6.87791e+07 0
1260 0 0
0 0 1
1 6.86886e+07 0
1261 0 0
0 0 1
1 6.85979e+07 0
1262 0 0
0 0 1
1 6.85069e+07 0
1263 0 0
0 0 1
1 6.84156e+07 0
1264 0 0
0 0 1
1 6.83239e+07 0
1265 0 0
0 0 1
1 6.82318e+07 0
1266 0 0
0 0 1
1 6.81391e+07 0
1267 0 0
0 0 1
1 6.80459e+07 0
1268 0 0
0 0 1
1 6.79521e+07 0
1269 0 0
0 0 1
1 6.78576e+07 0
1270 0 0
0 0 1
1 6.77624e+07 0
1271 0 0
0 0 1
1 6.76665e+07 0
1272 0 0
0 0 1
1 6.75699e+07 0
1273 0 0
0 0 1
1 6.74725e+07 0
1274 0 0
0 0 1
1 6.73744e+07 0
1275 0 0
0 0 1
1 6.72755e+07 0
1276 0 0
0 0 1
1 6.71758e+07 0
1277 0 0
0 0 1
1 6.70754e+07 0
1278 0 0
0 0 1
1 6.69742e+07 0
1279 0 0
0 0 1
1 6.68722e+07 0
1280 0 0
0 0 1
1 6.67695e+07 0
1281 0 0
0 0 1
1 6.6666e+07 0
1282 0 0
0 0 1
1 6.65618e+07 0
1283 0 0
0 0 1
1 6.64568e+07 0
1284 0 0
0 0 1
1 6.63511e+07 0
1285 0 0
0 0 1
1 6.62446e+07 0
1286 0 0
0 0 1
1 6.61374e+07 0
1287 0 0
0 0 1
1 6.60295e+07 0
1288 0 0
0 0 1
1 6.59209e+07 0
1289 0 0
0 0 1
1 6.58116e+07 0
1290 0 0
0 0 1
1 6.57016e+07 0
1291 0 0
0 0 1
1 6.5591e+07 0
1292 0 0
0 0 1
1 6.54797e+07 0
1293 0 0
0 0 1
1 6.53677e+07 0
1294 0 0
0 0 1
1 6.52552e+07 0
1295 0 0
0 0 1
1 6.51421e+07 0
1296 0 0
0 0 1
1 6.50284e+07 0
1297 0 0
0 0 1
1 6.49142e+07 0
1298 0 0
0 0 1
1 6.47996e+07 0
1299 0 0
0 0 1
1 6.46845e+07 0
1300 0 0
0 0 1
1 6.45689e+07 0
1301 0 0
0 0 1
1 6.4453e+07 0
1302 0 0
0 0 1
1 6.43368e+07 0
1303 0 0
0 0 1
1 6.42204e+07 0
1304 0 0
0 0 1
1 6.41036e+07 0
1305 0 0
0 0 1
1 6.39868e+07 0
1306 0 0
0 0 1
1 6.38698e+07 0
1307 0 0
0 0 1
1 6.37527e+07 0
1308 0 0
0 0 1
1 6.36356e+07 0
1309 0 0
0 0 1
1 6.35185e+07 0
1310 0 0
0 0 1
1 6.34016e+07 0
1311 0 0
0 0 1
1 6.32848e+07 0
1312 0 0
0 0 1
1 6.31682e+07 0
1313 0 0
0 0 1
1 6.30519e+07 0
1314 0 0
0 0 1
1 6.29358e+07 0
1315 0 0
0 0 1
1 6.28202e+07 0
1316 0 0
0 0 1
1 6.2705e+07 0
1317 0 0
0 0 1
1 6.25902e+07 0
1318 0 0
0 0 1
1 6.2476e+07 0
1319 0 0
0 0 1
1 6.23624e+07 0
1320 0 0
0 0 1
1 6.22494e+07 0
1321 0 0
0 0 1
1 6.21371e+07 0
1322 0 0
0 0 1
1 6.20255e+07 0
1323 0 0
0 0 1
1 6.19146e+07 0
1324 0 0
0 0 1
1 6.18046e+07 0
1325 0 0
0 0 1
1 6.16953e+07 0
1326 0 0
0 0 1
1 6.15869e+07 0
1327 0 0
0 0 1
1 6.14794e+07 0
1328 0 0
0 0 1
1 6.13728e+07 0
1329 0 0
0 0 1
1 6.12671e+07 0
1330 0 0
0 0 1
1 6.11622e+07 0
1331 0 0
0 0 1
1 6.10583e+07 0
1332 0 0
0 0 1
1 6.09554e+07 0
1333 0 0
0 0 1
1 6.08533e+07 0
1334 0 0
0 0 1
1 6.07521e+07 0
1335 0 0
0 0 1
1 6.06518e+07 0
1336 0 0
0 0 1
1 6.05524e+07 0
1337 0 0
0 0 1
1 6.04539e+07 0
1338 0 0
0 0 1
1 6.03562e+07 0
1339 0 0
0 0 1
1 6.02593e+07 0
1340 0 0
0 0 1
1 6.01632e+07 0
1341 0 0
0 0 1
1 6.00679e+07 0
1342 0 0
0 0 1
1 5.99733e+07 0
1343 0 0
0 0 1
1 5.98795e+07 0
1344 0 0
0 0 1
1 5.97863e+07 0
1345 0 0
0 0 1
1 5.96939e+07 0
1346 0 0
0 0 1
1 5.9602e+07 0
1347 0 0
0 0 1
1 5.95108e+07 0
1348 0 0
0 0 1
1 5.94201e+07 0
1349 0 0
0 0 1
1 5.93299e+07 0
1350 0 0
0 0 1
1 5.92403e+07 0
1351 0 0
0 0 1
1 5.9151e+07 0
1352 0 0
0 0 1
1 5.90622e+07 0
1353 0 0
0 0 1
1 5.89737e+07 0
1354 0 0
0 0 1
1 5.88856e+07 0
1355 0 0
0 0 1
1 5.87977e+07 0
1356 0 0
0 0 1
1 5.871e+07 0
1357 0 0
0 0 1
1 5.86226e+07 0
1358 0 0
0 0 1
1 5.85353e+07 0
1359 0 0
0 0 1
1 5.84482e+07 0
1360 0 0
0 0 1
1 5.83611e+07 0
1361 0 0
0 0 1
1 5.82742e+07 0
1362 0 0
0 0 1
1 5.81873e+07 0
-1 0 0
