SIMFIT 1
1   381193353
2   380288254
3   379424495
4   378620542
5   377883138
6   377210269
7   376595878
8   376033368
9   375516838
10   375041057
11   374601703
12   374196351
13   373825429
14   373491934
15   373199365
16   372948498
17   372734268
18   372543790
19   372355839
20   372141942
21   371869654
22   371508360
23   371036418
24   370446791
25   369748351
26   368962322
27   368115875
28   367236029
29   366346291
30   365466731
31   364616142
32   363813514
33   363076303
34   362415580
35   361831099
36   361309876
37   360829295
38   360362457
39   359882630
40   359365490
41   358790146
42   358140668
43   357408902
44   356598046
45   355725418
46   354822374
47   353929814
48   353089510
49   352334006
50   351679486
51   351125026
52   350658199
53   350263198
54   349926486
55   349637449
56   349385709
57   349158963
58   348943990
59   348730126
60   348512281
61   348290822
62   348067753
63   347840884
64   347599024
65   347320981
66   346979408
67   346548060
68   346009420
69   345359927
70   344611601
71   343790231
72   342930906
73   342071842
74   341247706
75   340483830
76   339792579
77   339172688
78   338611793
79   338091645
80   337594542
81   337108877
82   336631660
83   336166889
84   335720291
85   335292748
86   334875688
87   334450865
88   333994622
89   333484353
90   332904247
91   332248646
92   331522935
93   330742579
94   329930490
95   329112669
96   328312678
97   327546772
98   326822160
99   326139721
100   325499683
101   324906372
102   324368451
103   323894391
104   323486423
105   323136968
106   322829328
107   322541676
108   322252154
109   321943103
110   321602990
111   321225527
112   320806950
113   320343787
114   319833052
115   319274620
116   318673501
117   318039681
118   317385263
119   316720761
120   316053098
121   315386493
122   314725262
123   314076183
124   313448587
125   312852344
126   312295524
127   311783414
128   311318975
129   310903483
130   310536015
131   310211489
132   309918230
133   309636708
134   309340721
135   309001090
136   308590611
137   308088847
138   307486192
139   306787101
140   306011667
141   305193799
142   304374967
143   303594857
144   302882324
145   302249930
146   301693459
147   301195751
148   300732857
149   300280140
150   299816322
151   299324817
152   298793205
153   298212382
154   297576290
155   296882225
156   296131413
157   295329767
158   294488679
159   293625239
160   292760948
161   291918513
162   291117280
163   290368827
164   289674514
165   289026204
166   288409971
167   287811075
168   287217881
169   286623265
170   286023683
171   285417236
172   284802106
173   284175964
174   283536369
175   282881883
176   282213544
177   281536000
178   280857394
179   280187515
180   279534776
181   278903449
182   278292637
183   277697356
184   277110891
185   276526962
186   275940663
187   275348236
188   274746840
189   274135761
190   273519258
191   272909159
192   272324213
193   271784708
194   271304442
195   270884679
196   270513924
197   270173774
198   269847651
199   269528084
200   269219321
201   268934167
202   268686466
203   268482924
204   268318612
205   268178403
206   268042699
207   267893339
208   267716612
209   267503506
210   267249477
211   266955267
212   266628075
213   266281209
214   265931022
215   265591659
216   265269517
217   264959810
218   264647161
219   264310471
220   263930020
221   263493181
222   262995729
223   262438571
224   261822726
225   261146401
226   260406218
227   259601707
228   258740159
229   257839132
230   256925500
231   256031639
232   255189997
233   254427237
234   253759151
235   253187829
236   252702504
237   252284240
238   251912487
239   251570236
240   251245445
241   250929301
242   250614206
243   250294054
244   249966679
245   249635817
246   249310041
247   248998592
248   248706606
249   248432617
250   248169403
251   247907071
252   247636273
253   247350050
254   247043768
255   246713338
256   246352287
257   245948809
258   245484600
259   244937247
260   244286498
261   243522334
262   242651090
263   241696287
264   240693463
265   239681442
266   238694101
267   237755881
268   236881767
269   236079917
270   235354274
271   234705481
272   234130379
273   233621553
274   233168107
275   232757553
276   232377717
277   232017600
278   231667042
279   231315878
280   230953580
281   230570072
282   230157645
283   229713151
284   229239156
285   228743132
286   228234716
287   227722045
288   227208343
289   226689699
290   226154679
291   225586475
292   224967809
293   224287478
294   223545944
295   222757300
296   221946655
297   221144231
298   220378597
299   219671165
300   219033172
301   218465516
302   217960883
303   217506647
304   217087039
305   216684389
306   216280681
307   215860372
308   215413821
309   214939554
310   214444428
311   213942210
312   213451462
313   212992811
314   212585443
315   212243494
316   211973658
317   211774656
318   211637933
319   211548625
320   211486654
321   211428395
322   211349223
323   211226762
324   211044327
325   210793832
326   210477147
327   210105156
328   209694699
329   209264471
330   208830952
331   208404936
332   207989339
333   207579391
334   207165779
335   206739452
336   206295209
337   205831852
338   205349383
339   204846027
340   204317731
341   203760448
342   203173120
343   202558929
344   201924123
345   201275831
346   200620707
347   199964961
348   199314897
349   198677016
350   198057620
351   197462257
352   196894949
353   196357083
354   195846510
355   195357874
356   194884387
357   194419863
358   193959646
359   193500373
360   193039873
361   192578173
362   192119199
363   191671718
364   191248452
365   190863540
366   190529474
367   190254558
368   190041166
369   189884470
370   189771702
371   189682805
372   189593299
373   189478806
374   189319242
375   189100912
376   188816452
377   188464048
378   188047073
379   187573976
380   187057342
381   186511439
382   185948701
383   185376532
384   184796085
385   184203781
386   183594841
387   182966995
388   182322773
389   181669887
390   181020007
391   180386341
392   179780411
393   179209050
394   178672948
395   178167428
396   177684708
397   177216105
398   176752921
399   176285849
400   175803738
401   175293281
402   174741017
403   174137736
404   173483463
405   172790286
406   172081207
407   171385378
408   170731755
409   170143601
410   169635361
411   169211937
412   168869218
413   168594868
414   168369769
415   168171603
416   167980961
417   167787606
418   167593011
419   167407019
420   167240228
421   167096199
422   166967234
423   166835319
424   166677639
425   166474470
426   166216158
427   165906099
428   165558482
429   165192361
430   164825237
431   164468851
432   164128030
433   163802002
434   163487121
435   163180004
436   162879996
437   162589917
438   162314788
439   162059291
440   161825452
441   161611546
442   161412128
443   161218443
444   161018742
445   160798681
446   160542054
447   160231782
448   159850994
449   159384641
450   158822324
451   158162314
452   157415284
453   156605497
454   155767935
455   154941787
456   154162555
457   153455662
458   152833622
459   152297145
460   151839027
461   151448795
462   151116095
463   150831476
464   150584558
465   150361284
466   150143037
467   149909623
468   149645543
469   149346402
470   149021630
471   148691655
472   148380568
473   148107567
474   147880809
475   147695993
476   147539700
477   147395463
478   147249686
479   147095077
480   146930641
481   146758722
482   146580747
483   146393983
484   146191215
485   145963510
486   145703999
487   145409723
488   145079958
489   144712245
490   144299303
491   143829636
492   143292197
493   142682814
494   142008900
495   141289921
496   140553367
497   139828002
498   139136974
499   138492887
500   137895872
501   137334728
502   136790571
503   136242131
504   135671603
505   135069795
506   134439240
507   133794266
508   133157849
509   132556071
510   132011695
511   131538616
512   131138721
513   130802115
514   130510549
515   130242522
516   129977923
517   129700815
518   129400352
519   129070702
520   128710674
521   128323093
522   127913739
523   127489801
524   127058029
525   126622989
526   126186156
527   125746601
528   125303318
529   124858026
530   124416745
531   123989094
532   123585599
533   123214178
534   122877260
535   122570893
536   122286686
537   122016132
538   121755124
539   121505968
540   121275922
541   121073916
542   120908028
543   120784623
544   120707945
545   120678999
546   120694485
547   120747623
548   120831302
549   120941553
550   121078768
551   121245818
552   121444298
553   121670879
554   121915210
555   122160252
556   122385273
557   122570479
558   122701005
559   122768117
560   122767450
561   122696141
562   122551021
563   122328610
564   122026338
565   121644247
566   121186920
567   120665107
568   120095794
569   119499439
570   118894837
571   118294322
572   117702574
573   117120122
574   116549363
575   115999183
576   115485503
577   115027784
578   114643487
579   114342843
580   114125618
581   113980643
582   113887918
583   113822222
584   113757154
585   113669103
586   113540965
587   113364748
588   113141632
589   112879025
590   112586168
591   112270875
592   111938878
593   111595144
594   111245439
595   110896587
596   110554837
597   110222828
598   109896895
599   109567038
600   109220582
601   108848027
602   108447858
603   108027848
604   107602660
605   107189267
606   106801978
607   106448413
608   106127481
609   105829939
610   105541293
611   105245828
612   104930303
613   104586321
614   104211353
615   103809075
616   103389625
617   102969372
618   102569007
619   102209177
620   101904691
621   101659750
622   101466280
623   101305756
624   101153537
625   100984482
626   100778594
627   100525019
628   100222909
629   99879120
630   99504583
631   99111605
632   98712724
633   98319951
634   97943137
635   97587667
636   97253071
637   96933931
638   96622939
639   96314596
640   96007785
641   95706318
642   95417570
643   95149708
644   94908144
645   94692216
646   94493514
647   94297094
648   94085390
649   93843028
650   93560243
651   93233605
652   92864434
653   92456308
654   92013126
655   91538468
656   91036071
657   90510708
658   89968761
659   89418226
660   88868181
661   88327715
662   87804361
663   87302453
664   86822205
665   86360038
666   85909997
667   85465512
668   85020903
669   84572373
670   84118617
671   83661292
672   83205446
673   82759457
674   82333403
675   81935233
676   81565951
677   81216713
678   80870291
679   80506601
680   80109269
681   79670056
682   79190022
683   78678366
684   78150250
685   77624234
686   77119620
687   76654345
688   76244153
689   75903068
690   75644051
691   75478428
692   75413533
693   75449384
694   75576244
695   75774719
696   76018925
697   76281732
698   76540194
699   76779431
700   76994172
701   77188209
702   77372456
703   77562116
704   77773115
705   78018035
706   78302208
707   78620952
708   78958669
709   79289942
710   79582392
711   79801052
712   79913848
713   79897061
714   79738978
715   79440274
716   79011379
717   78468785
718   77832538
719   77125784
720   76375436
721   75612253
722   74869127
723   74177522
724   73563044
725   73041585
726   72617189
727   72282023
728   72018183
729   71801039
730   71604028
731   71404429
732   71188378
733   70952714
734   70702390
735   70444649
736   70183137
737   69914945
738   69631718
739   69323885
740   68985790
741   68619213
742   68233604
743   67842935
744   67460900
745   67096843
746   66754060
747   66430580
748   66121473
749   65821561
750   65527764
751   65240694
752   64965309
753   64710514
754   64487657
755   64308119
756   64180634
757   64109276
758   64092902
759   64126155
760   64201498
761   64311276
762   64448766
763   64607460
764   64778798
765   64949779
766   65102489
767   65216746
768   65275113
769   65267989
770   65196291
771   65070492
772   64906470
773   64719799
774   64520575
775   64310513
776   64083191
777   63827228
778   63531111
779   63187748
780   62797115
781   62366432
782   61908493
783   61439178
784   60974631
785   60528286
786   60108334
787   59716742
788   59350507
789   59004309
790   58672749
791   58350887
792   58033322
793   57713218
794   57382542
795   57034025
796   56664219
797   56276284
798   55880779
799   55493330
800   55129440
801   54798293
