SIMFIT 1
1   433411816
2   428677194
3   424740356
4   421972344
5   419574839
6   416968465
7   414703946
8   413570648
9   413233484
10   412340962
11   409983707
12   406636061
13   403473858
14   401003751
15   398640642
16   395547707
17   391559448
18   387211456
19   383257055
20   380460982
21   379459156
22   380049980
23   380559390
24   378766577
25   374096615
26   368450154
27   364143462
28   361287196
29   358058849
30   353523688
31   349100844
32   346705273
33   346273234
34   346004362
35   344610886
36   342348670
37   339934106
38   337479103
39   334842027
40   332246231
41   329956455
42   327759016
43   325300242
44   322689335
45   320293828
46   318121981
47   315865749
48   313425014
49   310925275
50   308301042
51   305365661
52   302294139
53   299521638
54   297106600
55   294769536
56   292703800
57   291610544
58   291453430
59   290863008
60   288631430
61   285427314
62   282986613
63   281643153
64   279860737
65   276658145
66   273288300
67   271384406
68   270209302
69   267389912
70   262436353
71   257849643
72   255841180
73   255248951
74   253259557
75   249576901
76   246924448
77   247019860
78   247826054
79   246076411
80   241450569
81   236612322
82   233555773
83   231748505
84   230136539
85   229095996
86   229206395
87   229377951
88   227893831
89   224841402
90   221887800
91   219691462
92   217178624
93   213789093
94   210776779
95   209206313
96   207939719
97   205175263
98   201331705
99   198727522
100   198515733
101   199538889
102   200438164
103   201221513
104   201966264
105   201492948
106   198768718
107   194781575
108   191482371
109   189231218
110   186790522
111   183780084
112   181535115
113   181057456
114   181479967
115   181357905
116   180389666
117   178889684
118   176531804
119   172987174
120   169297500
121   167087511
122   166364079
123   165422986
124   163243829
125   160734009
126   159002027
127   157552830
128   155238466
129   152276507
130   150113528
131   149527567
132   149957929
133   150716593
134   151796018
135   153129347
136   153915626
137   153323466
138   151480738
139   149315331
140   147673336
141   146850529
142   146564487
143   145970196
144   144101978
145   140914455
146   137722702
147   136010397
148   135805707
149   135764364
150   134893805
151   133594011
152   132757660
153   132425062
154   131888385
155   130871740
156   129959993
157   129697272
158   129687460
159   128999818
160   127424202
161   125920928
162   125483010
163   125685968
164   124928611
165   122410804
166   119369937
167   117656743
168   117302173
169   116471840
170   114084121
171   111455160
172   110544226
173   111277894
174   111761532
175   110873930
176   109368561
177   108209089
178   107089372
179   105341718
180   103396319
181   102332553
182   102449741
183   103211159
184   104267121
185   105509841
186   106252968
187   105517727
188   103405679
189   101212999
190   99760337
191   98508599
192   96893769
193   95582824
194   95402000
195   95659545
196   94803259
197   92589680
198   90391227
199   89211480
200   88559036
201   87711009
202   86973579
203   86860068
204   86835670
205   85953232
206   84337331
207   82993231
