61
1e-05 0 0
0 0 1
9159.7 -7.46731e+07 14721
1.6e-05 0 0
0 0 1
9158 0 0
2.6e-05 0 0
0 0 1
9158 0 0
4.3e-05 0 0
0 0 1
9158 0 0
7e-05 0 0
0 0 1
9158 0 0
0.000113 0 0
0 0 1
9158 0 0
0.000183 0 0
0 0 1
9162.91 2.32823e+08 16239
0.000298 0 0
0 0 1
9162.37 2.58627e+08 16742
0.000483 0 0
0 0 1
9158 0 0
0.000785 0 0
0 0 1
9158 0 0
1.3e-05 0 0
0 0 1
9158 0 0
2.1e-05 0 0
0 0 1
9158 0 0
3.4e-05 0 0
0 0 1
9154.44 3.33649e+07 15501
5.5e-05 0 0
0 0 1
9158 0 0
8.9e-05 0 0
0 0 1
9158 0 0
0.000144 0 0
0 0 1
9158 0 0
0.000234 0 0
0 0 1
9158 0 0
0.000379 0 0
0 0 1
9158 0 0
0.000616 0 0
0 0 1
9158 0 0
0.001 0 0
0 0 1
9158 0 0
-1 0 0
