46
9e-06 0 0
0 0 1
9169.03 7.95501e+10 11808
1.5e-05 0 0
0 0 1
9171.96 6.1131e+10 17095
2.4e-05 0 0
0 0 1
9166.5 4.11985e+10 11082
4e-05 0 0
0 0 1
9168 2.0384e+10 0
6.5e-05 0 0
0 0 1
9168 6.77304e+09 0
0.000107 0 0
0 0 1
9168 1.138e+09 0
0.000176 0 0
0 0 1
9168 1.37084e+08 0
0.000289 0 0
0 0 1
9168 4.22163e+07 0
0.000475 0 0
0 0 1
9168 -1.19579e+08 0
0.00078 0 0
0 0 1
9168 -5.1194e+07 0
1.2e-05 0 0
0 0 1
9168 6.9504e+10 0
1.9e-05 0 0
0 0 1
9171.46 5.11614e+10 14737
3.1e-05 0 0
0 0 1
9171.68 3.02195e+10 13682
5.1e-05 0 0
0 0 1
9168 1.26115e+10 0
8.4e-05 0 0
0 0 1
9168 0 0
-1 0 0
