2125
1 0 0
0 0 1
1 2.92269e+08 0
2 0 0
0 0 1
1 2.91749e+08 0
3 0 0
0 0 1
1 2.91229e+08 0
4 0 0
0 0 1
1 2.9071e+08 0
5 0 0
0 0 1
1 2.90191e+08 0
6 0 0
0 0 1
1 2.89672e+08 0
7 0 0
0 0 1
1 2.89154e+08 0
8 0 0
0 0 1
1 2.88637e+08 0
9 0 0
0 0 1
1 2.8812e+08 0
10 0 0
0 0 1
1 2.87604e+08 0
11 0 0
0 0 1
1 2.87089e+08 0
12 0 0
0 0 1
1 2.86574e+08 0
13 0 0
0 0 1
1 2.8606e+08 0
14 0 0
0 0 1
1 2.85547e+08 0
15 0 0
0 0 1
1 2.85035e+08 0
16 0 0
0 0 1
1 2.84523e+08 0
17 0 0
0 0 1
1 2.84013e+08 0
18 0 0
0 0 1
1 2.83503e+08 0
19 0 0
0 0 1
1 2.82994e+08 0
20 0 0
0 0 1
1 2.82487e+08 0
21 0 0
0 0 1
1 2.8198e+08 0
22 0 0
0 0 1
1 2.81475e+08 0
23 0 0
0 0 1
1 2.80971e+08 0
24 0 0
0 0 1
1 2.80468e+08 0
25 0 0
0 0 1
1 2.79966e+08 0
26 0 0
0 0 1
1 2.79465e+08 0
27 0 0
0 0 1
1 2.78965e+08 0
28 0 0
0 0 1
1 2.78467e+08 0
29 0 0
0 0 1
1 2.77969e+08 0
30 0 0
0 0 1
1 2.77473e+08 0
31 0 0
0 0 1
1 2.76977e+08 0
32 0 0
0 0 1
1 2.76483e+08 0
33 0 0
0 0 1
1 2.75989e+08 0
34 0 0
0 0 1
1 2.75495e+08 0
35 0 0
0 0 1
1 2.75003e+08 0
36 0 0
0 0 1
1 2.74511e+08 0
37 0 0
0 0 1
1 2.74019e+08 0
38 0 0
0 0 1
1 2.73527e+08 0
39 0 0
0 0 1
1 2.73035e+08 0
40 0 0
0 0 1
1 2.72544e+08 0
41 0 0
0 0 1
1 2.72052e+08 0
42 0 0
0 0 1
1 2.71559e+08 0
43 0 0
0 0 1
1 2.71066e+08 0
44 0 0
0 0 1
1 2.70573e+08 0
45 0 0
0 0 1
1 2.70079e+08 0
46 0 0
0 0 1
1 2.69584e+08 0
47 0 0
0 0 1
1 2.69088e+08 0
48 0 0
0 0 1
1 2.68591e+08 0
49 0 0
0 0 1
1 2.68093e+08 0
50 0 0
0 0 1
1 2.67594e+08 0
51 0 0
0 0 1
1 2.67094e+08 0
52 0 0
0 0 1
1 2.66593e+08 0
53 0 0
0 0 1
1 2.66091e+08 0
54 0 0
0 0 1
1 2.65587e+08 0
55 0 0
0 0 1
1 2.65083e+08 0
56 0 0
0 0 1
1 2.64578e+08 0
57 0 0
0 0 1
1 2.64072e+08 0
58 0 0
0 0 1
1 2.63565e+08 0
59 0 0
0 0 1
1 2.63058e+08 0
60 0 0
0 0 1
1 2.62549e+08 0
61 0 0
0 0 1
1 2.62041e+08 0
62 0 0
0 0 1
1 2.61532e+08 0
63 0 0
0 0 1
1 2.61023e+08 0
64 0 0
0 0 1
1 2.60513e+08 0
65 0 0
0 0 1
1 2.60004e+08 0
66 0 0
0 0 1
1 2.59495e+08 0
67 0 0
0 0 1
1 2.58986e+08 0
68 0 0
0 0 1
1 2.58477e+08 0
69 0 0
0 0 1
1 2.57969e+08 0
70 0 0
0 0 1
1 2.57461e+08 0
71 0 0
0 0 1
1 2.56954e+08 0
72 0 0
0 0 1
1 2.56448e+08 0
73 0 0
0 0 1
1 2.55943e+08 0
74 0 0
0 0 1
1 2.55438e+08 0
75 0 0
0 0 1
1 2.54935e+08 0
76 0 0
0 0 1
1 2.54432e+08 0
77 0 0
0 0 1
1 2.53931e+08 0
78 0 0
0 0 1
1 2.53431e+08 0
79 0 0
0 0 1
1 2.52932e+08 0
80 0 0
0 0 1
1 2.52434e+08 0
81 0 0
0 0 1
1 2.51937e+08 0
82 0 0
0 0 1
1 2.51442e+08 0
83 0 0
0 0 1
1 2.50947e+08 0
84 0 0
0 0 1
1 2.50454e+08 0
85 0 0
0 0 1
1 2.49962e+08 0
86 0 0
0 0 1
1 2.49471e+08 0
87 0 0
0 0 1
1 2.4898e+08 0
88 0 0
0 0 1
1 2.48491e+08 0
89 0 0
0 0 1
1 2.48003e+08 0
90 0 0
0 0 1
1 2.47516e+08 0
91 0 0
0 0 1
1 2.47029e+08 0
92 0 0
0 0 1
1 2.46544e+08 0
93 0 0
0 0 1
1 2.46059e+08 0
94 0 0
0 0 1
1 2.45574e+08 0
95 0 0
0 0 1
1 2.4509e+08 0
96 0 0
0 0 1
1 2.44607e+08 0
97 0 0
0 0 1
1 2.44124e+08 0
98 0 0
0 0 1
1 2.43641e+08 0
99 0 0
0 0 1
1 2.43159e+08 0
100 0 0
0 0 1
1 2.42676e+08 0
101 0 0
0 0 1
1 2.42194e+08 0
102 0 0
0 0 1
1 2.41712e+08 0
103 0 0
0 0 1
1 2.4123e+08 0
104 0 0
0 0 1
1 2.40748e+08 0
105 0 0
0 0 1
1 2.40265e+08 0
106 0 0
0 0 1
1 2.39783e+08 0
107 0 0
0 0 1
1 2.393e+08 0
108 0 0
0 0 1
1 2.38818e+08 0
109 0 0
0 0 1
1 2.38335e+08 0
110 0 0
0 0 1
1 2.37851e+08 0
111 0 0
0 0 1
1 2.37368e+08 0
112 0 0
0 0 1
1 2.36884e+08 0
113 0 0
0 0 1
1 2.364e+08 0
114 0 0
0 0 1
1 2.35916e+08 0
115 0 0
0 0 1
1 2.35431e+08 0
116 0 0
0 0 1
1 2.34946e+08 0
117 0 0
0 0 1
1 2.34461e+08 0
118 0 0
0 0 1
1 2.33975e+08 0
119 0 0
0 0 1
1 2.3349e+08 0
120 0 0
0 0 1
1 2.33004e+08 0
121 0 0
0 0 1
1 2.32518e+08 0
122 0 0
0 0 1
1 2.32032e+08 0
123 0 0
0 0 1
1 2.31545e+08 0
124 0 0
0 0 1
1 2.31059e+08 0
125 0 0
0 0 1
1 2.30572e+08 0
126 0 0
0 0 1
1 2.30085e+08 0
127 0 0
0 0 1
1 2.29598e+08 0
128 0 0
0 0 1
1 2.29112e+08 0
129 0 0
0 0 1
1 2.28625e+08 0
130 0 0
0 0 1
1 2.28138e+08 0
131 0 0
0 0 1
1 2.27652e+08 0
132 0 0
0 0 1
1 2.27165e+08 0
133 0 0
0 0 1
1 2.26679e+08 0
134 0 0
0 0 1
1 2.26193e+08 0
135 0 0
0 0 1
1 2.25707e+08 0
136 0 0
0 0 1
1 2.25221e+08 0
137 0 0
0 0 1
1 2.24736e+08 0
138 0 0
0 0 1
1 2.24251e+08 0
139 0 0
0 0 1
1 2.23767e+08 0
140 0 0
0 0 1
1 2.23283e+08 0
141 0 0
0 0 1
1 2.22799e+08 0
142 0 0
0 0 1
1 2.22316e+08 0
143 0 0
0 0 1
1 2.21833e+08 0
144 0 0
0 0 1
1 2.21351e+08 0
145 0 0
0 0 1
1 2.2087e+08 0
146 0 0
0 0 1
1 2.20389e+08 0
147 0 0
0 0 1
1 2.19909e+08 0
148 0 0
0 0 1
1 2.1943e+08 0
149 0 0
0 0 1
1 2.18951e+08 0
150 0 0
0 0 1
1 2.18474e+08 0
151 0 0
0 0 1
1 2.17997e+08 0
152 0 0
0 0 1
1 2.17521e+08 0
153 0 0
0 0 1
1 2.17047e+08 0
154 0 0
0 0 1
1 2.16573e+08 0
155 0 0
0 0 1
1 2.16101e+08 0
156 0 0
0 0 1
1 2.15629e+08 0
157 0 0
0 0 1
1 2.15159e+08 0
158 0 0
0 0 1
1 2.1469e+08 0
159 0 0
0 0 1
1 2.14222e+08 0
160 0 0
0 0 1
1 2.13755e+08 0
161 0 0
0 0 1
1 2.13289e+08 0
162 0 0
0 0 1
1 2.12825e+08 0
163 0 0
0 0 1
1 2.12362e+08 0
164 0 0
0 0 1
1 2.119e+08 0
165 0 0
0 0 1
1 2.1144e+08 0
166 0 0
0 0 1
1 2.10981e+08 0
167 0 0
0 0 1
1 2.10524e+08 0
168 0 0
0 0 1
1 2.10068e+08 0
169 0 0
0 0 1
1 2.09613e+08 0
170 0 0
0 0 1
1 2.0916e+08 0
171 0 0
0 0 1
1 2.08709e+08 0
172 0 0
0 0 1
1 2.08259e+08 0
173 0 0
0 0 1
1 2.07811e+08 0
174 0 0
0 0 1
1 2.07365e+08 0
175 0 0
0 0 1
1 2.0692e+08 0
176 0 0
0 0 1
1 2.06478e+08 0
177 0 0
0 0 1
1 2.06038e+08 0
178 0 0
0 0 1
1 2.05599e+08 0
179 0 0
0 0 1
1 2.05163e+08 0
180 0 0
0 0 1
1 2.04728e+08 0
181 0 0
0 0 1
1 2.04296e+08 0
182 0 0
0 0 1
1 2.03867e+08 0
183 0 0
0 0 1
1 2.03439e+08 0
184 0 0
0 0 1
1 2.03014e+08 0
185 0 0
0 0 1
1 2.02591e+08 0
186 0 0
0 0 1
1 2.0217e+08 0
187 0 0
0 0 1
1 2.01751e+08 0
188 0 0
0 0 1
1 2.01335e+08 0
189 0 0
0 0 1
1 2.00921e+08 0
190 0 0
0 0 1
1 2.00509e+08 0
191 0 0
0 0 1
1 2.00099e+08 0
192 0 0
0 0 1
1 1.99691e+08 0
193 0 0
0 0 1
1 1.99285e+08 0
194 0 0
0 0 1
1 1.98881e+08 0
195 0 0
0 0 1
1 1.98479e+08 0
196 0 0
0 0 1
1 1.98078e+08 0
197 0 0
0 0 1
1 1.97679e+08 0
198 0 0
0 0 1
1 1.97281e+08 0
199 0 0
0 0 1
1 1.96885e+08 0
200 0 0
0 0 1
1 1.9649e+08 0
201 0 0
0 0 1
1 1.96095e+08 0
202 0 0
0 0 1
1 1.95702e+08 0
203 0 0
0 0 1
1 1.9531e+08 0
204 0 0
0 0 1
1 1.94918e+08 0
205 0 0
0 0 1
1 1.94527e+08 0
206 0 0
0 0 1
1 1.94137e+08 0
207 0 0
0 0 1
1 1.93747e+08 0
208 0 0
0 0 1
1 1.93357e+08 0
209 0 0
0 0 1
1 1.92967e+08 0
210 0 0
0 0 1
1 1.92577e+08 0
211 0 0
0 0 1
1 1.92187e+08 0
212 0 0
0 0 1
1 1.91798e+08 0
213 0 0
0 0 1
1 1.91408e+08 0
214 0 0
0 0 1
1 1.91017e+08 0
215 0 0
0 0 1
1 1.90627e+08 0
216 0 0
0 0 1
1 1.90236e+08 0
217 0 0
0 0 1
1 1.89844e+08 0
218 0 0
0 0 1
1 1.89452e+08 0
219 0 0
0 0 1
1 1.89059e+08 0
220 0 0
0 0 1
1 1.88666e+08 0
221 0 0
0 0 1
1 1.88272e+08 0
222 0 0
0 0 1
1 1.87878e+08 0
223 0 0
0 0 1
1 1.87483e+08 0
224 0 0
0 0 1
1 1.87087e+08 0
225 0 0
0 0 1
1 1.86691e+08 0
226 0 0
0 0 1
1 1.86294e+08 0
227 0 0
0 0 1
1 1.85896e+08 0
228 0 0
0 0 1
1 1.85498e+08 0
229 0 0
0 0 1
1 1.851e+08 0
230 0 0
0 0 1
1 1.84702e+08 0
231 0 0
0 0 1
1 1.84303e+08 0
232 0 0
0 0 1
1 1.83904e+08 0
233 0 0
0 0 1
1 1.83505e+08 0
234 0 0
0 0 1
1 1.83106e+08 0
235 0 0
0 0 1
1 1.82707e+08 0
236 0 0
0 0 1
1 1.82308e+08 0
237 0 0
0 0 1
1 1.8191e+08 0
238 0 0
0 0 1
1 1.81512e+08 0
239 0 0
0 0 1
1 1.81115e+08 0
240 0 0
0 0 1
1 1.80718e+08 0
241 0 0
0 0 1
1 1.80322e+08 0
242 0 0
0 0 1
1 1.79927e+08 0
243 0 0
0 0 1
1 1.79533e+08 0
244 0 0
0 0 1
1 1.7914e+08 0
245 0 0
0 0 1
1 1.78748e+08 0
246 0 0
0 0 1
1 1.78358e+08 0
247 0 0
0 0 1
1 1.77968e+08 0
248 0 0
0 0 1
1 1.7758e+08 0
249 0 0
0 0 1
1 1.77192e+08 0
250 0 0
0 0 1
1 1.76807e+08 0
251 0 0
0 0 1
1 1.76422e+08 0
252 0 0
0 0 1
1 1.76038e+08 0
253 0 0
0 0 1
1 1.75656e+08 0
254 0 0
0 0 1
1 1.75275e+08 0
255 0 0
0 0 1
1 1.74896e+08 0
256 0 0
0 0 1
1 1.74517e+08 0
257 0 0
0 0 1
1 1.74139e+08 0
258 0 0
0 0 1
1 1.73762e+08 0
259 0 0
0 0 1
1 1.73386e+08 0
260 0 0
0 0 1
1 1.73011e+08 0
261 0 0
0 0 1
1 1.72637e+08 0
262 0 0
0 0 1
1 1.72263e+08 0
263 0 0
0 0 1
1 1.7189e+08 0
264 0 0
0 0 1
1 1.71517e+08 0
265 0 0
0 0 1
1 1.71145e+08 0
266 0 0
0 0 1
1 1.70772e+08 0
267 0 0
0 0 1
1 1.704e+08 0
268 0 0
0 0 1
1 1.70028e+08 0
269 0 0
0 0 1
1 1.69656e+08 0
270 0 0
0 0 1
1 1.69284e+08 0
271 0 0
0 0 1
1 1.68912e+08 0
272 0 0
0 0 1
1 1.6854e+08 0
273 0 0
0 0 1
1 1.68168e+08 0
274 0 0
0 0 1
1 1.67796e+08 0
275 0 0
0 0 1
1 1.67423e+08 0
276 0 0
0 0 1
1 1.67051e+08 0
277 0 0
0 0 1
1 1.66678e+08 0
278 0 0
0 0 1
1 1.66306e+08 0
279 0 0
0 0 1
1 1.65933e+08 0
280 0 0
0 0 1
1 1.65561e+08 0
281 0 0
0 0 1
1 1.65189e+08 0
282 0 0
0 0 1
1 1.64817e+08 0
283 0 0
0 0 1
1 1.64446e+08 0
284 0 0
0 0 1
1 1.64075e+08 0
285 0 0
0 0 1
1 1.63704e+08 0
286 0 0
0 0 1
1 1.63334e+08 0
287 0 0
0 0 1
1 1.62965e+08 0
288 0 0
0 0 1
1 1.62596e+08 0
289 0 0
0 0 1
1 1.62228e+08 0
290 0 0
0 0 1
1 1.61861e+08 0
291 0 0
0 0 1
1 1.61495e+08 0
292 0 0
0 0 1
1 1.6113e+08 0
293 0 0
0 0 1
1 1.60765e+08 0
294 0 0
0 0 1
1 1.60402e+08 0
295 0 0
0 0 1
1 1.60039e+08 0
296 0 0
0 0 1
1 1.59678e+08 0
297 0 0
0 0 1
1 1.59317e+08 0
298 0 0
0 0 1
1 1.58958e+08 0
299 0 0
0 0 1
1 1.586e+08 0
300 0 0
0 0 1
1 1.58243e+08 0
301 0 0
0 0 1
1 1.57888e+08 0
302 0 0
0 0 1
1 1.57533e+08 0
303 0 0
0 0 1
1 1.5718e+08 0
304 0 0
0 0 1
1 1.56829e+08 0
305 0 0
0 0 1
1 1.56478e+08 0
306 0 0
0 0 1
1 1.5613e+08 0
307 0 0
0 0 1
1 1.55782e+08 0
308 0 0
0 0 1
1 1.55437e+08 0
309 0 0
0 0 1
1 1.55092e+08 0
310 0 0
0 0 1
1 1.5475e+08 0
311 0 0
0 0 1
1 1.54409e+08 0
312 0 0
0 0 1
1 1.5407e+08 0
313 0 0
0 0 1
1 1.53732e+08 0
314 0 0
0 0 1
1 1.53396e+08 0
315 0 0
0 0 1
1 1.53061e+08 0
316 0 0
0 0 1
1 1.52728e+08 0
317 0 0
0 0 1
1 1.52396e+08 0
318 0 0
0 0 1
1 1.52066e+08 0
319 0 0
0 0 1
1 1.51738e+08 0
320 0 0
0 0 1
1 1.5141e+08 0
321 0 0
0 0 1
1 1.51084e+08 0
322 0 0
0 0 1
1 1.50759e+08 0
323 0 0
0 0 1
1 1.50435e+08 0
324 0 0
0 0 1
1 1.50112e+08 0
325 0 0
0 0 1
1 1.4979e+08 0
326 0 0
0 0 1
1 1.49469e+08 0
327 0 0
0 0 1
1 1.49148e+08 0
328 0 0
0 0 1
1 1.48829e+08 0
329 0 0
0 0 1
1 1.4851e+08 0
330 0 0
0 0 1
1 1.48191e+08 0
331 0 0
0 0 1
1 1.47873e+08 0
332 0 0
0 0 1
1 1.47556e+08 0
333 0 0
0 0 1
1 1.47239e+08 0
334 0 0
0 0 1
1 1.46922e+08 0
335 0 0
0 0 1
1 1.46606e+08 0
336 0 0
0 0 1
1 1.4629e+08 0
337 0 0
0 0 1
1 1.45974e+08 0
338 0 0
0 0 1
1 1.45659e+08 0
339 0 0
0 0 1
1 1.45343e+08 0
340 0 0
0 0 1
1 1.45028e+08 0
341 0 0
0 0 1
1 1.44714e+08 0
342 0 0
0 0 1
1 1.44399e+08 0
343 0 0
0 0 1
1 1.44085e+08 0
344 0 0
0 0 1
1 1.43771e+08 0
345 0 0
0 0 1
1 1.43457e+08 0
346 0 0
0 0 1
1 1.43143e+08 0
347 0 0
0 0 1
1 1.4283e+08 0
348 0 0
0 0 1
1 1.42516e+08 0
349 0 0
0 0 1
1 1.42204e+08 0
350 0 0
0 0 1
1 1.41891e+08 0
351 0 0
0 0 1
1 1.41579e+08 0
352 0 0
0 0 1
1 1.41267e+08 0
353 0 0
0 0 1
1 1.40956e+08 0
354 0 0
0 0 1
1 1.40645e+08 0
355 0 0
0 0 1
1 1.40335e+08 0
356 0 0
0 0 1
1 1.40025e+08 0
357 0 0
0 0 1
1 1.39716e+08 0
358 0 0
0 0 1
1 1.39408e+08 0
359 0 0
0 0 1
1 1.391e+08 0
360 0 0
0 0 1
1 1.38793e+08 0
361 0 0
0 0 1
1 1.38487e+08 0
362 0 0
0 0 1
1 1.38182e+08 0
363 0 0
0 0 1
1 1.37878e+08 0
364 0 0
0 0 1
1 1.37575e+08 0
365 0 0
0 0 1
1 1.37272e+08 0
366 0 0
0 0 1
1 1.36971e+08 0
367 0 0
0 0 1
1 1.36671e+08 0
368 0 0
0 0 1
1 1.36371e+08 0
369 0 0
0 0 1
1 1.36073e+08 0
370 0 0
0 0 1
1 1.35775e+08 0
371 0 0
0 0 1
1 1.35479e+08 0
372 0 0
0 0 1
1 1.35183e+08 0
373 0 0
0 0 1
1 1.34889e+08 0
374 0 0
0 0 1
1 1.34595e+08 0
375 0 0
0 0 1
1 1.34302e+08 0
376 0 0
0 0 1
1 1.34009e+08 0
377 0 0
0 0 1
1 1.33718e+08 0
378 0 0
0 0 1
1 1.33427e+08 0
379 0 0
0 0 1
1 1.33137e+08 0
380 0 0
0 0 1
1 1.32848e+08 0
381 0 0
0 0 1
1 1.32559e+08 0
382 0 0
0 0 1
1 1.32272e+08 0
383 0 0
0 0 1
1 1.31984e+08 0
384 0 0
0 0 1
1 1.31697e+08 0
385 0 0
0 0 1
1 1.31411e+08 0
386 0 0
0 0 1
1 1.31125e+08 0
387 0 0
0 0 1
1 1.3084e+08 0
388 0 0
0 0 1
1 1.30556e+08 0
389 0 0
0 0 1
1 1.30271e+08 0
390 0 0
0 0 1
1 1.29988e+08 0
391 0 0
0 0 1
1 1.29704e+08 0
392 0 0
0 0 1
1 1.29422e+08 0
393 0 0
0 0 1
1 1.29139e+08 0
394 0 0
0 0 1
1 1.28858e+08 0
395 0 0
0 0 1
1 1.28576e+08 0
396 0 0
0 0 1
1 1.28295e+08 0
397 0 0
0 0 1
1 1.28015e+08 0
398 0 0
0 0 1
1 1.27734e+08 0
399 0 0
0 0 1
1 1.27455e+08 0
400 0 0
0 0 1
1 1.27175e+08 0
401 0 0
0 0 1
1 1.26897e+08 0
402 0 0
0 0 1
1 1.26618e+08 0
403 0 0
0 0 1
1 1.2634e+08 0
404 0 0
0 0 1
1 1.26063e+08 0
405 0 0
0 0 1
1 1.25786e+08 0
406 0 0
0 0 1
1 1.2551e+08 0
407 0 0
0 0 1
1 1.25234e+08 0
408 0 0
0 0 1
1 1.2496e+08 0
409 0 0
0 0 1
1 1.24685e+08 0
410 0 0
0 0 1
1 1.24412e+08 0
411 0 0
0 0 1
1 1.24139e+08 0
412 0 0
0 0 1
1 1.23868e+08 0
413 0 0
0 0 1
1 1.23597e+08 0
414 0 0
0 0 1
1 1.23327e+08 0
415 0 0
0 0 1
1 1.23058e+08 0
416 0 0
0 0 1
1 1.2279e+08 0
417 0 0
0 0 1
1 1.22523e+08 0
418 0 0
0 0 1
1 1.22257e+08 0
419 0 0
0 0 1
1 1.21992e+08 0
420 0 0
0 0 1
1 1.21728e+08 0
421 0 0
0 0 1
1 1.21465e+08 0
422 0 0
0 0 1
1 1.21203e+08 0
423 0 0
0 0 1
1 1.20943e+08 0
424 0 0
0 0 1
1 1.20683e+08 0
425 0 0
0 0 1
1 1.20424e+08 0
426 0 0
0 0 1
1 1.20166e+08 0
427 0 0
0 0 1
1 1.19908e+08 0
428 0 0
0 0 1
1 1.19652e+08 0
429 0 0
0 0 1
1 1.19396e+08 0
430 0 0
0 0 1
1 1.19141e+08 0
431 0 0
0 0 1
1 1.18886e+08 0
432 0 0
0 0 1
1 1.18632e+08 0
433 0 0
0 0 1
1 1.18379e+08 0
434 0 0
0 0 1
1 1.18126e+08 0
435 0 0
0 0 1
1 1.17873e+08 0
436 0 0
0 0 1
1 1.17621e+08 0
437 0 0
0 0 1
1 1.17369e+08 0
438 0 0
0 0 1
1 1.17117e+08 0
439 0 0
0 0 1
1 1.16865e+08 0
440 0 0
0 0 1
1 1.16613e+08 0
441 0 0
0 0 1
1 1.16362e+08 0
442 0 0
0 0 1
1 1.1611e+08 0
443 0 0
0 0 1
1 1.15858e+08 0
444 0 0
0 0 1
1 1.15606e+08 0
445 0 0
0 0 1
1 1.15354e+08 0
446 0 0
0 0 1
1 1.15102e+08 0
447 0 0
0 0 1
1 1.1485e+08 0
448 0 0
0 0 1
1 1.14598e+08 0
449 0 0
0 0 1
1 1.14345e+08 0
450 0 0
0 0 1
1 1.14092e+08 0
451 0 0
0 0 1
1 1.13839e+08 0
452 0 0
0 0 1
1 1.13585e+08 0
453 0 0
0 0 1
1 1.13332e+08 0
454 0 0
0 0 1
1 1.13078e+08 0
455 0 0
0 0 1
1 1.12824e+08 0
456 0 0
0 0 1
1 1.1257e+08 0
457 0 0
0 0 1
1 1.12316e+08 0
458 0 0
0 0 1
1 1.12061e+08 0
459 0 0
0 0 1
1 1.11807e+08 0
460 0 0
0 0 1
1 1.11552e+08 0
461 0 0
0 0 1
1 1.11298e+08 0
462 0 0
0 0 1
1 1.11044e+08 0
463 0 0
0 0 1
1 1.1079e+08 0
464 0 0
0 0 1
1 1.10536e+08 0
465 0 0
0 0 1
1 1.10283e+08 0
466 0 0
0 0 1
1 1.1003e+08 0
467 0 0
0 0 1
1 1.09777e+08 0
468 0 0
0 0 1
1 1.09525e+08 0
469 0 0
0 0 1
1 1.09273e+08 0
470 0 0
0 0 1
1 1.09023e+08 0
471 0 0
0 0 1
1 1.08772e+08 0
472 0 0
0 0 1
1 1.08523e+08 0
473 0 0
0 0 1
1 1.08275e+08 0
474 0 0
0 0 1
1 1.08027e+08 0
475 0 0
0 0 1
1 1.07781e+08 0
476 0 0
0 0 1
1 1.07535e+08 0
477 0 0
0 0 1
1 1.07291e+08 0
478 0 0
0 0 1
1 1.07048e+08 0
479 0 0
0 0 1
1 1.06807e+08 0
480 0 0
0 0 1
1 1.06567e+08 0
481 0 0
0 0 1
1 1.06328e+08 0
482 0 0
0 0 1
1 1.06091e+08 0
483 0 0
0 0 1
1 1.05855e+08 0
484 0 0
0 0 1
1 1.05622e+08 0
485 0 0
0 0 1
1 1.05389e+08 0
486 0 0
0 0 1
1 1.05159e+08 0
487 0 0
0 0 1
1 1.0493e+08 0
488 0 0
0 0 1
1 1.04704e+08 0
489 0 0
0 0 1
1 1.04479e+08 0
490 0 0
0 0 1
1 1.04255e+08 0
491 0 0
0 0 1
1 1.04034e+08 0
492 0 0
0 0 1
1 1.03815e+08 0
493 0 0
0 0 1
1 1.03597e+08 0
494 0 0
0 0 1
1 1.03381e+08 0
495 0 0
0 0 1
1 1.03167e+08 0
496 0 0
0 0 1
1 1.02955e+08 0
497 0 0
0 0 1
1 1.02744e+08 0
498 0 0
0 0 1
1 1.02535e+08 0
499 0 0
0 0 1
1 1.02328e+08 0
500 0 0
0 0 1
1 1.02122e+08 0
501 0 0
0 0 1
1 1.01917e+08 0
502 0 0
0 0 1
1 1.01714e+08 0
503 0 0
0 0 1
1 1.01512e+08 0
504 0 0
0 0 1
1 1.01312e+08 0
505 0 0
0 0 1
1 1.01112e+08 0
506 0 0
0 0 1
1 1.00914e+08 0
507 0 0
0 0 1
1 1.00717e+08 0
508 0 0
0 0 1
1 1.0052e+08 0
509 0 0
0 0 1
1 1.00325e+08 0
510 0 0
0 0 1
1 1.0013e+08 0
511 0 0
0 0 1
1 9.9936e+07 0
512 0 0
0 0 1
1 9.97426e+07 0
513 0 0
0 0 1
1 9.95499e+07 0
514 0 0
0 0 1
1 9.93576e+07 0
515 0 0
0 0 1
1 9.9166e+07 0
516 0 0
0 0 1
1 9.89747e+07 0
517 0 0
0 0 1
1 9.87839e+07 0
518 0 0
0 0 1
1 9.85934e+07 0
519 0 0
0 0 1
1 9.84033e+07 0
520 0 0
0 0 1
1 9.82135e+07 0
521 0 0
0 0 1
1 9.80239e+07 0
522 0 0
0 0 1
1 9.78346e+07 0
523 0 0
0 0 1
1 9.76455e+07 0
524 0 0
0 0 1
1 9.74566e+07 0
525 0 0
0 0 1
1 9.72678e+07 0
526 0 0
0 0 1
1 9.70791e+07 0
527 0 0
0 0 1
1 9.68904e+07 0
528 0 0
0 0 1
1 9.67018e+07 0
529 0 0
0 0 1
1 9.65132e+07 0
530 0 0
0 0 1
1 9.63244e+07 0
531 0 0
0 0 1
1 9.61355e+07 0
532 0 0
0 0 1
1 9.59464e+07 0
533 0 0
0 0 1
1 9.5757e+07 0
534 0 0
0 0 1
1 9.55673e+07 0
535 0 0
0 0 1
1 9.53771e+07 0
536 0 0
0 0 1
1 9.51864e+07 0
537 0 0
0 0 1
1 9.49951e+07 0
538 0 0
0 0 1
1 9.48032e+07 0
539 0 0
0 0 1
1 9.46105e+07 0
540 0 0
0 0 1
1 9.4417e+07 0
541 0 0
0 0 1
1 9.42226e+07 0
542 0 0
0 0 1
1 9.40272e+07 0
543 0 0
0 0 1
1 9.38308e+07 0
544 0 0
0 0 1
1 9.36334e+07 0
545 0 0
0 0 1
1 9.34348e+07 0
546 0 0
0 0 1
1 9.32351e+07 0
547 0 0
0 0 1
1 9.30343e+07 0
548 0 0
0 0 1
1 9.28322e+07 0
549 0 0
0 0 1
1 9.2629e+07 0
550 0 0
0 0 1
1 9.24246e+07 0
551 0 0
0 0 1
1 9.22191e+07 0
552 0 0
0 0 1
1 9.20124e+07 0
553 0 0
0 0 1
1 9.18047e+07 0
554 0 0
0 0 1
1 9.15959e+07 0
555 0 0
0 0 1
1 9.13862e+07 0
556 0 0
0 0 1
1 9.11756e+07 0
557 0 0
0 0 1
1 9.09642e+07 0
558 0 0
0 0 1
1 9.0752e+07 0
559 0 0
0 0 1
1 9.05391e+07 0
560 0 0
0 0 1
1 9.03256e+07 0
561 0 0
0 0 1
1 9.01116e+07 0
562 0 0
0 0 1
1 8.98972e+07 0
563 0 0
0 0 1
1 8.96825e+07 0
564 0 0
0 0 1
1 8.94675e+07 0
565 0 0
0 0 1
1 8.92523e+07 0
566 0 0
0 0 1
1 8.90371e+07 0
567 0 0
0 0 1
1 8.88218e+07 0
568 0 0
0 0 1
1 8.86066e+07 0
569 0 0
0 0 1
1 8.83916e+07 0
570 0 0
0 0 1
1 8.81767e+07 0
571 0 0
0 0 1
1 8.79621e+07 0
572 0 0
0 0 1
1 8.77478e+07 0
573 0 0
0 0 1
1 8.75339e+07 0
574 0 0
0 0 1
1 8.73204e+07 0
575 0 0
0 0 1
1 8.71073e+07 0
576 0 0
0 0 1
1 8.68948e+07 0
577 0 0
0 0 1
1 8.66828e+07 0
578 0 0
0 0 1
1 8.64713e+07 0
579 0 0
0 0 1
1 8.62604e+07 0
580 0 0
0 0 1
1 8.60502e+07 0
581 0 0
0 0 1
1 8.58407e+07 0
582 0 0
0 0 1
1 8.56318e+07 0
583 0 0
0 0 1
1 8.54236e+07 0
584 0 0
0 0 1
1 8.52161e+07 0
585 0 0
0 0 1
1 8.50093e+07 0
586 0 0
0 0 1
1 8.48033e+07 0
587 0 0
0 0 1
1 8.4598e+07 0
588 0 0
0 0 1
1 8.43934e+07 0
589 0 0
0 0 1
1 8.41897e+07 0
590 0 0
0 0 1
1 8.39867e+07 0
591 0 0
0 0 1
1 8.37844e+07 0
592 0 0
0 0 1
1 8.35829e+07 0
593 0 0
0 0 1
1 8.33822e+07 0
594 0 0
0 0 1
1 8.31822e+07 0
595 0 0
0 0 1
1 8.29829e+07 0
596 0 0
0 0 1
1 8.27843e+07 0
597 0 0
0 0 1
1 8.25865e+07 0
598 0 0
0 0 1
1 8.23894e+07 0
599 0 0
0 0 1
1 8.21929e+07 0
600 0 0
0 0 1
1 8.19971e+07 0
601 0 0
0 0 1
1 8.1802e+07 0
602 0 0
0 0 1
1 8.16076e+07 0
603 0 0
0 0 1
1 8.14139e+07 0
604 0 0
0 0 1
1 8.12208e+07 0
605 0 0
0 0 1
1 8.10284e+07 0
606 0 0
0 0 1
1 8.08367e+07 0
607 0 0
0 0 1
1 8.06457e+07 0
608 0 0
0 0 1
1 8.04555e+07 0
609 0 0
0 0 1
1 8.02659e+07 0
610 0 0
0 0 1
1 8.00772e+07 0
611 0 0
0 0 1
1 7.98892e+07 0
612 0 0
0 0 1
1 7.9702e+07 0
613 0 0
0 0 1
1 7.95157e+07 0
614 0 0
0 0 1
1 7.93303e+07 0
615 0 0
0 0 1
1 7.91457e+07 0
616 0 0
0 0 1
1 7.8962e+07 0
617 0 0
0 0 1
1 7.87792e+07 0
618 0 0
0 0 1
1 7.85974e+07 0
619 0 0
0 0 1
1 7.84166e+07 0
620 0 0
0 0 1
1 7.82367e+07 0
621 0 0
0 0 1
1 7.80578e+07 0
622 0 0
0 0 1
1 7.788e+07 0
623 0 0
0 0 1
1 7.77031e+07 0
624 0 0
0 0 1
1 7.75272e+07 0
625 0 0
0 0 1
1 7.73524e+07 0
626 0 0
0 0 1
1 7.71786e+07 0
627 0 0
0 0 1
1 7.70059e+07 0
628 0 0
0 0 1
1 7.68342e+07 0
629 0 0
0 0 1
1 7.66637e+07 0
630 0 0
0 0 1
1 7.64942e+07 0
631 0 0
0 0 1
1 7.63259e+07 0
632 0 0
0 0 1
1 7.61588e+07 0
633 0 0
0 0 1
1 7.59929e+07 0
634 0 0
0 0 1
1 7.58282e+07 0
635 0 0
0 0 1
1 7.56647e+07 0
636 0 0
0 0 1
1 7.55026e+07 0
637 0 0
0 0 1
1 7.53418e+07 0
638 0 0
0 0 1
1 7.51824e+07 0
639 0 0
0 0 1
1 7.50243e+07 0
640 0 0
0 0 1
1 7.48676e+07 0
641 0 0
0 0 1
1 7.47123e+07 0
642 0 0
0 0 1
1 7.45585e+07 0
643 0 0
0 0 1
1 7.4406e+07 0
644 0 0
0 0 1
1 7.42549e+07 0
645 0 0
0 0 1
1 7.41051e+07 0
646 0 0
0 0 1
1 7.39567e+07 0
647 0 0
0 0 1
1 7.38094e+07 0
648 0 0
0 0 1
1 7.36634e+07 0
649 0 0
0 0 1
1 7.35185e+07 0
650 0 0
0 0 1
1 7.33745e+07 0
651 0 0
0 0 1
1 7.32315e+07 0
652 0 0
0 0 1
1 7.30894e+07 0
653 0 0
0 0 1
1 7.29479e+07 0
654 0 0
0 0 1
1 7.2807e+07 0
655 0 0
0 0 1
1 7.26667e+07 0
656 0 0
0 0 1
1 7.25268e+07 0
657 0 0
0 0 1
1 7.23872e+07 0
658 0 0
0 0 1
1 7.22478e+07 0
659 0 0
0 0 1
1 7.21085e+07 0
660 0 0
0 0 1
1 7.19693e+07 0
661 0 0
0 0 1
1 7.18301e+07 0
662 0 0
0 0 1
1 7.16909e+07 0
663 0 0
0 0 1
1 7.15515e+07 0
664 0 0
0 0 1
1 7.14121e+07 0
665 0 0
0 0 1
1 7.12724e+07 0
666 0 0
0 0 1
1 7.11327e+07 0
667 0 0
0 0 1
1 7.09928e+07 0
668 0 0
0 0 1
1 7.08527e+07 0
669 0 0
0 0 1
1 7.07126e+07 0
670 0 0
0 0 1
1 7.05724e+07 0
671 0 0
0 0 1
1 7.04322e+07 0
672 0 0
0 0 1
1 7.02919e+07 0
673 0 0
0 0 1
1 7.01518e+07 0
674 0 0
0 0 1
1 7.00118e+07 0
675 0 0
0 0 1
1 6.9872e+07 0
676 0 0
0 0 1
1 6.97324e+07 0
677 0 0
0 0 1
1 6.95931e+07 0
678 0 0
0 0 1
1 6.94542e+07 0
679 0 0
0 0 1
1 6.93158e+07 0
680 0 0
0 0 1
1 6.91778e+07 0
681 0 0
0 0 1
1 6.90405e+07 0
682 0 0
0 0 1
1 6.89037e+07 0
683 0 0
0 0 1
1 6.87676e+07 0
684 0 0
0 0 1
1 6.86321e+07 0
685 0 0
0 0 1
1 6.84974e+07 0
686 0 0
0 0 1
1 6.83635e+07 0
687 0 0
0 0 1
1 6.82303e+07 0
688 0 0
0 0 1
1 6.80979e+07 0
689 0 0
0 0 1
1 6.79662e+07 0
690 0 0
0 0 1
1 6.78353e+07 0
691 0 0
0 0 1
1 6.7705e+07 0
692 0 0
0 0 1
1 6.75754e+07 0
693 0 0
0 0 1
1 6.74464e+07 0
694 0 0
0 0 1
1 6.7318e+07 0
695 0 0
0 0 1
1 6.719e+07 0
696 0 0
0 0 1
1 6.70624e+07 0
697 0 0
0 0 1
1 6.6935e+07 0
698 0 0
0 0 1
1 6.68079e+07 0
699 0 0
0 0 1
1 6.66808e+07 0
700 0 0
0 0 1
1 6.65537e+07 0
701 0 0
0 0 1
1 6.64266e+07 0
702 0 0
0 0 1
1 6.62992e+07 0
703 0 0
0 0 1
1 6.61715e+07 0
704 0 0
0 0 1
1 6.60435e+07 0
705 0 0
0 0 1
1 6.5915e+07 0
706 0 0
0 0 1
1 6.5786e+07 0
707 0 0
0 0 1
1 6.56564e+07 0
708 0 0
0 0 1
1 6.55262e+07 0
-1 0 0
