SIMFIT 1
1   223633806
2   223022454
3   222351683
4   221568583
5   220589799
6   219536779
7   218712200
8   218265111
9   218019563
10   217731132
11   217378257
12   217051227
13   216659642
14   215969939
15   214932333
16   213777601
17   212743033
18   211869854
19   211132112
20   210572214
21   210167417
22   209717953
23   209064699
24   208322475
25   207682792
26   207049636
27   206136370
28   204935886
29   203804131
30   202967135
31   202223544
32   201345066
33   200528514
34   200115286
35   199978750
36   199583703
37   198699863
38   197702358
39   197013168
40   196551514
41   195987279
42   195303639
43   194759400
44   194386233
45   193890491
46   193105067
47   192233290
48   191515710
49   190897609
50   190202741
51   189447628
52   188765698
53   188143268
54   187467297
55   186767297
56   186154785
57   185527703
58   184611313
59   183394013
60   182290868
61   181689257
62   181469662
63   181171774
64   180551473
65   179763176
66   179022759
67   178331393
68   177608388
69   176893443
70   176244141
71   175529194
72   174521700
73   173223964
74   171966906
75   171106814
76   170674381
77   170390495
78   170007965
79   169558700
80   169221397
81   168996184
82   168623273
83   167888589
84   166939791
85   166162761
86   165720220
87   165345883
88   164700608
89   163842446
90   163173398
91   162912757
92   162786904
93   162337779
94   161446136
95   160431333
96   159666826
97   159207629
98   158805919
99   158200337
100   157342864
101   156392021
102   155537890
103   154832990
104   154182784
105   153502672
106   152852521
107   152357176
108   151996490
109   151562194
110   150883813
111   150044286
112   149287747
113   148728945
114   148242540
115   147661162
116   146999681
117   146414607
118   145978667
119   145575824
120   145032449
121   144297688
122   143462272
123   142635566
124   141857588
125   141134111
126   140505523
127   140027900
128   139677343
129   139302145
130   138704381
131   137797200
132   136708750
133   135738348
134   135163454
135   135008333
136   134973770
137   134661635
138   133948034
139   133120933
140   132576836
141   132377509
142   132181378
143   131633818
144   130740338
145   129801930
146   129069658
147   128565595
148   128185620
149   127827744
150   127401018
151   126843669
152   126200978
153   125589112
154   125010481
155   124307457
156   123414447
157   122572078
158   122113975
159   122038874
160   121961414
161   121548827
162   120868841
163   120206938
164   119656868
165   119053309
166   118277539
167   117471371
168   116897754
169   116671010
170   116664725
171   116631425
172   116387859
173   115934267
174   115418935
175   114954659
176   114479830
177   113864938
178   113140067
179   112494238
180   112008446
181   111524411
182   110883271
183   110179933
184   109618727
185   109186861
186   108679840
187   108053021
188   107521168
189   107219332
190   106967769
191   106536656
192   105988994
193   105540829
194   105176578
195   104677160
196   104030239
197   103515640
198   103255600
199   102930768
200   102182375
201   101159894
202   100390972
203   100126586
204   100073448
205   99838733
206   99406997
207   99023624
208   98771337
209   98486503
210   98053932
211   97574556
212   97179735
213   96818291
214   96337578
215   95727267
216   95183455
217   94902394
218   94840731
219   94718489
220   94291131
221   93616936
222   93001153
223   92641165
224   92393937
225   91983216
226   91384548
227   90848562
228   90518955
229   90205332
230   89661831
231   88964549
232   88415629
233   88105029
234   87774685
235   87180280
236   86428775
237   85844662
238   85598654
239   85583680
240   85587626
241   85453048
242   85091016
243   84481031
244   83708544
245   82934286
246   82292161
247   81846425
248   81617456
249   81553443
250   81476069
251   81179603
252   80650135
253   80104223
254   79743526
255   79543951
256   79352029
257   79092627
258   78769369
259   78350615
260   77835672
261   77407483
262   77303947
263   77464169
264   77480279
265   77034235
266   76262974
267   75539824
268   74986496
269   74397321
270   73623824
271   72823829
272   72258334
273   71992625
274   71898729
275   71844796
276   71763589
277   71602402
278   71338425
279   71038597
280   70812622
281   70697733
282   70641761
283   70578315
284   70453130
285   70203540
286   69801394
287   69311365
288   68821132
289   68318870
290   67741548
291   67148167
292   66710000
293   66476628
294   66286970
295   66011831
296   65762744
297   65707836
298   65761413
299   65650857
300   65282268
301   64847867
302   64527577
303   64269615
304   63967907
305   63692508
306   63570281
307   63519384
308   63287911
309   62755830
310   62065080
311   61442030
312   61005453
313   60752290
314   60597129
315   60384224
316   59985254
317   59459913
318   59030590
319   58829383
320   58751874
321   58621100
322   58384378
323   58047638
324   57540545
325   56834107
326   56137502
327   55757436
328   55723161
329   55733501
330   55547249
331   55255653
332   55055773
333   54913844
334   54636467
335   54186857
336   53728081
337   53373550
338   53082952
339   52822836
340   52643381
341   52527721
342   52333153
343   52000545
344   51698108
345   51613106
346   51680423
347   51672892
348   51521747
349   51386963
350   51402042
351   51492751
352   51487898
353   51289765
354   50888235
355   50332496
356   49777731
357   49457003
358   49475169
359   49663066
360   49736109
361   49575000
362   49262401
363   48882733
364   48425897
365   47911017
366   47467386
367   47199343
368   47040137
369   46833609
370   46533536
371   46241987
372   46051476
373   45914113
374   45692773
375   45318429
376   44884089
377   44583511
378   44538550
379   44672861
380   44775914
381   44698937
382   44445107
383   44054869
384   43501407
385   42807038
386   42209000
387   42036184
