SIMFIT 1
1   306591606
2   305698678
3   304747102
4   303769369
5   302890579
6   302181368
7   301540587
8   300821634
9   300025333
10   299271828
11   298618011
12   298006095
13   297373603
14   296703339
15   295963231
16   295116758
17   294227781
18   293442748
19   292804615
20   292176678
21   291428609
22   290614766
23   289869285
24   289195017
25   288485743
26   287721194
27   286994278
28   286339962
29   285683396
30   284999876
31   284381642
32   283854864
33   283250414
34   282393389
35   281357409
36   280388547
37   279599328
38   278875702
39   278094228
40   277291584
41   276566796
42   275930441
43   275329993
44   274739292
45   274130352
46   273417919
47   272540830
48   271578621
49   270693154
50   269954160
51   269297963
52   268652784
53   268012465
54   267365936
55   266646565
56   265810676
57   264913254
58   264052925
59   263278401
60   262587398
61   261966895
62   261375474
63   260727957
64   259975659
65   259186045
66   258467627
67   257819310
68   257132566
69   256354473
70   255562580
71   254834464
72   254116702
73   253297561
74   252371338
75   251450856
76   250623537
77   249865124
78   249110630
79   248353239
80   247638951
81   246994340
82   246391151
83   245766744
84   245056686
85   244223603
86   243288844
87   242343359
88   241501275
89   240810733
90   240200263
91   239534018
92   238748793
93   237929412
94   237206315
95   236572410
96   235869649
97   235009791
98   234140826
99   233478187
100   232985946
101   232374996
102   231482115
103   230517228
104   229798736
105   229322342
106   228770803
107   227948531
108   227023801
109   226266967
110   225700571
111   225140945
112   224488285
113   223806138
114   223138193
115   222416089
116   221600099
117   220791231
118   220121350
119   219594597
120   219102562
121   218547566
122   217889755
123   217117171
124   216247647
125   215350385
126   214507699
127   213755650
128   213091618
129   212505253
130   211945471
131   211296371
132   210484049
133   209607807
134   208861377
135   208286685
136   207698807
137   206919754
138   206009700
139   205178198
140   204521305
141   203955765
142   203388746
143   202826492
144   202291026
145   201744863
146   201163962
147   200600406
148   200084864
149   199518904
150   198762833
151   197816440
152   196827423
153   195922704
154   195119067
155   194414379
156   193860736
157   193471538
158   193118765
159   192621839
160   191933896
161   191169230
162   190444810
163   189768606
164   189105783
165   188474268
166   187904829
167   187349087
168   186715873
169   186002120
170   185306942
171   184680112
172   184026194
173   183233769
174   182366638
175   181629212
176   181118466
177   180689963
178   180130264
179   179412903
180   178703642
181   178128484
182   177626888
183   177061272
184   176395169
185   175702544
186   175046246
187   174421352
188   173806326
189   173199387
190   172590320
191   171952448
192   171290181
193   170654340
194   170078391
195   169526790
196   168935823
197   168282744
198   167586175
199   166863316
200   166126713
201   165409335
202   164749030
203   164147191
204   163575685
205   163021285
206   162485404
207   161942026
208   161347042
209   160707436
210   160095138
211   159559582
212   159059326
213   158514739
214   157900499
215   157248783
216   156590064
217   155943173
218   155346314
219   154831274
220   154356436
221   153822333
222   153178802
223   152474036
224   151772909
225   151072748
226   150340490
227   149596436
228   148905553
229   148299758
230   147761428
231   147282930
232   146890341
233   146588034
234   146312430
235   145965798
236   145488871
237   144901123
238   144288334
239   143743900
240   143287595
241   142836334
242   142288922
243   141647280
244   141013356
245   140452215
246   139911334
247   139313716
248   138681370
249   138099861
250   137583210
251   137049181
252   136435608
253   135776834
254   135141132
255   134541637
256   133938099
257   133290153
258   132584642
259   131846611
260   131146700
261   130555254
262   130057304
263   129557970
264   129012894
265   128499164
266   128088132
267   127695279
268   127162652
269   126483951
270   125833228
271   125336484
272   124921482
273   124461510
274   123974365
275   123571030
276   123261540
277   122939136
278   122548636
279   122143006
280   121737094
281   121219848
282   120498053
283   119666364
284   118941959
285   118442643
286   118091380
287   117729401
288   117262370
289   116692061
290   116063931
291   115417350
292   114770681
293   114141189
294   113578441
295   113150991
296   112865091
297   112615653
298   112272160
299   111815142
300   111335175
301   110891042
302   110437476
303   109925949
304   109406280
305   108954783
306   108536404
307   108022079
308   107347456
309   106591352
310   105883822
311   105291168
312   104809961
313   104415641
314   104069670
315   103707608
316   103268633
317   102739941
318   102159286
319   101588797
320   101094457
321   100712254
322   100395376
323   100018747
324   99488335
325   98848677
326   98242983
327   97758718
328   97345422
329   96896052
330   96378153
331   95862425
332   95435931
333   95103529
334   94773507
335   94345990
336   93830190
337   93361519
338   93066787
339   92910759
340   92715471
341   92340926
342   91803500
343   91202500
344   90593788
345   89985870
346   89407017
347   88893631
348   88428532
349   87971156
350   87549883
351   87239304
352   87019465
353   86738518
354   86271629
355   85664052
356   85058760
357   84526129
358   84032594
359   83545647
360   83086482
361   82677223
362   82303715
363   81943585
364   81580013
365   81183548
366   80740106
367   80308821
368   79985303
369   79776274
370   79566185
371   79242238
372   78799918
373   78293246
374   77753146
375   77215783
376   76757548
377   76399209
378   76017995
379   75478391
380   74846430
381   74347161
382   74075792
383   73867677
384   73517684
385   73026157
386   72538047
387   72120946
388   71720450
389   71291446
390   70852529
391   70420405
392   69997635
393   69625829
394   69344004
395   69081529
396   68704803
397   68204254
398   67725960
399   67369492
400   67068854
401   66742545
402   66429571
403   66151958
404   65762681
405   65127834
406   64409363
407   63938481
408   63774156
409   63602012
410   63169662
411   62628534
412   62275218
413   62095044
414   61789431
415   61208585
416   60530559
417   59982771
418   59586027
419   59257934
420   59002027
421   58853778
422   58734015
423   58501021
424   58115228
425   57645875
426   57145193
427   56621428
428   56115018
429   55685388
430   55314646
431   54930140
432   54542162
433   54249506
434   54060838
435   53813634
436   53355926
437   52746059
438   52184737
439   51784086
440   51481256
441   51152978
442   50735348
443   50245028
444   49764253
445   49405981
446   49214941
447   49088179
448   48863770
449   48506416
450   48134199
451   47839664
452   47571563
453   47246519
454   46894936
455   46607375
456   46388352
457   46165708
458   45920488
459   45695251
460   45463814
461   45106402
462   44571402
463   43983422
464   43515988
465   43198050
466   42913139
467   42562919
468   42162315
469   41778502
470   41439267
471   41119628
472   40781751
473   40411918
474   40037977
475   39711589
476   39451763
477   39212407
478   38934325
479   38620920
480   38324857
481   38066500
482   37816547
483   37564883
