##TITLE= Parameter file, TopSpin 3.5 pl 6
##JCAMPDX= 5.0
##DATATYPE= Parameter Values
##NPOINTS= 8	$$ modification sequence number
##ORIGIN= Bruker BioSpin GmbH
##OWNER= nmrsu
$$ 2017-12-08 21:19:42.194 +0100  nmrsu@CZC7097TW4
$$ /opt/topspin3.5pl6/data/e3b/joachim/87Rb-CRN/52/pdata/1/clevels
$$ process /opt/topspin3.5pl6/prog/mod/dataserver
##$LEVELS= (0..255)
-15144470279.1991 -8413594599.55507 -4674219221.97504 -2596788456.6528
-1442660253.696 -801477918.72 -445265510.4 -247369728 247369728 445265510.4
801477918.72 1442660253.696 2596788456.6528 4674219221.97504 8413594599.55507
15144470279.1991 0 0 0 0 0 0 0 0 0 0 0 0 0 0 0 0 0 0 0 0 0 0 0 0 0 0 0
0 0 0 0 0 0 0 0 0 0 0 0 0 0 0 0 0 0 0 0 0 0 0 0 0 0 0 0 0 0 0 0 0 0 0 0
0 0 0 0 0 0 0 0 0 0 0 0 0 0 0 0 0 0 0 0 0 0 0 0 0 0 0 0 0 0 0 0 0 0 0 0
0 0 0 0 0 0 0 0 0 0 0 0 0 0 0 0 0 0 0 0 0 0 0 0 0 0 0 0 0 0 0 0 0 0 0 0
0 0 0 0 0 0 0 0 0 0 0 0 0 0 0 0 0 0 0 0 0 0 0 0 0 0 0 0 0 0 0 0 0 0 0 0
0 0 0 0 0 0 0 0 0 0 0 0 0 0 0 0 0 0 0 0 0 0 0 0 0 0 0 0 0 0 0 0 0 0 0 0
0 0 0 0 0 0 0 0 0 0 0 0 0 0 0 0 0 0 0 0 0 0 0 0 0 0 0 0 0 0 0 0 0
##$LEVSIGN= 3
##$MAXLEV= 8
##$METHOD= 0
##$NEGBASE= -247369728
##$NEGINCR= 1.8
##$POSBASE= 247369728
##$POSINCR= 1.8
##END=
