2404
1 0 0
0 0 1
1 3.81193e+08 0
2 0 0
0 0 1
1 3.80288e+08 0
3 0 0
0 0 1
1 3.79424e+08 0
4 0 0
0 0 1
1 3.78621e+08 0
5 0 0
0 0 1
1 3.77883e+08 0
6 0 0
0 0 1
1 3.7721e+08 0
7 0 0
0 0 1
1 3.76596e+08 0
8 0 0
0 0 1
1 3.76033e+08 0
9 0 0
0 0 1
1 3.75517e+08 0
10 0 0
0 0 1
1 3.75041e+08 0
11 0 0
0 0 1
1 3.74602e+08 0
12 0 0
0 0 1
1 3.74196e+08 0
13 0 0
0 0 1
1 3.73825e+08 0
14 0 0
0 0 1
1 3.73492e+08 0
15 0 0
0 0 1
1 3.73199e+08 0
16 0 0
0 0 1
1 3.72949e+08 0
17 0 0
0 0 1
1 3.72734e+08 0
18 0 0
0 0 1
1 3.72544e+08 0
19 0 0
0 0 1
1 3.72356e+08 0
20 0 0
0 0 1
1 3.72142e+08 0
21 0 0
0 0 1
1 3.7187e+08 0
22 0 0
0 0 1
1 3.71508e+08 0
23 0 0
0 0 1
1 3.71036e+08 0
24 0 0
0 0 1
1 3.70447e+08 0
25 0 0
0 0 1
1 3.69748e+08 0
26 0 0
0 0 1
1 3.68962e+08 0
27 0 0
0 0 1
1 3.68116e+08 0
28 0 0
0 0 1
1 3.67236e+08 0
29 0 0
0 0 1
1 3.66346e+08 0
30 0 0
0 0 1
1 3.65467e+08 0
31 0 0
0 0 1
1 3.64616e+08 0
32 0 0
0 0 1
1 3.63814e+08 0
33 0 0
0 0 1
1 3.63076e+08 0
34 0 0
0 0 1
1 3.62416e+08 0
35 0 0
0 0 1
1 3.61831e+08 0
36 0 0
0 0 1
1 3.6131e+08 0
37 0 0
0 0 1
1 3.60829e+08 0
38 0 0
0 0 1
1 3.60362e+08 0
39 0 0
0 0 1
1 3.59883e+08 0
40 0 0
0 0 1
1 3.59366e+08 0
41 0 0
0 0 1
1 3.5879e+08 0
42 0 0
0 0 1
1 3.58141e+08 0
43 0 0
0 0 1
1 3.57409e+08 0
44 0 0
0 0 1
1 3.56598e+08 0
45 0 0
0 0 1
1 3.55725e+08 0
46 0 0
0 0 1
1 3.54822e+08 0
47 0 0
0 0 1
1 3.5393e+08 0
48 0 0
0 0 1
1 3.5309e+08 0
49 0 0
0 0 1
1 3.52334e+08 0
50 0 0
0 0 1
1 3.51679e+08 0
51 0 0
0 0 1
1 3.51125e+08 0
52 0 0
0 0 1
1 3.50658e+08 0
53 0 0
0 0 1
1 3.50263e+08 0
54 0 0
0 0 1
1 3.49926e+08 0
55 0 0
0 0 1
1 3.49637e+08 0
56 0 0
0 0 1
1 3.49386e+08 0
57 0 0
0 0 1
1 3.49159e+08 0
58 0 0
0 0 1
1 3.48944e+08 0
59 0 0
0 0 1
1 3.4873e+08 0
60 0 0
0 0 1
1 3.48512e+08 0
61 0 0
0 0 1
1 3.48291e+08 0
62 0 0
0 0 1
1 3.48068e+08 0
63 0 0
0 0 1
1 3.47841e+08 0
64 0 0
0 0 1
1 3.47599e+08 0
65 0 0
0 0 1
1 3.47321e+08 0
66 0 0
0 0 1
1 3.46979e+08 0
67 0 0
0 0 1
1 3.46548e+08 0
68 0 0
0 0 1
1 3.46009e+08 0
69 0 0
0 0 1
1 3.4536e+08 0
70 0 0
0 0 1
1 3.44612e+08 0
71 0 0
0 0 1
1 3.4379e+08 0
72 0 0
0 0 1
1 3.42931e+08 0
73 0 0
0 0 1
1 3.42072e+08 0
74 0 0
0 0 1
1 3.41248e+08 0
75 0 0
0 0 1
1 3.40484e+08 0
76 0 0
0 0 1
1 3.39793e+08 0
77 0 0
0 0 1
1 3.39173e+08 0
78 0 0
0 0 1
1 3.38612e+08 0
79 0 0
0 0 1
1 3.38092e+08 0
80 0 0
0 0 1
1 3.37595e+08 0
81 0 0
0 0 1
1 3.37109e+08 0
82 0 0
0 0 1
1 3.36632e+08 0
83 0 0
0 0 1
1 3.36167e+08 0
84 0 0
0 0 1
1 3.3572e+08 0
85 0 0
0 0 1
1 3.35293e+08 0
86 0 0
0 0 1
1 3.34876e+08 0
87 0 0
0 0 1
1 3.34451e+08 0
88 0 0
0 0 1
1 3.33995e+08 0
89 0 0
0 0 1
1 3.33484e+08 0
90 0 0
0 0 1
1 3.32904e+08 0
91 0 0
0 0 1
1 3.32249e+08 0
92 0 0
0 0 1
1 3.31523e+08 0
93 0 0
0 0 1
1 3.30743e+08 0
94 0 0
0 0 1
1 3.2993e+08 0
95 0 0
0 0 1
1 3.29113e+08 0
96 0 0
0 0 1
1 3.28313e+08 0
97 0 0
0 0 1
1 3.27547e+08 0
98 0 0
0 0 1
1 3.26822e+08 0
99 0 0
0 0 1
1 3.2614e+08 0
100 0 0
0 0 1
1 3.255e+08 0
101 0 0
0 0 1
1 3.24906e+08 0
102 0 0
0 0 1
1 3.24368e+08 0
103 0 0
0 0 1
1 3.23894e+08 0
104 0 0
0 0 1
1 3.23486e+08 0
105 0 0
0 0 1
1 3.23137e+08 0
106 0 0
0 0 1
1 3.22829e+08 0
107 0 0
0 0 1
1 3.22542e+08 0
108 0 0
0 0 1
1 3.22252e+08 0
109 0 0
0 0 1
1 3.21943e+08 0
110 0 0
0 0 1
1 3.21603e+08 0
111 0 0
0 0 1
1 3.21226e+08 0
112 0 0
0 0 1
1 3.20807e+08 0
113 0 0
0 0 1
1 3.20344e+08 0
114 0 0
0 0 1
1 3.19833e+08 0
115 0 0
0 0 1
1 3.19275e+08 0
116 0 0
0 0 1
1 3.18674e+08 0
117 0 0
0 0 1
1 3.1804e+08 0
118 0 0
0 0 1
1 3.17385e+08 0
119 0 0
0 0 1
1 3.16721e+08 0
120 0 0
0 0 1
1 3.16053e+08 0
121 0 0
0 0 1
1 3.15386e+08 0
122 0 0
0 0 1
1 3.14725e+08 0
123 0 0
0 0 1
1 3.14076e+08 0
124 0 0
0 0 1
1 3.13449e+08 0
125 0 0
0 0 1
1 3.12852e+08 0
126 0 0
0 0 1
1 3.12296e+08 0
127 0 0
0 0 1
1 3.11783e+08 0
128 0 0
0 0 1
1 3.11319e+08 0
129 0 0
0 0 1
1 3.10903e+08 0
130 0 0
0 0 1
1 3.10536e+08 0
131 0 0
0 0 1
1 3.10211e+08 0
132 0 0
0 0 1
1 3.09918e+08 0
133 0 0
0 0 1
1 3.09637e+08 0
134 0 0
0 0 1
1 3.09341e+08 0
135 0 0
0 0 1
1 3.09001e+08 0
136 0 0
0 0 1
1 3.08591e+08 0
137 0 0
0 0 1
1 3.08089e+08 0
138 0 0
0 0 1
1 3.07486e+08 0
139 0 0
0 0 1
1 3.06787e+08 0
140 0 0
0 0 1
1 3.06012e+08 0
141 0 0
0 0 1
1 3.05194e+08 0
142 0 0
0 0 1
1 3.04375e+08 0
143 0 0
0 0 1
1 3.03595e+08 0
144 0 0
0 0 1
1 3.02882e+08 0
145 0 0
0 0 1
1 3.0225e+08 0
146 0 0
0 0 1
1 3.01693e+08 0
147 0 0
0 0 1
1 3.01196e+08 0
148 0 0
0 0 1
1 3.00733e+08 0
149 0 0
0 0 1
1 3.0028e+08 0
150 0 0
0 0 1
1 2.99816e+08 0
151 0 0
0 0 1
1 2.99325e+08 0
152 0 0
0 0 1
1 2.98793e+08 0
153 0 0
0 0 1
1 2.98212e+08 0
154 0 0
0 0 1
1 2.97576e+08 0
155 0 0
0 0 1
1 2.96882e+08 0
156 0 0
0 0 1
1 2.96131e+08 0
157 0 0
0 0 1
1 2.9533e+08 0
158 0 0
0 0 1
1 2.94489e+08 0
159 0 0
0 0 1
1 2.93625e+08 0
160 0 0
0 0 1
1 2.92761e+08 0
161 0 0
0 0 1
1 2.91919e+08 0
162 0 0
0 0 1
1 2.91117e+08 0
163 0 0
0 0 1
1 2.90369e+08 0
164 0 0
0 0 1
1 2.89675e+08 0
165 0 0
0 0 1
1 2.89026e+08 0
166 0 0
0 0 1
1 2.8841e+08 0
167 0 0
0 0 1
1 2.87811e+08 0
168 0 0
0 0 1
1 2.87218e+08 0
169 0 0
0 0 1
1 2.86623e+08 0
170 0 0
0 0 1
1 2.86024e+08 0
171 0 0
0 0 1
1 2.85417e+08 0
172 0 0
0 0 1
1 2.84802e+08 0
173 0 0
0 0 1
1 2.84176e+08 0
174 0 0
0 0 1
1 2.83536e+08 0
175 0 0
0 0 1
1 2.82882e+08 0
176 0 0
0 0 1
1 2.82214e+08 0
177 0 0
0 0 1
1 2.81536e+08 0
178 0 0
0 0 1
1 2.80857e+08 0
179 0 0
0 0 1
1 2.80188e+08 0
180 0 0
0 0 1
1 2.79535e+08 0
181 0 0
0 0 1
1 2.78903e+08 0
182 0 0
0 0 1
1 2.78293e+08 0
183 0 0
0 0 1
1 2.77697e+08 0
184 0 0
0 0 1
1 2.77111e+08 0
185 0 0
0 0 1
1 2.76527e+08 0
186 0 0
0 0 1
1 2.75941e+08 0
187 0 0
0 0 1
1 2.75348e+08 0
188 0 0
0 0 1
1 2.74747e+08 0
189 0 0
0 0 1
1 2.74136e+08 0
190 0 0
0 0 1
1 2.73519e+08 0
191 0 0
0 0 1
1 2.72909e+08 0
192 0 0
0 0 1
1 2.72324e+08 0
193 0 0
0 0 1
1 2.71785e+08 0
194 0 0
0 0 1
1 2.71304e+08 0
195 0 0
0 0 1
1 2.70885e+08 0
196 0 0
0 0 1
1 2.70514e+08 0
197 0 0
0 0 1
1 2.70174e+08 0
198 0 0
0 0 1
1 2.69848e+08 0
199 0 0
0 0 1
1 2.69528e+08 0
200 0 0
0 0 1
1 2.69219e+08 0
201 0 0
0 0 1
1 2.68934e+08 0
202 0 0
0 0 1
1 2.68686e+08 0
203 0 0
0 0 1
1 2.68483e+08 0
204 0 0
0 0 1
1 2.68319e+08 0
205 0 0
0 0 1
1 2.68178e+08 0
206 0 0
0 0 1
1 2.68043e+08 0
207 0 0
0 0 1
1 2.67893e+08 0
208 0 0
0 0 1
1 2.67717e+08 0
209 0 0
0 0 1
1 2.67504e+08 0
210 0 0
0 0 1
1 2.67249e+08 0
211 0 0
0 0 1
1 2.66955e+08 0
212 0 0
0 0 1
1 2.66628e+08 0
213 0 0
0 0 1
1 2.66281e+08 0
214 0 0
0 0 1
1 2.65931e+08 0
215 0 0
0 0 1
1 2.65592e+08 0
216 0 0
0 0 1
1 2.6527e+08 0
217 0 0
0 0 1
1 2.6496e+08 0
218 0 0
0 0 1
1 2.64647e+08 0
219 0 0
0 0 1
1 2.6431e+08 0
220 0 0
0 0 1
1 2.6393e+08 0
221 0 0
0 0 1
1 2.63493e+08 0
222 0 0
0 0 1
1 2.62996e+08 0
223 0 0
0 0 1
1 2.62439e+08 0
224 0 0
0 0 1
1 2.61823e+08 0
225 0 0
0 0 1
1 2.61146e+08 0
226 0 0
0 0 1
1 2.60406e+08 0
227 0 0
0 0 1
1 2.59602e+08 0
228 0 0
0 0 1
1 2.5874e+08 0
229 0 0
0 0 1
1 2.57839e+08 0
230 0 0
0 0 1
1 2.56926e+08 0
231 0 0
0 0 1
1 2.56032e+08 0
232 0 0
0 0 1
1 2.5519e+08 0
233 0 0
0 0 1
1 2.54427e+08 0
234 0 0
0 0 1
1 2.53759e+08 0
235 0 0
0 0 1
1 2.53188e+08 0
236 0 0
0 0 1
1 2.52702e+08 0
237 0 0
0 0 1
1 2.52284e+08 0
238 0 0
0 0 1
1 2.51912e+08 0
239 0 0
0 0 1
1 2.5157e+08 0
240 0 0
0 0 1
1 2.51245e+08 0
241 0 0
0 0 1
1 2.50929e+08 0
242 0 0
0 0 1
1 2.50614e+08 0
243 0 0
0 0 1
1 2.50294e+08 0
244 0 0
0 0 1
1 2.49967e+08 0
245 0 0
0 0 1
1 2.49636e+08 0
246 0 0
0 0 1
1 2.4931e+08 0
247 0 0
0 0 1
1 2.48999e+08 0
248 0 0
0 0 1
1 2.48707e+08 0
249 0 0
0 0 1
1 2.48433e+08 0
250 0 0
0 0 1
1 2.48169e+08 0
251 0 0
0 0 1
1 2.47907e+08 0
252 0 0
0 0 1
1 2.47636e+08 0
253 0 0
0 0 1
1 2.4735e+08 0
254 0 0
0 0 1
1 2.47044e+08 0
255 0 0
0 0 1
1 2.46713e+08 0
256 0 0
0 0 1
1 2.46352e+08 0
257 0 0
0 0 1
1 2.45949e+08 0
258 0 0
0 0 1
1 2.45485e+08 0
259 0 0
0 0 1
1 2.44937e+08 0
260 0 0
0 0 1
1 2.44286e+08 0
261 0 0
0 0 1
1 2.43522e+08 0
262 0 0
0 0 1
1 2.42651e+08 0
263 0 0
0 0 1
1 2.41696e+08 0
264 0 0
0 0 1
1 2.40693e+08 0
265 0 0
0 0 1
1 2.39681e+08 0
266 0 0
0 0 1
1 2.38694e+08 0
267 0 0
0 0 1
1 2.37756e+08 0
268 0 0
0 0 1
1 2.36882e+08 0
269 0 0
0 0 1
1 2.3608e+08 0
270 0 0
0 0 1
1 2.35354e+08 0
271 0 0
0 0 1
1 2.34705e+08 0
272 0 0
0 0 1
1 2.3413e+08 0
273 0 0
0 0 1
1 2.33622e+08 0
274 0 0
0 0 1
1 2.33168e+08 0
275 0 0
0 0 1
1 2.32758e+08 0
276 0 0
0 0 1
1 2.32378e+08 0
277 0 0
0 0 1
1 2.32018e+08 0
278 0 0
0 0 1
1 2.31667e+08 0
279 0 0
0 0 1
1 2.31316e+08 0
280 0 0
0 0 1
1 2.30954e+08 0
281 0 0
0 0 1
1 2.3057e+08 0
282 0 0
0 0 1
1 2.30158e+08 0
283 0 0
0 0 1
1 2.29713e+08 0
284 0 0
0 0 1
1 2.29239e+08 0
285 0 0
0 0 1
1 2.28743e+08 0
286 0 0
0 0 1
1 2.28235e+08 0
287 0 0
0 0 1
1 2.27722e+08 0
288 0 0
0 0 1
1 2.27208e+08 0
289 0 0
0 0 1
1 2.2669e+08 0
290 0 0
0 0 1
1 2.26155e+08 0
291 0 0
0 0 1
1 2.25586e+08 0
292 0 0
0 0 1
1 2.24968e+08 0
293 0 0
0 0 1
1 2.24287e+08 0
294 0 0
0 0 1
1 2.23546e+08 0
295 0 0
0 0 1
1 2.22757e+08 0
296 0 0
0 0 1
1 2.21947e+08 0
297 0 0
0 0 1
1 2.21144e+08 0
298 0 0
0 0 1
1 2.20379e+08 0
299 0 0
0 0 1
1 2.19671e+08 0
300 0 0
0 0 1
1 2.19033e+08 0
301 0 0
0 0 1
1 2.18466e+08 0
302 0 0
0 0 1
1 2.17961e+08 0
303 0 0
0 0 1
1 2.17507e+08 0
304 0 0
0 0 1
1 2.17087e+08 0
305 0 0
0 0 1
1 2.16684e+08 0
306 0 0
0 0 1
1 2.16281e+08 0
307 0 0
0 0 1
1 2.1586e+08 0
308 0 0
0 0 1
1 2.15414e+08 0
309 0 0
0 0 1
1 2.1494e+08 0
310 0 0
0 0 1
1 2.14444e+08 0
311 0 0
0 0 1
1 2.13942e+08 0
312 0 0
0 0 1
1 2.13451e+08 0
313 0 0
0 0 1
1 2.12993e+08 0
314 0 0
0 0 1
1 2.12585e+08 0
315 0 0
0 0 1
1 2.12243e+08 0
316 0 0
0 0 1
1 2.11974e+08 0
317 0 0
0 0 1
1 2.11775e+08 0
318 0 0
0 0 1
1 2.11638e+08 0
319 0 0
0 0 1
1 2.11549e+08 0
320 0 0
0 0 1
1 2.11487e+08 0
321 0 0
0 0 1
1 2.11428e+08 0
322 0 0
0 0 1
1 2.11349e+08 0
323 0 0
0 0 1
1 2.11227e+08 0
324 0 0
0 0 1
1 2.11044e+08 0
325 0 0
0 0 1
1 2.10794e+08 0
326 0 0
0 0 1
1 2.10477e+08 0
327 0 0
0 0 1
1 2.10105e+08 0
328 0 0
0 0 1
1 2.09695e+08 0
329 0 0
0 0 1
1 2.09264e+08 0
330 0 0
0 0 1
1 2.08831e+08 0
331 0 0
0 0 1
1 2.08405e+08 0
332 0 0
0 0 1
1 2.07989e+08 0
333 0 0
0 0 1
1 2.07579e+08 0
334 0 0
0 0 1
1 2.07166e+08 0
335 0 0
0 0 1
1 2.06739e+08 0
336 0 0
0 0 1
1 2.06295e+08 0
337 0 0
0 0 1
1 2.05832e+08 0
338 0 0
0 0 1
1 2.05349e+08 0
339 0 0
0 0 1
1 2.04846e+08 0
340 0 0
0 0 1
1 2.04318e+08 0
341 0 0
0 0 1
1 2.0376e+08 0
342 0 0
0 0 1
1 2.03173e+08 0
343 0 0
0 0 1
1 2.02559e+08 0
344 0 0
0 0 1
1 2.01924e+08 0
345 0 0
0 0 1
1 2.01276e+08 0
346 0 0
0 0 1
1 2.00621e+08 0
347 0 0
0 0 1
1 1.99965e+08 0
348 0 0
0 0 1
1 1.99315e+08 0
349 0 0
0 0 1
1 1.98677e+08 0
350 0 0
0 0 1
1 1.98058e+08 0
351 0 0
0 0 1
1 1.97462e+08 0
352 0 0
0 0 1
1 1.96895e+08 0
353 0 0
0 0 1
1 1.96357e+08 0
354 0 0
0 0 1
1 1.95847e+08 0
355 0 0
0 0 1
1 1.95358e+08 0
356 0 0
0 0 1
1 1.94884e+08 0
357 0 0
0 0 1
1 1.9442e+08 0
358 0 0
0 0 1
1 1.9396e+08 0
359 0 0
0 0 1
1 1.935e+08 0
360 0 0
0 0 1
1 1.9304e+08 0
361 0 0
0 0 1
1 1.92578e+08 0
362 0 0
0 0 1
1 1.92119e+08 0
363 0 0
0 0 1
1 1.91672e+08 0
364 0 0
0 0 1
1 1.91248e+08 0
365 0 0
0 0 1
1 1.90864e+08 0
366 0 0
0 0 1
1 1.90529e+08 0
367 0 0
0 0 1
1 1.90255e+08 0
368 0 0
0 0 1
1 1.90041e+08 0
369 0 0
0 0 1
1 1.89884e+08 0
370 0 0
0 0 1
1 1.89772e+08 0
371 0 0
0 0 1
1 1.89683e+08 0
372 0 0
0 0 1
1 1.89593e+08 0
373 0 0
0 0 1
1 1.89479e+08 0
374 0 0
0 0 1
1 1.89319e+08 0
375 0 0
0 0 1
1 1.89101e+08 0
376 0 0
0 0 1
1 1.88816e+08 0
377 0 0
0 0 1
1 1.88464e+08 0
378 0 0
0 0 1
1 1.88047e+08 0
379 0 0
0 0 1
1 1.87574e+08 0
380 0 0
0 0 1
1 1.87057e+08 0
381 0 0
0 0 1
1 1.86511e+08 0
382 0 0
0 0 1
1 1.85949e+08 0
383 0 0
0 0 1
1 1.85377e+08 0
384 0 0
0 0 1
1 1.84796e+08 0
385 0 0
0 0 1
1 1.84204e+08 0
386 0 0
0 0 1
1 1.83595e+08 0
387 0 0
0 0 1
1 1.82967e+08 0
388 0 0
0 0 1
1 1.82323e+08 0
389 0 0
0 0 1
1 1.8167e+08 0
390 0 0
0 0 1
1 1.8102e+08 0
391 0 0
0 0 1
1 1.80386e+08 0
392 0 0
0 0 1
1 1.7978e+08 0
393 0 0
0 0 1
1 1.79209e+08 0
394 0 0
0 0 1
1 1.78673e+08 0
395 0 0
0 0 1
1 1.78167e+08 0
396 0 0
0 0 1
1 1.77685e+08 0
397 0 0
0 0 1
1 1.77216e+08 0
398 0 0
0 0 1
1 1.76753e+08 0
399 0 0
0 0 1
1 1.76286e+08 0
400 0 0
0 0 1
1 1.75804e+08 0
401 0 0
0 0 1
1 1.75293e+08 0
402 0 0
0 0 1
1 1.74741e+08 0
403 0 0
0 0 1
1 1.74138e+08 0
404 0 0
0 0 1
1 1.73483e+08 0
405 0 0
0 0 1
1 1.7279e+08 0
406 0 0
0 0 1
1 1.72081e+08 0
407 0 0
0 0 1
1 1.71385e+08 0
408 0 0
0 0 1
1 1.70732e+08 0
409 0 0
0 0 1
1 1.70144e+08 0
410 0 0
0 0 1
1 1.69635e+08 0
411 0 0
0 0 1
1 1.69212e+08 0
412 0 0
0 0 1
1 1.68869e+08 0
413 0 0
0 0 1
1 1.68595e+08 0
414 0 0
0 0 1
1 1.6837e+08 0
415 0 0
0 0 1
1 1.68172e+08 0
416 0 0
0 0 1
1 1.67981e+08 0
417 0 0
0 0 1
1 1.67788e+08 0
418 0 0
0 0 1
1 1.67593e+08 0
419 0 0
0 0 1
1 1.67407e+08 0
420 0 0
0 0 1
1 1.6724e+08 0
421 0 0
0 0 1
1 1.67096e+08 0
422 0 0
0 0 1
1 1.66967e+08 0
423 0 0
0 0 1
1 1.66835e+08 0
424 0 0
0 0 1
1 1.66678e+08 0
425 0 0
0 0 1
1 1.66474e+08 0
426 0 0
0 0 1
1 1.66216e+08 0
427 0 0
0 0 1
1 1.65906e+08 0
428 0 0
0 0 1
1 1.65558e+08 0
429 0 0
0 0 1
1 1.65192e+08 0
430 0 0
0 0 1
1 1.64825e+08 0
431 0 0
0 0 1
1 1.64469e+08 0
432 0 0
0 0 1
1 1.64128e+08 0
433 0 0
0 0 1
1 1.63802e+08 0
434 0 0
0 0 1
1 1.63487e+08 0
435 0 0
0 0 1
1 1.6318e+08 0
436 0 0
0 0 1
1 1.6288e+08 0
437 0 0
0 0 1
1 1.6259e+08 0
438 0 0
0 0 1
1 1.62315e+08 0
439 0 0
0 0 1
1 1.62059e+08 0
440 0 0
0 0 1
1 1.61825e+08 0
441 0 0
0 0 1
1 1.61612e+08 0
442 0 0
0 0 1
1 1.61412e+08 0
443 0 0
0 0 1
1 1.61218e+08 0
444 0 0
0 0 1
1 1.61019e+08 0
445 0 0
0 0 1
1 1.60799e+08 0
446 0 0
0 0 1
1 1.60542e+08 0
447 0 0
0 0 1
1 1.60232e+08 0
448 0 0
0 0 1
1 1.59851e+08 0
449 0 0
0 0 1
1 1.59385e+08 0
450 0 0
0 0 1
1 1.58822e+08 0
451 0 0
0 0 1
1 1.58162e+08 0
452 0 0
0 0 1
1 1.57415e+08 0
453 0 0
0 0 1
1 1.56606e+08 0
454 0 0
0 0 1
1 1.55768e+08 0
455 0 0
0 0 1
1 1.54942e+08 0
456 0 0
0 0 1
1 1.54163e+08 0
457 0 0
0 0 1
1 1.53456e+08 0
458 0 0
0 0 1
1 1.52834e+08 0
459 0 0
0 0 1
1 1.52297e+08 0
460 0 0
0 0 1
1 1.51839e+08 0
461 0 0
0 0 1
1 1.51449e+08 0
462 0 0
0 0 1
1 1.51116e+08 0
463 0 0
0 0 1
1 1.50831e+08 0
464 0 0
0 0 1
1 1.50585e+08 0
465 0 0
0 0 1
1 1.50361e+08 0
466 0 0
0 0 1
1 1.50143e+08 0
467 0 0
0 0 1
1 1.4991e+08 0
468 0 0
0 0 1
1 1.49646e+08 0
469 0 0
0 0 1
1 1.49346e+08 0
470 0 0
0 0 1
1 1.49022e+08 0
471 0 0
0 0 1
1 1.48692e+08 0
472 0 0
0 0 1
1 1.48381e+08 0
473 0 0
0 0 1
1 1.48108e+08 0
474 0 0
0 0 1
1 1.47881e+08 0
475 0 0
0 0 1
1 1.47696e+08 0
476 0 0
0 0 1
1 1.4754e+08 0
477 0 0
0 0 1
1 1.47395e+08 0
478 0 0
0 0 1
1 1.4725e+08 0
479 0 0
0 0 1
1 1.47095e+08 0
480 0 0
0 0 1
1 1.46931e+08 0
481 0 0
0 0 1
1 1.46759e+08 0
482 0 0
0 0 1
1 1.46581e+08 0
483 0 0
0 0 1
1 1.46394e+08 0
484 0 0
0 0 1
1 1.46191e+08 0
485 0 0
0 0 1
1 1.45964e+08 0
486 0 0
0 0 1
1 1.45704e+08 0
487 0 0
0 0 1
1 1.4541e+08 0
488 0 0
0 0 1
1 1.4508e+08 0
489 0 0
0 0 1
1 1.44712e+08 0
490 0 0
0 0 1
1 1.44299e+08 0
491 0 0
0 0 1
1 1.4383e+08 0
492 0 0
0 0 1
1 1.43292e+08 0
493 0 0
0 0 1
1 1.42683e+08 0
494 0 0
0 0 1
1 1.42009e+08 0
495 0 0
0 0 1
1 1.4129e+08 0
496 0 0
0 0 1
1 1.40553e+08 0
497 0 0
0 0 1
1 1.39828e+08 0
498 0 0
0 0 1
1 1.39137e+08 0
499 0 0
0 0 1
1 1.38493e+08 0
500 0 0
0 0 1
1 1.37896e+08 0
501 0 0
0 0 1
1 1.37335e+08 0
502 0 0
0 0 1
1 1.36791e+08 0
503 0 0
0 0 1
1 1.36242e+08 0
504 0 0
0 0 1
1 1.35672e+08 0
505 0 0
0 0 1
1 1.3507e+08 0
506 0 0
0 0 1
1 1.34439e+08 0
507 0 0
0 0 1
1 1.33794e+08 0
508 0 0
0 0 1
1 1.33158e+08 0
509 0 0
0 0 1
1 1.32556e+08 0
510 0 0
0 0 1
1 1.32012e+08 0
511 0 0
0 0 1
1 1.31539e+08 0
512 0 0
0 0 1
1 1.31139e+08 0
513 0 0
0 0 1
1 1.30802e+08 0
514 0 0
0 0 1
1 1.30511e+08 0
515 0 0
0 0 1
1 1.30243e+08 0
516 0 0
0 0 1
1 1.29978e+08 0
517 0 0
0 0 1
1 1.29701e+08 0
518 0 0
0 0 1
1 1.294e+08 0
519 0 0
0 0 1
1 1.29071e+08 0
520 0 0
0 0 1
1 1.28711e+08 0
521 0 0
0 0 1
1 1.28323e+08 0
522 0 0
0 0 1
1 1.27914e+08 0
523 0 0
0 0 1
1 1.2749e+08 0
524 0 0
0 0 1
1 1.27058e+08 0
525 0 0
0 0 1
1 1.26623e+08 0
526 0 0
0 0 1
1 1.26186e+08 0
527 0 0
0 0 1
1 1.25747e+08 0
528 0 0
0 0 1
1 1.25303e+08 0
529 0 0
0 0 1
1 1.24858e+08 0
530 0 0
0 0 1
1 1.24417e+08 0
531 0 0
0 0 1
1 1.23989e+08 0
532 0 0
0 0 1
1 1.23586e+08 0
533 0 0
0 0 1
1 1.23214e+08 0
534 0 0
0 0 1
1 1.22877e+08 0
535 0 0
0 0 1
1 1.22571e+08 0
536 0 0
0 0 1
1 1.22287e+08 0
537 0 0
0 0 1
1 1.22016e+08 0
538 0 0
0 0 1
1 1.21755e+08 0
539 0 0
0 0 1
1 1.21506e+08 0
540 0 0
0 0 1
1 1.21276e+08 0
541 0 0
0 0 1
1 1.21074e+08 0
542 0 0
0 0 1
1 1.20908e+08 0
543 0 0
0 0 1
1 1.20785e+08 0
544 0 0
0 0 1
1 1.20708e+08 0
545 0 0
0 0 1
1 1.20679e+08 0
546 0 0
0 0 1
1 1.20694e+08 0
547 0 0
0 0 1
1 1.20748e+08 0
548 0 0
0 0 1
1 1.20831e+08 0
549 0 0
0 0 1
1 1.20942e+08 0
550 0 0
0 0 1
1 1.21079e+08 0
551 0 0
0 0 1
1 1.21246e+08 0
552 0 0
0 0 1
1 1.21444e+08 0
553 0 0
0 0 1
1 1.21671e+08 0
554 0 0
0 0 1
1 1.21915e+08 0
555 0 0
0 0 1
1 1.2216e+08 0
556 0 0
0 0 1
1 1.22385e+08 0
557 0 0
0 0 1
1 1.2257e+08 0
558 0 0
0 0 1
1 1.22701e+08 0
559 0 0
0 0 1
1 1.22768e+08 0
560 0 0
0 0 1
1 1.22767e+08 0
561 0 0
0 0 1
1 1.22696e+08 0
562 0 0
0 0 1
1 1.22551e+08 0
563 0 0
0 0 1
1 1.22329e+08 0
564 0 0
0 0 1
1 1.22026e+08 0
565 0 0
0 0 1
1 1.21644e+08 0
566 0 0
0 0 1
1 1.21187e+08 0
567 0 0
0 0 1
1 1.20665e+08 0
568 0 0
0 0 1
1 1.20096e+08 0
569 0 0
0 0 1
1 1.19499e+08 0
570 0 0
0 0 1
1 1.18895e+08 0
571 0 0
0 0 1
1 1.18294e+08 0
572 0 0
0 0 1
1 1.17703e+08 0
573 0 0
0 0 1
1 1.1712e+08 0
574 0 0
0 0 1
1 1.16549e+08 0
575 0 0
0 0 1
1 1.15999e+08 0
576 0 0
0 0 1
1 1.15486e+08 0
577 0 0
0 0 1
1 1.15028e+08 0
578 0 0
0 0 1
1 1.14643e+08 0
579 0 0
0 0 1
1 1.14343e+08 0
580 0 0
0 0 1
1 1.14126e+08 0
581 0 0
0 0 1
1 1.13981e+08 0
582 0 0
0 0 1
1 1.13888e+08 0
583 0 0
0 0 1
1 1.13822e+08 0
584 0 0
0 0 1
1 1.13757e+08 0
585 0 0
0 0 1
1 1.13669e+08 0
586 0 0
0 0 1
1 1.13541e+08 0
587 0 0
0 0 1
1 1.13365e+08 0
588 0 0
0 0 1
1 1.13142e+08 0
589 0 0
0 0 1
1 1.12879e+08 0
590 0 0
0 0 1
1 1.12586e+08 0
591 0 0
0 0 1
1 1.12271e+08 0
592 0 0
0 0 1
1 1.11939e+08 0
593 0 0
0 0 1
1 1.11595e+08 0
594 0 0
0 0 1
1 1.11245e+08 0
595 0 0
0 0 1
1 1.10897e+08 0
596 0 0
0 0 1
1 1.10555e+08 0
597 0 0
0 0 1
1 1.10223e+08 0
598 0 0
0 0 1
1 1.09897e+08 0
599 0 0
0 0 1
1 1.09567e+08 0
600 0 0
0 0 1
1 1.09221e+08 0
601 0 0
0 0 1
1 1.08848e+08 0
602 0 0
0 0 1
1 1.08448e+08 0
603 0 0
0 0 1
1 1.08028e+08 0
604 0 0
0 0 1
1 1.07603e+08 0
605 0 0
0 0 1
1 1.07189e+08 0
606 0 0
0 0 1
1 1.06802e+08 0
607 0 0
0 0 1
1 1.06448e+08 0
608 0 0
0 0 1
1 1.06127e+08 0
609 0 0
0 0 1
1 1.0583e+08 0
610 0 0
0 0 1
1 1.05541e+08 0
611 0 0
0 0 1
1 1.05246e+08 0
612 0 0
0 0 1
1 1.0493e+08 0
613 0 0
0 0 1
1 1.04586e+08 0
614 0 0
0 0 1
1 1.04211e+08 0
615 0 0
0 0 1
1 1.03809e+08 0
616 0 0
0 0 1
1 1.0339e+08 0
617 0 0
0 0 1
1 1.02969e+08 0
618 0 0
0 0 1
1 1.02569e+08 0
619 0 0
0 0 1
1 1.02209e+08 0
620 0 0
0 0 1
1 1.01905e+08 0
621 0 0
0 0 1
1 1.0166e+08 0
622 0 0
0 0 1
1 1.01466e+08 0
623 0 0
0 0 1
1 1.01306e+08 0
624 0 0
0 0 1
1 1.01154e+08 0
625 0 0
0 0 1
1 1.00984e+08 0
626 0 0
0 0 1
1 1.00779e+08 0
627 0 0
0 0 1
1 1.00525e+08 0
628 0 0
0 0 1
1 1.00223e+08 0
629 0 0
0 0 1
1 9.98791e+07 0
630 0 0
0 0 1
1 9.95046e+07 0
631 0 0
0 0 1
1 9.91116e+07 0
632 0 0
0 0 1
1 9.87127e+07 0
633 0 0
0 0 1
1 9.832e+07 0
634 0 0
0 0 1
1 9.79431e+07 0
635 0 0
0 0 1
1 9.75877e+07 0
636 0 0
0 0 1
1 9.72531e+07 0
637 0 0
0 0 1
1 9.69339e+07 0
638 0 0
0 0 1
1 9.66229e+07 0
639 0 0
0 0 1
1 9.63146e+07 0
640 0 0
0 0 1
1 9.60078e+07 0
641 0 0
0 0 1
1 9.57063e+07 0
642 0 0
0 0 1
1 9.54176e+07 0
643 0 0
0 0 1
1 9.51497e+07 0
644 0 0
0 0 1
1 9.49081e+07 0
645 0 0
0 0 1
1 9.46922e+07 0
646 0 0
0 0 1
1 9.44935e+07 0
647 0 0
0 0 1
1 9.42971e+07 0
648 0 0
0 0 1
1 9.40854e+07 0
649 0 0
0 0 1
1 9.3843e+07 0
650 0 0
0 0 1
1 9.35602e+07 0
651 0 0
0 0 1
1 9.32336e+07 0
652 0 0
0 0 1
1 9.28644e+07 0
653 0 0
0 0 1
1 9.24563e+07 0
654 0 0
0 0 1
1 9.20131e+07 0
655 0 0
0 0 1
1 9.15385e+07 0
656 0 0
0 0 1
1 9.10361e+07 0
657 0 0
0 0 1
1 9.05107e+07 0
658 0 0
0 0 1
1 8.99688e+07 0
659 0 0
0 0 1
1 8.94182e+07 0
660 0 0
0 0 1
1 8.88682e+07 0
661 0 0
0 0 1
1 8.83277e+07 0
662 0 0
0 0 1
1 8.78044e+07 0
663 0 0
0 0 1
1 8.73025e+07 0
664 0 0
0 0 1
1 8.68222e+07 0
665 0 0
0 0 1
1 8.636e+07 0
666 0 0
0 0 1
1 8.591e+07 0
667 0 0
0 0 1
1 8.54655e+07 0
668 0 0
0 0 1
1 8.50209e+07 0
669 0 0
0 0 1
1 8.45724e+07 0
670 0 0
0 0 1
1 8.41186e+07 0
671 0 0
0 0 1
1 8.36613e+07 0
672 0 0
0 0 1
1 8.32054e+07 0
673 0 0
0 0 1
1 8.27595e+07 0
674 0 0
0 0 1
1 8.23334e+07 0
675 0 0
0 0 1
1 8.19352e+07 0
676 0 0
0 0 1
1 8.1566e+07 0
677 0 0
0 0 1
1 8.12167e+07 0
678 0 0
0 0 1
1 8.08703e+07 0
679 0 0
0 0 1
1 8.05066e+07 0
680 0 0
0 0 1
1 8.01093e+07 0
681 0 0
0 0 1
1 7.96701e+07 0
682 0 0
0 0 1
1 7.919e+07 0
683 0 0
0 0 1
1 7.86784e+07 0
684 0 0
0 0 1
1 7.81502e+07 0
685 0 0
0 0 1
1 7.76242e+07 0
686 0 0
0 0 1
1 7.71196e+07 0
687 0 0
0 0 1
1 7.66543e+07 0
688 0 0
0 0 1
1 7.62442e+07 0
689 0 0
0 0 1
1 7.59031e+07 0
690 0 0
0 0 1
1 7.5644e+07 0
691 0 0
0 0 1
1 7.54784e+07 0
692 0 0
0 0 1
1 7.54135e+07 0
693 0 0
0 0 1
1 7.54494e+07 0
694 0 0
0 0 1
1 7.55762e+07 0
695 0 0
0 0 1
1 7.57747e+07 0
696 0 0
0 0 1
1 7.60189e+07 0
697 0 0
0 0 1
1 7.62817e+07 0
698 0 0
0 0 1
1 7.65402e+07 0
699 0 0
0 0 1
1 7.67794e+07 0
700 0 0
0 0 1
1 7.69942e+07 0
701 0 0
0 0 1
1 7.71882e+07 0
702 0 0
0 0 1
1 7.73725e+07 0
703 0 0
0 0 1
1 7.75621e+07 0
704 0 0
0 0 1
1 7.77731e+07 0
705 0 0
0 0 1
1 7.8018e+07 0
706 0 0
0 0 1
1 7.83022e+07 0
707 0 0
0 0 1
1 7.8621e+07 0
708 0 0
0 0 1
1 7.89587e+07 0
709 0 0
0 0 1
1 7.92899e+07 0
710 0 0
0 0 1
1 7.95824e+07 0
711 0 0
0 0 1
1 7.98011e+07 0
712 0 0
0 0 1
1 7.99138e+07 0
713 0 0
0 0 1
1 7.98971e+07 0
714 0 0
0 0 1
1 7.9739e+07 0
715 0 0
0 0 1
1 7.94403e+07 0
716 0 0
0 0 1
1 7.90114e+07 0
717 0 0
0 0 1
1 7.84688e+07 0
718 0 0
0 0 1
1 7.78325e+07 0
719 0 0
0 0 1
1 7.71258e+07 0
720 0 0
0 0 1
1 7.63754e+07 0
721 0 0
0 0 1
1 7.56123e+07 0
722 0 0
0 0 1
1 7.48691e+07 0
723 0 0
0 0 1
1 7.41775e+07 0
724 0 0
0 0 1
1 7.3563e+07 0
725 0 0
0 0 1
1 7.30416e+07 0
726 0 0
0 0 1
1 7.26172e+07 0
727 0 0
0 0 1
1 7.2282e+07 0
728 0 0
0 0 1
1 7.20182e+07 0
729 0 0
0 0 1
1 7.1801e+07 0
730 0 0
0 0 1
1 7.1604e+07 0
731 0 0
0 0 1
1 7.14044e+07 0
732 0 0
0 0 1
1 7.11884e+07 0
733 0 0
0 0 1
1 7.09527e+07 0
734 0 0
0 0 1
1 7.07024e+07 0
735 0 0
0 0 1
1 7.04446e+07 0
736 0 0
0 0 1
1 7.01831e+07 0
737 0 0
0 0 1
1 6.99149e+07 0
738 0 0
0 0 1
1 6.96317e+07 0
739 0 0
0 0 1
1 6.93239e+07 0
740 0 0
0 0 1
1 6.89858e+07 0
741 0 0
0 0 1
1 6.86192e+07 0
742 0 0
0 0 1
1 6.82336e+07 0
743 0 0
0 0 1
1 6.78429e+07 0
744 0 0
0 0 1
1 6.74609e+07 0
745 0 0
0 0 1
1 6.70968e+07 0
746 0 0
0 0 1
1 6.67541e+07 0
747 0 0
0 0 1
1 6.64306e+07 0
748 0 0
0 0 1
1 6.61215e+07 0
749 0 0
0 0 1
1 6.58216e+07 0
750 0 0
0 0 1
1 6.55278e+07 0
751 0 0
0 0 1
1 6.52407e+07 0
752 0 0
0 0 1
1 6.49653e+07 0
753 0 0
0 0 1
1 6.47105e+07 0
754 0 0
0 0 1
1 6.44877e+07 0
755 0 0
0 0 1
1 6.43081e+07 0
756 0 0
0 0 1
1 6.41806e+07 0
757 0 0
0 0 1
1 6.41093e+07 0
758 0 0
0 0 1
1 6.40929e+07 0
759 0 0
0 0 1
1 6.41262e+07 0
760 0 0
0 0 1
1 6.42015e+07 0
761 0 0
0 0 1
1 6.43113e+07 0
762 0 0
0 0 1
1 6.44488e+07 0
763 0 0
0 0 1
1 6.46075e+07 0
764 0 0
0 0 1
1 6.47788e+07 0
765 0 0
0 0 1
1 6.49498e+07 0
766 0 0
0 0 1
1 6.51025e+07 0
767 0 0
0 0 1
1 6.52167e+07 0
768 0 0
0 0 1
1 6.52751e+07 0
769 0 0
0 0 1
1 6.5268e+07 0
770 0 0
0 0 1
1 6.51963e+07 0
771 0 0
0 0 1
1 6.50705e+07 0
772 0 0
0 0 1
1 6.49065e+07 0
773 0 0
0 0 1
1 6.47198e+07 0
774 0 0
0 0 1
1 6.45206e+07 0
775 0 0
0 0 1
1 6.43105e+07 0
776 0 0
0 0 1
1 6.40832e+07 0
777 0 0
0 0 1
1 6.38272e+07 0
778 0 0
0 0 1
1 6.35311e+07 0
779 0 0
0 0 1
1 6.31877e+07 0
780 0 0
0 0 1
1 6.27971e+07 0
781 0 0
0 0 1
1 6.23664e+07 0
782 0 0
0 0 1
1 6.19085e+07 0
783 0 0
0 0 1
1 6.14392e+07 0
784 0 0
0 0 1
1 6.09746e+07 0
785 0 0
0 0 1
1 6.05283e+07 0
786 0 0
0 0 1
1 6.01083e+07 0
787 0 0
0 0 1
1 5.97167e+07 0
788 0 0
0 0 1
1 5.93505e+07 0
789 0 0
0 0 1
1 5.90043e+07 0
790 0 0
0 0 1
1 5.86727e+07 0
791 0 0
0 0 1
1 5.83509e+07 0
792 0 0
0 0 1
1 5.80333e+07 0
793 0 0
0 0 1
1 5.77132e+07 0
794 0 0
0 0 1
1 5.73825e+07 0
795 0 0
0 0 1
1 5.7034e+07 0
796 0 0
0 0 1
1 5.66642e+07 0
797 0 0
0 0 1
1 5.62763e+07 0
798 0 0
0 0 1
1 5.58808e+07 0
799 0 0
0 0 1
1 5.54933e+07 0
800 0 0
0 0 1
1 5.51294e+07 0
801 0 0
0 0 1
1 5.47983e+07 0
-1 0 0
