622
1 0 0
0 0 1
1 4.33412e+08 0
2 0 0
0 0 1
1 4.28677e+08 0
3 0 0
0 0 1
1 4.2474e+08 0
4 0 0
0 0 1
1 4.21972e+08 0
5 0 0
0 0 1
1 4.19575e+08 0
6 0 0
0 0 1
1 4.16968e+08 0
7 0 0
0 0 1
1 4.14704e+08 0
8 0 0
0 0 1
1 4.13571e+08 0
9 0 0
0 0 1
1 4.13233e+08 0
10 0 0
0 0 1
1 4.12341e+08 0
11 0 0
0 0 1
1 4.09984e+08 0
12 0 0
0 0 1
1 4.06636e+08 0
13 0 0
0 0 1
1 4.03474e+08 0
14 0 0
0 0 1
1 4.01004e+08 0
15 0 0
0 0 1
1 3.98641e+08 0
16 0 0
0 0 1
1 3.95548e+08 0
17 0 0
0 0 1
1 3.91559e+08 0
18 0 0
0 0 1
1 3.87211e+08 0
19 0 0
0 0 1
1 3.83257e+08 0
20 0 0
0 0 1
1 3.80461e+08 0
21 0 0
0 0 1
1 3.79459e+08 0
22 0 0
0 0 1
1 3.8005e+08 0
23 0 0
0 0 1
1 3.80559e+08 0
24 0 0
0 0 1
1 3.78767e+08 0
25 0 0
0 0 1
1 3.74097e+08 0
26 0 0
0 0 1
1 3.6845e+08 0
27 0 0
0 0 1
1 3.64143e+08 0
28 0 0
0 0 1
1 3.61287e+08 0
29 0 0
0 0 1
1 3.58059e+08 0
30 0 0
0 0 1
1 3.53524e+08 0
31 0 0
0 0 1
1 3.49101e+08 0
32 0 0
0 0 1
1 3.46705e+08 0
33 0 0
0 0 1
1 3.46273e+08 0
34 0 0
0 0 1
1 3.46004e+08 0
35 0 0
0 0 1
1 3.44611e+08 0
36 0 0
0 0 1
1 3.42349e+08 0
37 0 0
0 0 1
1 3.39934e+08 0
38 0 0
0 0 1
1 3.37479e+08 0
39 0 0
0 0 1
1 3.34842e+08 0
40 0 0
0 0 1
1 3.32246e+08 0
41 0 0
0 0 1
1 3.29956e+08 0
42 0 0
0 0 1
1 3.27759e+08 0
43 0 0
0 0 1
1 3.253e+08 0
44 0 0
0 0 1
1 3.22689e+08 0
45 0 0
0 0 1
1 3.20294e+08 0
46 0 0
0 0 1
1 3.18122e+08 0
47 0 0
0 0 1
1 3.15866e+08 0
48 0 0
0 0 1
1 3.13425e+08 0
49 0 0
0 0 1
1 3.10925e+08 0
50 0 0
0 0 1
1 3.08301e+08 0
51 0 0
0 0 1
1 3.05366e+08 0
52 0 0
0 0 1
1 3.02294e+08 0
53 0 0
0 0 1
1 2.99522e+08 0
54 0 0
0 0 1
1 2.97107e+08 0
55 0 0
0 0 1
1 2.9477e+08 0
56 0 0
0 0 1
1 2.92704e+08 0
57 0 0
0 0 1
1 2.91611e+08 0
58 0 0
0 0 1
1 2.91453e+08 0
59 0 0
0 0 1
1 2.90863e+08 0
60 0 0
0 0 1
1 2.88631e+08 0
61 0 0
0 0 1
1 2.85427e+08 0
62 0 0
0 0 1
1 2.82987e+08 0
63 0 0
0 0 1
1 2.81643e+08 0
64 0 0
0 0 1
1 2.79861e+08 0
65 0 0
0 0 1
1 2.76658e+08 0
66 0 0
0 0 1
1 2.73288e+08 0
67 0 0
0 0 1
1 2.71384e+08 0
68 0 0
0 0 1
1 2.70209e+08 0
69 0 0
0 0 1
1 2.6739e+08 0
70 0 0
0 0 1
1 2.62436e+08 0
71 0 0
0 0 1
1 2.5785e+08 0
72 0 0
0 0 1
1 2.55841e+08 0
73 0 0
0 0 1
1 2.55249e+08 0
74 0 0
0 0 1
1 2.5326e+08 0
75 0 0
0 0 1
1 2.49577e+08 0
76 0 0
0 0 1
1 2.46924e+08 0
77 0 0
0 0 1
1 2.4702e+08 0
78 0 0
0 0 1
1 2.47826e+08 0
79 0 0
0 0 1
1 2.46076e+08 0
80 0 0
0 0 1
1 2.41451e+08 0
81 0 0
0 0 1
1 2.36612e+08 0
82 0 0
0 0 1
1 2.33556e+08 0
83 0 0
0 0 1
1 2.31749e+08 0
84 0 0
0 0 1
1 2.30137e+08 0
85 0 0
0 0 1
1 2.29096e+08 0
86 0 0
0 0 1
1 2.29206e+08 0
87 0 0
0 0 1
1 2.29378e+08 0
88 0 0
0 0 1
1 2.27894e+08 0
89 0 0
0 0 1
1 2.24841e+08 0
90 0 0
0 0 1
1 2.21888e+08 0
91 0 0
0 0 1
1 2.19691e+08 0
92 0 0
0 0 1
1 2.17179e+08 0
93 0 0
0 0 1
1 2.13789e+08 0
94 0 0
0 0 1
1 2.10777e+08 0
95 0 0
0 0 1
1 2.09206e+08 0
96 0 0
0 0 1
1 2.0794e+08 0
97 0 0
0 0 1
1 2.05175e+08 0
98 0 0
0 0 1
1 2.01332e+08 0
99 0 0
0 0 1
1 1.98728e+08 0
100 0 0
0 0 1
1 1.98516e+08 0
101 0 0
0 0 1
1 1.99539e+08 0
102 0 0
0 0 1
1 2.00438e+08 0
103 0 0
0 0 1
1 2.01222e+08 0
104 0 0
0 0 1
1 2.01966e+08 0
105 0 0
0 0 1
1 2.01493e+08 0
106 0 0
0 0 1
1 1.98769e+08 0
107 0 0
0 0 1
1 1.94782e+08 0
108 0 0
0 0 1
1 1.91482e+08 0
109 0 0
0 0 1
1 1.89231e+08 0
110 0 0
0 0 1
1 1.86791e+08 0
111 0 0
0 0 1
1 1.8378e+08 0
112 0 0
0 0 1
1 1.81535e+08 0
113 0 0
0 0 1
1 1.81057e+08 0
114 0 0
0 0 1
1 1.8148e+08 0
115 0 0
0 0 1
1 1.81358e+08 0
116 0 0
0 0 1
1 1.8039e+08 0
117 0 0
0 0 1
1 1.7889e+08 0
118 0 0
0 0 1
1 1.76532e+08 0
119 0 0
0 0 1
1 1.72987e+08 0
120 0 0
0 0 1
1 1.69298e+08 0
121 0 0
0 0 1
1 1.67088e+08 0
122 0 0
0 0 1
1 1.66364e+08 0
123 0 0
0 0 1
1 1.65423e+08 0
124 0 0
0 0 1
1 1.63244e+08 0
125 0 0
0 0 1
1 1.60734e+08 0
126 0 0
0 0 1
1 1.59002e+08 0
127 0 0
0 0 1
1 1.57553e+08 0
128 0 0
0 0 1
1 1.55238e+08 0
129 0 0
0 0 1
1 1.52277e+08 0
130 0 0
0 0 1
1 1.50114e+08 0
131 0 0
0 0 1
1 1.49528e+08 0
132 0 0
0 0 1
1 1.49958e+08 0
133 0 0
0 0 1
1 1.50717e+08 0
134 0 0
0 0 1
1 1.51796e+08 0
135 0 0
0 0 1
1 1.53129e+08 0
136 0 0
0 0 1
1 1.53916e+08 0
137 0 0
0 0 1
1 1.53323e+08 0
138 0 0
0 0 1
1 1.51481e+08 0
139 0 0
0 0 1
1 1.49315e+08 0
140 0 0
0 0 1
1 1.47673e+08 0
141 0 0
0 0 1
1 1.46851e+08 0
142 0 0
0 0 1
1 1.46564e+08 0
143 0 0
0 0 1
1 1.4597e+08 0
144 0 0
0 0 1
1 1.44102e+08 0
145 0 0
0 0 1
1 1.40914e+08 0
146 0 0
0 0 1
1 1.37723e+08 0
147 0 0
0 0 1
1 1.3601e+08 0
148 0 0
0 0 1
1 1.35806e+08 0
149 0 0
0 0 1
1 1.35764e+08 0
150 0 0
0 0 1
1 1.34894e+08 0
151 0 0
0 0 1
1 1.33594e+08 0
152 0 0
0 0 1
1 1.32758e+08 0
153 0 0
0 0 1
1 1.32425e+08 0
154 0 0
0 0 1
1 1.31888e+08 0
155 0 0
0 0 1
1 1.30872e+08 0
156 0 0
0 0 1
1 1.2996e+08 0
157 0 0
0 0 1
1 1.29697e+08 0
158 0 0
0 0 1
1 1.29687e+08 0
159 0 0
0 0 1
1 1.29e+08 0
160 0 0
0 0 1
1 1.27424e+08 0
161 0 0
0 0 1
1 1.25921e+08 0
162 0 0
0 0 1
1 1.25483e+08 0
163 0 0
0 0 1
1 1.25686e+08 0
164 0 0
0 0 1
1 1.24929e+08 0
165 0 0
0 0 1
1 1.22411e+08 0
166 0 0
0 0 1
1 1.1937e+08 0
167 0 0
0 0 1
1 1.17657e+08 0
168 0 0
0 0 1
1 1.17302e+08 0
169 0 0
0 0 1
1 1.16472e+08 0
170 0 0
0 0 1
1 1.14084e+08 0
171 0 0
0 0 1
1 1.11455e+08 0
172 0 0
0 0 1
1 1.10544e+08 0
173 0 0
0 0 1
1 1.11278e+08 0
174 0 0
0 0 1
1 1.11762e+08 0
175 0 0
0 0 1
1 1.10874e+08 0
176 0 0
0 0 1
1 1.09369e+08 0
177 0 0
0 0 1
1 1.08209e+08 0
178 0 0
0 0 1
1 1.07089e+08 0
179 0 0
0 0 1
1 1.05342e+08 0
180 0 0
0 0 1
1 1.03396e+08 0
181 0 0
0 0 1
1 1.02333e+08 0
182 0 0
0 0 1
1 1.0245e+08 0
183 0 0
0 0 1
1 1.03211e+08 0
184 0 0
0 0 1
1 1.04267e+08 0
185 0 0
0 0 1
1 1.0551e+08 0
186 0 0
0 0 1
1 1.06253e+08 0
187 0 0
0 0 1
1 1.05518e+08 0
188 0 0
0 0 1
1 1.03406e+08 0
189 0 0
0 0 1
1 1.01213e+08 0
190 0 0
0 0 1
1 9.97603e+07 0
191 0 0
0 0 1
1 9.85086e+07 0
192 0 0
0 0 1
1 9.68938e+07 0
193 0 0
0 0 1
1 9.55828e+07 0
194 0 0
0 0 1
1 9.5402e+07 0
195 0 0
0 0 1
1 9.56595e+07 0
196 0 0
0 0 1
1 9.48033e+07 0
197 0 0
0 0 1
1 9.25897e+07 0
198 0 0
0 0 1
1 9.03912e+07 0
199 0 0
0 0 1
1 8.92115e+07 0
200 0 0
0 0 1
1 8.8559e+07 0
201 0 0
0 0 1
1 8.7711e+07 0
202 0 0
0 0 1
1 8.69736e+07 0
203 0 0
0 0 1
1 8.68601e+07 0
204 0 0
0 0 1
1 8.68357e+07 0
205 0 0
0 0 1
1 8.59532e+07 0
206 0 0
0 0 1
1 8.43373e+07 0
207 0 0
0 0 1
1 8.29932e+07 0
-1 0 0
