SIMFIT RESULTS
==============

Dataset : /opt/topspin3.5pl6/data/e3b/joachim/87Rb-CRN/4/pdata/992/ct1t2.txt

INTENSITY fit : Exponential decay (T2 or T1rho) : I[t]=I[0]*exp(-t/T)

1227 points for Peak 1

Converged after 9790 iterations!

Results     Comp. 1       Comp. 2    

I[0]  =   -3.571e+01     3.671e+01  
T     =     468.473s      475.804s  

RSS   =    2.119e-03
SD    =    1.314e-03

Point       Tau          Expt          Calc       Difference

    1       1.000s     1.000e+00     9.983e-01   -1.655e-03
    2       2.000s     9.990e-01     9.974e-01   -1.622e-03
    3       3.000s     9.981e-01     9.965e-01   -1.590e-03
    4       4.000s     9.971e-01     9.956e-01   -1.559e-03
    5       5.000s     9.962e-01     9.946e-01   -1.528e-03
    6       6.000s     9.952e-01     9.937e-01   -1.498e-03
    7       7.000s     9.942e-01     9.928e-01   -1.469e-03
    8       8.000s     9.933e-01     9.918e-01   -1.440e-03
    9       9.000s     9.923e-01     9.909e-01   -1.412e-03
   10      10.000s     9.914e-01     9.900e-01   -1.383e-03
   11      11.000s     9.904e-01     9.891e-01   -1.355e-03
   12      12.000s     9.895e-01     9.881e-01   -1.326e-03
   13      13.000s     9.885e-01     9.872e-01   -1.297e-03
   14      14.000s     9.875e-01     9.863e-01   -1.268e-03
   15      15.000s     9.866e-01     9.853e-01   -1.238e-03
   16      16.000s     9.856e-01     9.844e-01   -1.206e-03
   17      17.000s     9.846e-01     9.835e-01   -1.174e-03
   18      18.000s     9.837e-01     9.825e-01   -1.140e-03
   19      19.000s     9.827e-01     9.816e-01   -1.105e-03
   20      20.000s     9.817e-01     9.807e-01   -1.068e-03
   21      21.000s     9.807e-01     9.797e-01   -1.029e-03
   22      22.000s     9.798e-01     9.788e-01   -9.881e-04
   23      23.000s     9.788e-01     9.778e-01   -9.448e-04
   24      24.000s     9.778e-01     9.769e-01   -8.992e-04
   25      25.000s     9.768e-01     9.760e-01   -8.512e-04
   26      26.000s     9.758e-01     9.750e-01   -8.008e-04
   27      27.000s     9.748e-01     9.741e-01   -7.481e-04
   28      28.000s     9.738e-01     9.732e-01   -6.931e-04
   29      29.000s     9.729e-01     9.722e-01   -6.359e-04
   30      30.000s     9.719e-01     9.713e-01   -5.767e-04
   31      31.000s     9.709e-01     9.703e-01   -5.156e-04
   32      32.000s     9.699e-01     9.694e-01   -4.528e-04
   33      33.000s     9.688e-01     9.685e-01   -3.887e-04
   34      34.000s     9.678e-01     9.675e-01   -3.234e-04
   35      35.000s     9.668e-01     9.666e-01   -2.573e-04
   36      36.000s     9.658e-01     9.656e-01   -1.907e-04
   37      37.000s     9.648e-01     9.647e-01   -1.239e-04
   38      38.000s     9.638e-01     9.637e-01   -5.728e-05
   39      39.000s     9.628e-01     9.628e-01    8.870e-06
   40      40.000s     9.618e-01     9.619e-01    7.418e-05
   41      41.000s     9.608e-01     9.609e-01    1.383e-04
   42      42.000s     9.598e-01     9.600e-01    2.009e-04
   43      43.000s     9.588e-01     9.590e-01    2.617e-04
   44      44.000s     9.578e-01     9.581e-01    3.203e-04
   45      45.000s     9.568e-01     9.571e-01    3.764e-04
   46      46.000s     9.558e-01     9.562e-01    4.298e-04
   47      47.000s     9.548e-01     9.553e-01    4.802e-04
   48      48.000s     9.538e-01     9.543e-01    5.273e-04
   49      49.000s     9.528e-01     9.534e-01    5.709e-04
   50      50.000s     9.518e-01     9.524e-01    6.107e-04
   51      51.000s     9.508e-01     9.515e-01    6.467e-04
   52      52.000s     9.498e-01     9.505e-01    6.786e-04
   53      53.000s     9.489e-01     9.496e-01    7.062e-04
   54      54.000s     9.479e-01     9.486e-01    7.296e-04
   55      55.000s     9.469e-01     9.477e-01    7.485e-04
   56      56.000s     9.460e-01     9.467e-01    7.629e-04
   57      57.000s     9.450e-01     9.458e-01    7.729e-04
   58      58.000s     9.441e-01     9.448e-01    7.783e-04
   59      59.000s     9.431e-01     9.439e-01    7.793e-04
   60      60.000s     9.422e-01     9.429e-01    7.758e-04
   61      61.000s     9.412e-01     9.420e-01    7.681e-04
   62      62.000s     9.403e-01     9.410e-01    7.561e-04
   63      63.000s     9.394e-01     9.401e-01    7.401e-04
   64      64.000s     9.384e-01     9.391e-01    7.203e-04
   65      65.000s     9.375e-01     9.382e-01    6.968e-04
   66      66.000s     9.366e-01     9.372e-01    6.699e-04
   67      67.000s     9.357e-01     9.363e-01    6.399e-04
   68      68.000s     9.347e-01     9.353e-01    6.070e-04
   69      69.000s     9.338e-01     9.344e-01    5.716e-04
   70      70.000s     9.329e-01     9.334e-01    5.340e-04
   71      71.000s     9.320e-01     9.325e-01    4.945e-04
   72      72.000s     9.311e-01     9.315e-01    4.535e-04
   73      73.000s     9.302e-01     9.306e-01    4.112e-04
   74      74.000s     9.293e-01     9.296e-01    3.681e-04
   75      75.000s     9.284e-01     9.287e-01    3.244e-04
   76      76.000s     9.275e-01     9.277e-01    2.806e-04
   77      77.000s     9.266e-01     9.268e-01    2.369e-04
   78      78.000s     9.256e-01     9.258e-01    1.936e-04
   79      79.000s     9.247e-01     9.249e-01    1.510e-04
   80      80.000s     9.238e-01     9.239e-01    1.094e-04
   81      81.000s     9.229e-01     9.230e-01    6.909e-05
   82      82.000s     9.220e-01     9.220e-01    3.020e-05
   83      83.000s     9.211e-01     9.211e-01   -7.000e-06
   84      84.000s     9.202e-01     9.201e-01   -4.234e-05
   85      85.000s     9.193e-01     9.192e-01   -7.564e-05
   86      86.000s     9.183e-01     9.182e-01   -1.068e-04
   87      87.000s     9.174e-01     9.173e-01   -1.355e-04
   88      88.000s     9.165e-01     9.163e-01   -1.619e-04
   89      89.000s     9.156e-01     9.154e-01   -1.857e-04
   90      90.000s     9.146e-01     9.144e-01   -2.068e-04
   91      91.000s     9.137e-01     9.135e-01   -2.253e-04
   92      92.000s     9.128e-01     9.125e-01   -2.410e-04
   93      93.000s     9.118e-01     9.116e-01   -2.538e-04
   94      94.000s     9.109e-01     9.106e-01   -2.638e-04
   95      95.000s     9.099e-01     9.097e-01   -2.709e-04
   96      96.000s     9.090e-01     9.087e-01   -2.752e-04
   97      97.000s     9.080e-01     9.077e-01   -2.766e-04
   98      98.000s     9.071e-01     9.068e-01   -2.752e-04
   99      99.000s     9.061e-01     9.058e-01   -2.710e-04
  100     100.000s     9.052e-01     9.049e-01   -2.641e-04
  101     101.000s     9.042e-01     9.039e-01   -2.547e-04
  102     102.000s     9.032e-01     9.030e-01   -2.428e-04
  103     103.000s     9.023e-01     9.020e-01   -2.287e-04
  104     104.000s     9.013e-01     9.011e-01   -2.124e-04
  105     105.000s     9.003e-01     9.001e-01   -1.942e-04
  106     106.000s     8.993e-01     8.992e-01   -1.743e-04
  107     107.000s     8.984e-01     8.982e-01   -1.530e-04
  108     108.000s     8.974e-01     8.973e-01   -1.305e-04
  109     109.000s     8.964e-01     8.963e-01   -1.070e-04
  110     110.000s     8.954e-01     8.954e-01   -8.297e-05
  111     111.000s     8.945e-01     8.944e-01   -5.855e-05
  112     112.000s     8.935e-01     8.935e-01   -3.407e-05
  113     113.000s     8.925e-01     8.925e-01   -9.799e-06
  114     114.000s     8.915e-01     8.915e-01    1.398e-05
  115     115.000s     8.906e-01     8.906e-01    3.701e-05
  116     116.000s     8.896e-01     8.896e-01    5.906e-05
  117     117.000s     8.886e-01     8.887e-01    7.992e-05
  118     118.000s     8.876e-01     8.877e-01    9.941e-05
  119     119.000s     8.867e-01     8.868e-01    1.174e-04
  120     120.000s     8.857e-01     8.858e-01    1.337e-04
  121     121.000s     8.847e-01     8.849e-01    1.483e-04
  122     122.000s     8.838e-01     8.839e-01    1.612e-04
  123     123.000s     8.828e-01     8.830e-01    1.723e-04
  124     124.000s     8.818e-01     8.820e-01    1.817e-04
  125     125.000s     8.809e-01     8.811e-01    1.894e-04
  126     126.000s     8.799e-01     8.801e-01    1.955e-04
  127     127.000s     8.790e-01     8.792e-01    2.002e-04
  128     128.000s     8.780e-01     8.782e-01    2.035e-04
  129     129.000s     8.771e-01     8.773e-01    2.057e-04
  130     130.000s     8.761e-01     8.763e-01    2.068e-04
  131     131.000s     8.751e-01     8.754e-01    2.071e-04
  132     132.000s     8.742e-01     8.744e-01    2.067e-04
  133     133.000s     8.732e-01     8.735e-01    2.058e-04
  134     134.000s     8.723e-01     8.725e-01    2.045e-04
  135     135.000s     8.713e-01     8.715e-01    2.030e-04
  136     136.000s     8.704e-01     8.706e-01    2.014e-04
  137     137.000s     8.694e-01     8.696e-01    1.997e-04
  138     138.000s     8.685e-01     8.687e-01    1.982e-04
  139     139.000s     8.675e-01     8.677e-01    1.967e-04
  140     140.000s     8.666e-01     8.668e-01    1.954e-04
  141     141.000s     8.656e-01     8.658e-01    1.942e-04
  142     142.000s     8.647e-01     8.649e-01    1.932e-04
  143     143.000s     8.638e-01     8.639e-01    1.923e-04
  144     144.000s     8.628e-01     8.630e-01    1.916e-04
  145     145.000s     8.619e-01     8.620e-01    1.908e-04
  146     146.000s     8.609e-01     8.611e-01    1.900e-04
  147     147.000s     8.600e-01     8.601e-01    1.891e-04
  148     148.000s     8.590e-01     8.592e-01    1.879e-04
  149     149.000s     8.581e-01     8.582e-01    1.865e-04
  150     150.000s     8.571e-01     8.573e-01    1.847e-04
  151     151.000s     8.562e-01     8.563e-01    1.825e-04
  152     152.000s     8.552e-01     8.554e-01    1.797e-04
  153     153.000s     8.543e-01     8.544e-01    1.763e-04
  154     154.000s     8.533e-01     8.535e-01    1.723e-04
  155     155.000s     8.524e-01     8.526e-01    1.676e-04
  156     156.000s     8.514e-01     8.516e-01    1.622e-04
  157     157.000s     8.505e-01     8.507e-01    1.561e-04
  158     158.000s     8.496e-01     8.497e-01    1.493e-04
  159     159.000s     8.486e-01     8.488e-01    1.419e-04
  160     160.000s     8.477e-01     8.478e-01    1.338e-04
  161     161.000s     8.467e-01     8.469e-01    1.252e-04
  162     162.000s     8.458e-01     8.459e-01    1.162e-04
  163     163.000s     8.449e-01     8.450e-01    1.068e-04
  164     164.000s     8.439e-01     8.440e-01    9.724e-05
  165     165.000s     8.430e-01     8.431e-01    8.765e-05
  166     166.000s     8.421e-01     8.421e-01    7.819e-05
  167     167.000s     8.411e-01     8.412e-01    6.905e-05
  168     168.000s     8.402e-01     8.402e-01    6.041e-05
  169     169.000s     8.392e-01     8.393e-01    5.247e-05
  170     170.000s     8.383e-01     8.384e-01    4.545e-05
  171     171.000s     8.374e-01     8.374e-01    3.957e-05
  172     172.000s     8.364e-01     8.365e-01    3.503e-05
  173     173.000s     8.355e-01     8.355e-01    3.206e-05
  174     174.000s     8.345e-01     8.346e-01    3.087e-05
  175     175.000s     8.336e-01     8.336e-01    3.167e-05
  176     176.000s     8.327e-01     8.327e-01    3.466e-05
  177     177.000s     8.317e-01     8.317e-01    4.005e-05
  178     178.000s     8.308e-01     8.308e-01    4.801e-05
  179     179.000s     8.298e-01     8.299e-01    5.872e-05
  180     180.000s     8.288e-01     8.289e-01    7.233e-05
  181     181.000s     8.279e-01     8.280e-01    8.897e-05
  182     182.000s     8.269e-01     8.270e-01    1.088e-04
  183     183.000s     8.260e-01     8.261e-01    1.318e-04
  184     184.000s     8.250e-01     8.252e-01    1.581e-04
  185     185.000s     8.240e-01     8.242e-01    1.878e-04
  186     186.000s     8.230e-01     8.233e-01    2.209e-04
  187     187.000s     8.221e-01     8.223e-01    2.573e-04
  188     188.000s     8.211e-01     8.214e-01    2.971e-04
  189     189.000s     8.201e-01     8.204e-01    3.401e-04
  190     190.000s     8.191e-01     8.195e-01    3.862e-04
  191     191.000s     8.181e-01     8.186e-01    4.354e-04
  192     192.000s     8.171e-01     8.176e-01    4.874e-04
  193     193.000s     8.161e-01     8.167e-01    5.421e-04
  194     194.000s     8.152e-01     8.158e-01    5.994e-04
  195     195.000s     8.142e-01     8.148e-01    6.589e-04
  196     196.000s     8.132e-01     8.139e-01    7.205e-04
  197     197.000s     8.122e-01     8.129e-01    7.839e-04
  198     198.000s     8.112e-01     8.120e-01    8.489e-04
  199     199.000s     8.102e-01     8.111e-01    9.152e-04
  200     200.000s     8.091e-01     8.101e-01    9.826e-04
  201     201.000s     8.081e-01     8.092e-01    1.051e-03
  202     202.000s     8.071e-01     8.083e-01    1.119e-03
  203     203.000s     8.061e-01     8.073e-01    1.188e-03
  204     204.000s     8.051e-01     8.064e-01    1.257e-03
  205     205.000s     8.041e-01     8.055e-01    1.326e-03
  206     206.000s     8.031e-01     8.045e-01    1.395e-03
  207     207.000s     8.021e-01     8.036e-01    1.462e-03
  208     208.000s     8.011e-01     8.027e-01    1.529e-03
  209     209.000s     8.001e-01     8.017e-01    1.594e-03
  210     210.000s     7.991e-01     8.008e-01    1.658e-03
  211     211.000s     7.981e-01     7.999e-01    1.720e-03
  212     212.000s     7.971e-01     7.989e-01    1.780e-03
  213     213.000s     7.961e-01     7.980e-01    1.838e-03
  214     214.000s     7.952e-01     7.971e-01    1.894e-03
  215     215.000s     7.942e-01     7.961e-01    1.946e-03
  216     216.000s     7.932e-01     7.952e-01    1.996e-03
  217     217.000s     7.922e-01     7.943e-01    2.042e-03
  218     218.000s     7.912e-01     7.933e-01    2.084e-03
  219     219.000s     7.903e-01     7.924e-01    2.123e-03
  220     220.000s     7.893e-01     7.915e-01    2.158e-03
  221     221.000s     7.884e-01     7.905e-01    2.189e-03
  222     222.000s     7.874e-01     7.896e-01    2.215e-03
  223     223.000s     7.865e-01     7.887e-01    2.236e-03
  224     224.000s     7.855e-01     7.878e-01    2.253e-03
  225     225.000s     7.846e-01     7.868e-01    2.265e-03
  226     226.000s     7.836e-01     7.859e-01    2.271e-03
  227     227.000s     7.827e-01     7.850e-01    2.272e-03
  228     228.000s     7.818e-01     7.841e-01    2.267e-03
  229     229.000s     7.809e-01     7.831e-01    2.257e-03
  230     230.000s     7.800e-01     7.822e-01    2.242e-03
  231     231.000s     7.791e-01     7.813e-01    2.220e-03
  232     232.000s     7.782e-01     7.804e-01    2.193e-03
  233     233.000s     7.773e-01     7.794e-01    2.160e-03
  234     234.000s     7.764e-01     7.785e-01    2.121e-03
  235     235.000s     7.755e-01     7.776e-01    2.076e-03
  236     236.000s     7.746e-01     7.767e-01    2.026e-03
  237     237.000s     7.738e-01     7.757e-01    1.970e-03
  238     238.000s     7.729e-01     7.748e-01    1.909e-03
  239     239.000s     7.721e-01     7.739e-01    1.842e-03
  240     240.000s     7.712e-01     7.730e-01    1.770e-03
  241     241.000s     7.704e-01     7.721e-01    1.694e-03
  242     242.000s     7.695e-01     7.711e-01    1.612e-03
  243     243.000s     7.687e-01     7.702e-01    1.526e-03
  244     244.000s     7.679e-01     7.693e-01    1.436e-03
  245     245.000s     7.670e-01     7.684e-01    1.342e-03
  246     246.000s     7.662e-01     7.675e-01    1.245e-03
  247     247.000s     7.654e-01     7.665e-01    1.144e-03
  248     248.000s     7.646e-01     7.656e-01    1.040e-03
  249     249.000s     7.638e-01     7.647e-01    9.345e-04
  250     250.000s     7.630e-01     7.638e-01    8.265e-04
  251     251.000s     7.622e-01     7.629e-01    7.168e-04
  252     252.000s     7.613e-01     7.620e-01    6.059e-04
  253     253.000s     7.605e-01     7.610e-01    4.940e-04
  254     254.000s     7.597e-01     7.601e-01    3.816e-04
  255     255.000s     7.589e-01     7.592e-01    2.690e-04
  256     256.000s     7.581e-01     7.583e-01    1.567e-04
  257     257.000s     7.573e-01     7.574e-01    4.479e-05
  258     258.000s     7.565e-01     7.565e-01   -6.626e-05
  259     259.000s     7.557e-01     7.556e-01   -1.762e-04
  260     260.000s     7.549e-01     7.546e-01   -2.847e-04
  261     261.000s     7.541e-01     7.537e-01   -3.916e-04
  262     262.000s     7.533e-01     7.528e-01   -4.967e-04
  263     263.000s     7.525e-01     7.519e-01   -5.996e-04
  264     264.000s     7.517e-01     7.510e-01   -7.003e-04
  265     265.000s     7.509e-01     7.501e-01   -7.986e-04
  266     266.000s     7.501e-01     7.492e-01   -8.942e-04
  267     267.000s     7.493e-01     7.483e-01   -9.871e-04
  268     268.000s     7.484e-01     7.474e-01   -1.077e-03
  269     269.000s     7.476e-01     7.465e-01   -1.164e-03
  270     270.000s     7.468e-01     7.456e-01   -1.248e-03
  271     271.000s     7.460e-01     7.446e-01   -1.328e-03
  272     272.000s     7.451e-01     7.437e-01   -1.405e-03
  273     273.000s     7.443e-01     7.428e-01   -1.478e-03
  274     274.000s     7.435e-01     7.419e-01   -1.548e-03
  275     275.000s     7.426e-01     7.410e-01   -1.614e-03
  276     276.000s     7.418e-01     7.401e-01   -1.675e-03
  277     277.000s     7.409e-01     7.392e-01   -1.733e-03
  278     278.000s     7.401e-01     7.383e-01   -1.787e-03
  279     279.000s     7.392e-01     7.374e-01   -1.836e-03
  280     280.000s     7.384e-01     7.365e-01   -1.880e-03
  281     281.000s     7.375e-01     7.356e-01   -1.920e-03
  282     282.000s     7.367e-01     7.347e-01   -1.956e-03
  283     283.000s     7.358e-01     7.338e-01   -1.987e-03
  284     284.000s     7.349e-01     7.329e-01   -2.013e-03
  285     285.000s     7.340e-01     7.320e-01   -2.034e-03
  286     286.000s     7.332e-01     7.311e-01   -2.051e-03
  287     287.000s     7.323e-01     7.302e-01   -2.063e-03
  288     288.000s     7.314e-01     7.293e-01   -2.070e-03
  289     289.000s     7.305e-01     7.284e-01   -2.073e-03
  290     290.000s     7.296e-01     7.275e-01   -2.071e-03
  291     291.000s     7.287e-01     7.266e-01   -2.064e-03
  292     292.000s     7.278e-01     7.257e-01   -2.054e-03
  293     293.000s     7.269e-01     7.248e-01   -2.040e-03
  294     294.000s     7.260e-01     7.239e-01   -2.021e-03
  295     295.000s     7.250e-01     7.230e-01   -2.000e-03
  296     296.000s     7.241e-01     7.221e-01   -1.975e-03
  297     297.000s     7.232e-01     7.213e-01   -1.946e-03
  298     298.000s     7.223e-01     7.204e-01   -1.916e-03
  299     299.000s     7.214e-01     7.195e-01   -1.882e-03
  300     300.000s     7.204e-01     7.186e-01   -1.847e-03
  301     301.000s     7.195e-01     7.177e-01   -1.810e-03
  302     302.000s     7.186e-01     7.168e-01   -1.771e-03
  303     303.000s     7.176e-01     7.159e-01   -1.732e-03
  304     304.000s     7.167e-01     7.150e-01   -1.691e-03
  305     305.000s     7.158e-01     7.141e-01   -1.650e-03
  306     306.000s     7.148e-01     7.132e-01   -1.608e-03
  307     307.000s     7.139e-01     7.124e-01   -1.566e-03
  308     308.000s     7.130e-01     7.115e-01   -1.525e-03
  309     309.000s     7.121e-01     7.106e-01   -1.483e-03
  310     310.000s     7.111e-01     7.097e-01   -1.443e-03
  311     311.000s     7.102e-01     7.088e-01   -1.403e-03
  312     312.000s     7.093e-01     7.079e-01   -1.364e-03
  313     313.000s     7.084e-01     7.070e-01   -1.326e-03
  314     314.000s     7.074e-01     7.062e-01   -1.289e-03
  315     315.000s     7.065e-01     7.053e-01   -1.253e-03
  316     316.000s     7.056e-01     7.044e-01   -1.218e-03
  317     317.000s     7.047e-01     7.035e-01   -1.184e-03
  318     318.000s     7.038e-01     7.026e-01   -1.152e-03
  319     319.000s     7.029e-01     7.017e-01   -1.120e-03
  320     320.000s     7.020e-01     7.009e-01   -1.089e-03
  321     321.000s     7.010e-01     7.000e-01   -1.059e-03
  322     322.000s     7.001e-01     6.991e-01   -1.029e-03
  323     323.000s     6.992e-01     6.982e-01   -9.990e-04
  324     324.000s     6.983e-01     6.974e-01   -9.694e-04
  325     325.000s     6.974e-01     6.965e-01   -9.397e-04
  326     326.000s     6.965e-01     6.956e-01   -9.096e-04
  327     327.000s     6.956e-01     6.947e-01   -8.789e-04
  328     328.000s     6.947e-01     6.938e-01   -8.473e-04
  329     329.000s     6.938e-01     6.930e-01   -8.148e-04
  330     330.000s     6.929e-01     6.921e-01   -7.811e-04
  331     331.000s     6.920e-01     6.912e-01   -7.461e-04
  332     332.000s     6.911e-01     6.904e-01   -7.097e-04
  333     333.000s     6.902e-01     6.895e-01   -6.718e-04
  334     334.000s     6.892e-01     6.886e-01   -6.323e-04
  335     335.000s     6.883e-01     6.877e-01   -5.913e-04
  336     336.000s     6.874e-01     6.869e-01   -5.487e-04
  337     337.000s     6.865e-01     6.860e-01   -5.047e-04
  338     338.000s     6.856e-01     6.851e-01   -4.594e-04
  339     339.000s     6.847e-01     6.843e-01   -4.128e-04
  340     340.000s     6.838e-01     6.834e-01   -3.652e-04
  341     341.000s     6.828e-01     6.825e-01   -3.168e-04
  342     342.000s     6.819e-01     6.817e-01   -2.677e-04
  343     343.000s     6.810e-01     6.808e-01   -2.182e-04
  344     344.000s     6.801e-01     6.799e-01   -1.686e-04
  345     345.000s     6.792e-01     6.791e-01   -1.192e-04
  346     346.000s     6.783e-01     6.782e-01   -7.003e-05
  347     347.000s     6.774e-01     6.773e-01   -2.155e-05
  348     348.000s     6.764e-01     6.765e-01    2.606e-05
  349     349.000s     6.755e-01     6.756e-01    7.254e-05
  350     350.000s     6.746e-01     6.747e-01    1.177e-04
  351     351.000s     6.737e-01     6.739e-01    1.613e-04
  352     352.000s     6.728e-01     6.730e-01    2.032e-04
  353     353.000s     6.719e-01     6.722e-01    2.432e-04
  354     354.000s     6.710e-01     6.713e-01    2.812e-04
  355     355.000s     6.701e-01     6.704e-01    3.172e-04
  356     356.000s     6.692e-01     6.696e-01    3.511e-04
  357     357.000s     6.683e-01     6.687e-01    3.828e-04
  358     358.000s     6.675e-01     6.679e-01    4.125e-04
  359     359.000s     6.666e-01     6.670e-01    4.400e-04
  360     360.000s     6.657e-01     6.662e-01    4.656e-04
  361     361.000s     6.648e-01     6.653e-01    4.892e-04
  362     362.000s     6.639e-01     6.644e-01    5.111e-04
  363     363.000s     6.631e-01     6.636e-01    5.313e-04
  364     364.000s     6.622e-01     6.627e-01    5.500e-04
  365     365.000s     6.613e-01     6.619e-01    5.672e-04
  366     366.000s     6.605e-01     6.610e-01    5.832e-04
  367     367.000s     6.596e-01     6.602e-01    5.980e-04
  368     368.000s     6.587e-01     6.593e-01    6.117e-04
  369     369.000s     6.579e-01     6.585e-01    6.244e-04
  370     370.000s     6.570e-01     6.576e-01    6.362e-04
  371     371.000s     6.561e-01     6.568e-01    6.472e-04
  372     372.000s     6.553e-01     6.559e-01    6.572e-04
  373     373.000s     6.544e-01     6.551e-01    6.664e-04
  374     374.000s     6.536e-01     6.542e-01    6.747e-04
  375     375.000s     6.527e-01     6.534e-01    6.821e-04
  376     376.000s     6.519e-01     6.526e-01    6.885e-04
  377     377.000s     6.510e-01     6.517e-01    6.938e-04
  378     378.000s     6.502e-01     6.509e-01    6.980e-04
  379     379.000s     6.493e-01     6.500e-01    7.011e-04
  380     380.000s     6.485e-01     6.492e-01    7.029e-04
  381     381.000s     6.476e-01     6.483e-01    7.034e-04
  382     382.000s     6.468e-01     6.475e-01    7.026e-04
  383     383.000s     6.460e-01     6.467e-01    7.004e-04
  384     384.000s     6.451e-01     6.458e-01    6.969e-04
  385     385.000s     6.443e-01     6.450e-01    6.920e-04
  386     386.000s     6.434e-01     6.441e-01    6.858e-04
  387     387.000s     6.426e-01     6.433e-01    6.785e-04
  388     388.000s     6.418e-01     6.425e-01    6.700e-04
  389     389.000s     6.410e-01     6.416e-01    6.606e-04
  390     390.000s     6.401e-01     6.408e-01    6.504e-04
  391     391.000s     6.393e-01     6.399e-01    6.396e-04
  392     392.000s     6.385e-01     6.391e-01    6.284e-04
  393     393.000s     6.377e-01     6.383e-01    6.170e-04
  394     394.000s     6.368e-01     6.374e-01    6.058e-04
  395     395.000s     6.360e-01     6.366e-01    5.949e-04
  396     396.000s     6.352e-01     6.358e-01    5.845e-04
  397     397.000s     6.344e-01     6.350e-01    5.751e-04
  398     398.000s     6.336e-01     6.341e-01    5.667e-04
  399     399.000s     6.327e-01     6.333e-01    5.597e-04
  400     400.000s     6.319e-01     6.325e-01    5.542e-04
  401     401.000s     6.311e-01     6.316e-01    5.504e-04
  402     402.000s     6.303e-01     6.308e-01    5.484e-04
  403     403.000s     6.294e-01     6.300e-01    5.483e-04
  404     404.000s     6.286e-01     6.291e-01    5.502e-04
  405     405.000s     6.278e-01     6.283e-01    5.541e-04
  406     406.000s     6.269e-01     6.275e-01    5.601e-04
  407     407.000s     6.261e-01     6.267e-01    5.679e-04
  408     408.000s     6.253e-01     6.258e-01    5.776e-04
  409     409.000s     6.244e-01     6.250e-01    5.890e-04
  410     410.000s     6.236e-01     6.242e-01    6.020e-04
  411     411.000s     6.228e-01     6.234e-01    6.163e-04
  412     412.000s     6.219e-01     6.226e-01    6.317e-04
  413     413.000s     6.211e-01     6.217e-01    6.481e-04
  414     414.000s     6.203e-01     6.209e-01    6.652e-04
  415     415.000s     6.194e-01     6.201e-01    6.828e-04
  416     416.000s     6.186e-01     6.193e-01    7.006e-04
  417     417.000s     6.177e-01     6.185e-01    7.185e-04
  418     418.000s     6.169e-01     6.176e-01    7.362e-04
  419     419.000s     6.161e-01     6.168e-01    7.536e-04
  420     420.000s     6.152e-01     6.160e-01    7.705e-04
  421     421.000s     6.144e-01     6.152e-01    7.867e-04
  422     422.000s     6.136e-01     6.144e-01    8.023e-04
  423     423.000s     6.128e-01     6.136e-01    8.170e-04
  424     424.000s     6.119e-01     6.128e-01    8.308e-04
  425     425.000s     6.111e-01     6.119e-01    8.437e-04
  426     426.000s     6.103e-01     6.111e-01    8.556e-04
  427     427.000s     6.095e-01     6.103e-01    8.665e-04
  428     428.000s     6.086e-01     6.095e-01    8.765e-04
  429     429.000s     6.078e-01     6.087e-01    8.855e-04
  430     430.000s     6.070e-01     6.079e-01    8.935e-04
  431     431.000s     6.062e-01     6.071e-01    9.006e-04
  432     432.000s     6.054e-01     6.063e-01    9.068e-04
  433     433.000s     6.046e-01     6.055e-01    9.121e-04
  434     434.000s     6.037e-01     6.047e-01    9.164e-04
  435     435.000s     6.029e-01     6.039e-01    9.198e-04
  436     436.000s     6.021e-01     6.031e-01    9.223e-04
  437     437.000s     6.013e-01     6.022e-01    9.237e-04
  438     438.000s     6.005e-01     6.014e-01    9.240e-04
  439     439.000s     5.997e-01     6.006e-01    9.233e-04
  440     440.000s     5.989e-01     5.998e-01    9.214e-04
  441     441.000s     5.981e-01     5.990e-01    9.182e-04
  442     442.000s     5.973e-01     5.982e-01    9.136e-04
  443     443.000s     5.965e-01     5.974e-01    9.077e-04
  444     444.000s     5.957e-01     5.966e-01    9.003e-04
  445     445.000s     5.950e-01     5.958e-01    8.914e-04
  446     446.000s     5.942e-01     5.950e-01    8.809e-04
  447     447.000s     5.934e-01     5.942e-01    8.688e-04
  448     448.000s     5.926e-01     5.935e-01    8.551e-04
  449     449.000s     5.918e-01     5.927e-01    8.399e-04
  450     450.000s     5.910e-01     5.919e-01    8.231e-04
  451     451.000s     5.903e-01     5.911e-01    8.048e-04
  452     452.000s     5.895e-01     5.903e-01    7.852e-04
  453     453.000s     5.887e-01     5.895e-01    7.643e-04
  454     454.000s     5.879e-01     5.887e-01    7.422e-04
  455     455.000s     5.872e-01     5.879e-01    7.190e-04
  456     456.000s     5.864e-01     5.871e-01    6.950e-04
  457     457.000s     5.856e-01     5.863e-01    6.702e-04
  458     458.000s     5.849e-01     5.855e-01    6.449e-04
  459     459.000s     5.841e-01     5.847e-01    6.192e-04
  460     460.000s     5.834e-01     5.840e-01    5.931e-04
  461     461.000s     5.826e-01     5.832e-01    5.670e-04
  462     462.000s     5.818e-01     5.824e-01    5.408e-04
  463     463.000s     5.811e-01     5.816e-01    5.147e-04
  464     464.000s     5.803e-01     5.808e-01    4.888e-04
  465     465.000s     5.796e-01     5.800e-01    4.631e-04
  466     466.000s     5.788e-01     5.792e-01    4.377e-04
  467     467.000s     5.780e-01     5.785e-01    4.126e-04
  468     468.000s     5.773e-01     5.777e-01    3.877e-04
  469     469.000s     5.765e-01     5.769e-01    3.631e-04
  470     470.000s     5.758e-01     5.761e-01    3.388e-04
  471     471.000s     5.750e-01     5.753e-01    3.146e-04
  472     472.000s     5.743e-01     5.746e-01    2.904e-04
  473     473.000s     5.735e-01     5.738e-01    2.661e-04
  474     474.000s     5.728e-01     5.730e-01    2.418e-04
  475     475.000s     5.720e-01     5.722e-01    2.171e-04
  476     476.000s     5.713e-01     5.714e-01    1.920e-04
  477     477.000s     5.705e-01     5.707e-01    1.664e-04
  478     478.000s     5.698e-01     5.699e-01    1.401e-04
  479     479.000s     5.690e-01     5.691e-01    1.130e-04
  480     480.000s     5.683e-01     5.684e-01    8.511e-05
  481     481.000s     5.675e-01     5.676e-01    5.621e-05
  482     482.000s     5.668e-01     5.668e-01    2.625e-05
  483     483.000s     5.660e-01     5.660e-01   -4.801e-06
  484     484.000s     5.653e-01     5.653e-01   -3.698e-05
  485     485.000s     5.646e-01     5.645e-01   -7.029e-05
  486     486.000s     5.638e-01     5.637e-01   -1.047e-04
  487     487.000s     5.631e-01     5.630e-01   -1.402e-04
  488     488.000s     5.624e-01     5.622e-01   -1.766e-04
  489     489.000s     5.616e-01     5.614e-01   -2.139e-04
  490     490.000s     5.609e-01     5.607e-01   -2.518e-04
  491     491.000s     5.602e-01     5.599e-01   -2.903e-04
  492     492.000s     5.595e-01     5.591e-01   -3.291e-04
  493     493.000s     5.587e-01     5.584e-01   -3.681e-04
  494     494.000s     5.580e-01     5.576e-01   -4.068e-04
  495     495.000s     5.573e-01     5.568e-01   -4.452e-04
  496     496.000s     5.566e-01     5.561e-01   -4.829e-04
  497     497.000s     5.558e-01     5.553e-01   -5.196e-04
  498     498.000s     5.551e-01     5.546e-01   -5.552e-04
  499     499.000s     5.544e-01     5.538e-01   -5.892e-04
  500     500.000s     5.537e-01     5.530e-01   -6.214e-04
  501     501.000s     5.529e-01     5.523e-01   -6.517e-04
  502     502.000s     5.522e-01     5.515e-01   -6.797e-04
  503     503.000s     5.515e-01     5.508e-01   -7.052e-04
  504     504.000s     5.507e-01     5.500e-01   -7.280e-04
  505     505.000s     5.500e-01     5.493e-01   -7.481e-04
  506     506.000s     5.493e-01     5.485e-01   -7.652e-04
  507     507.000s     5.485e-01     5.477e-01   -7.792e-04
  508     508.000s     5.478e-01     5.470e-01   -7.902e-04
  509     509.000s     5.470e-01     5.462e-01   -7.980e-04
  510     510.000s     5.463e-01     5.455e-01   -8.028e-04
  511     511.000s     5.455e-01     5.447e-01   -8.044e-04
  512     512.000s     5.448e-01     5.440e-01   -8.032e-04
  513     513.000s     5.440e-01     5.432e-01   -7.990e-04
  514     514.000s     5.433e-01     5.425e-01   -7.922e-04
  515     515.000s     5.425e-01     5.417e-01   -7.829e-04
  516     516.000s     5.418e-01     5.410e-01   -7.713e-04
  517     517.000s     5.410e-01     5.403e-01   -7.577e-04
  518     518.000s     5.402e-01     5.395e-01   -7.422e-04
  519     519.000s     5.395e-01     5.388e-01   -7.252e-04
  520     520.000s     5.387e-01     5.380e-01   -7.069e-04
  521     521.000s     5.380e-01     5.373e-01   -6.877e-04
  522     522.000s     5.372e-01     5.365e-01   -6.678e-04
  523     523.000s     5.364e-01     5.358e-01   -6.475e-04
  524     524.000s     5.357e-01     5.350e-01   -6.270e-04
  525     525.000s     5.349e-01     5.343e-01   -6.066e-04
  526     526.000s     5.342e-01     5.336e-01   -5.866e-04
  527     527.000s     5.334e-01     5.328e-01   -5.671e-04
  528     528.000s     5.326e-01     5.321e-01   -5.484e-04
  529     529.000s     5.319e-01     5.314e-01   -5.305e-04
  530     530.000s     5.311e-01     5.306e-01   -5.137e-04
  531     531.000s     5.304e-01     5.299e-01   -4.979e-04
  532     532.000s     5.296e-01     5.291e-01   -4.832e-04
  533     533.000s     5.289e-01     5.284e-01   -4.696e-04
  534     534.000s     5.281e-01     5.277e-01   -4.571e-04
  535     535.000s     5.274e-01     5.269e-01   -4.456e-04
  536     536.000s     5.266e-01     5.262e-01   -4.349e-04
  537     537.000s     5.259e-01     5.255e-01   -4.250e-04
  538     538.000s     5.252e-01     5.248e-01   -4.156e-04
  539     539.000s     5.244e-01     5.240e-01   -4.066e-04
  540     540.000s     5.237e-01     5.233e-01   -3.977e-04
  541     541.000s     5.230e-01     5.226e-01   -3.887e-04
  542     542.000s     5.222e-01     5.218e-01   -3.795e-04
  543     543.000s     5.215e-01     5.211e-01   -3.697e-04
  544     544.000s     5.207e-01     5.204e-01   -3.592e-04
  545     545.000s     5.200e-01     5.197e-01   -3.478e-04
  546     546.000s     5.193e-01     5.189e-01   -3.353e-04
  547     547.000s     5.185e-01     5.182e-01   -3.216e-04
  548     548.000s     5.178e-01     5.175e-01   -3.067e-04
  549     549.000s     5.171e-01     5.168e-01   -2.904e-04
  550     550.000s     5.163e-01     5.160e-01   -2.728e-04
  551     551.000s     5.156e-01     5.153e-01   -2.538e-04
  552     552.000s     5.148e-01     5.146e-01   -2.335e-04
  553     553.000s     5.141e-01     5.139e-01   -2.121e-04
  554     554.000s     5.133e-01     5.132e-01   -1.895e-04
  555     555.000s     5.126e-01     5.124e-01   -1.660e-04
  556     556.000s     5.119e-01     5.117e-01   -1.418e-04
  557     557.000s     5.111e-01     5.110e-01   -1.168e-04
  558     558.000s     5.104e-01     5.103e-01   -9.140e-05
  559     559.000s     5.096e-01     5.096e-01   -6.568e-05
  560     560.000s     5.089e-01     5.089e-01   -3.981e-05
  561     561.000s     5.082e-01     5.081e-01   -1.394e-05
  562     562.000s     5.074e-01     5.074e-01    1.177e-05
  563     563.000s     5.067e-01     5.067e-01    3.722e-05
  564     564.000s     5.059e-01     5.060e-01    6.229e-05
  565     565.000s     5.052e-01     5.053e-01    8.688e-05
  566     566.000s     5.045e-01     5.046e-01    1.109e-04
  567     567.000s     5.037e-01     5.039e-01    1.344e-04
  568     568.000s     5.030e-01     5.032e-01    1.571e-04
  569     569.000s     5.023e-01     5.025e-01    1.792e-04
  570     570.000s     5.016e-01     5.018e-01    2.006e-04
  571     571.000s     5.008e-01     5.011e-01    2.212e-04
  572     572.000s     5.001e-01     5.003e-01    2.411e-04
  573     573.000s     4.994e-01     4.996e-01    2.603e-04
  574     574.000s     4.987e-01     4.989e-01    2.787e-04
  575     575.000s     4.979e-01     4.982e-01    2.964e-04
  576     576.000s     4.972e-01     4.975e-01    3.134e-04
  577     577.000s     4.965e-01     4.968e-01    3.296e-04
  578     578.000s     4.958e-01     4.961e-01    3.452e-04
  579     579.000s     4.951e-01     4.954e-01    3.600e-04
  580     580.000s     4.944e-01     4.947e-01    3.742e-04
  581     581.000s     4.936e-01     4.940e-01    3.876e-04
  582     582.000s     4.929e-01     4.933e-01    4.004e-04
  583     583.000s     4.922e-01     4.926e-01    4.124e-04
  584     584.000s     4.915e-01     4.919e-01    4.238e-04
  585     585.000s     4.908e-01     4.912e-01    4.344e-04
  586     586.000s     4.901e-01     4.905e-01    4.443e-04
  587     587.000s     4.894e-01     4.899e-01    4.534e-04
  588     588.000s     4.887e-01     4.892e-01    4.617e-04
  589     589.000s     4.880e-01     4.885e-01    4.693e-04
  590     590.000s     4.873e-01     4.878e-01    4.760e-04
  591     591.000s     4.866e-01     4.871e-01    4.819e-04
  592     592.000s     4.859e-01     4.864e-01    4.869e-04
  593     593.000s     4.852e-01     4.857e-01    4.910e-04
  594     594.000s     4.845e-01     4.850e-01    4.942e-04
  595     595.000s     4.838e-01     4.843e-01    4.965e-04
  596     596.000s     4.831e-01     4.836e-01    4.979e-04
  597     597.000s     4.825e-01     4.829e-01    4.984e-04
  598     598.000s     4.818e-01     4.823e-01    4.981e-04
  599     599.000s     4.811e-01     4.816e-01    4.968e-04
  600     600.000s     4.804e-01     4.809e-01    4.947e-04
  601     601.000s     4.797e-01     4.802e-01    4.918e-04
  602     602.000s     4.790e-01     4.795e-01    4.881e-04
  603     603.000s     4.784e-01     4.788e-01    4.837e-04
  604     604.000s     4.777e-01     4.782e-01    4.786e-04
  605     605.000s     4.770e-01     4.775e-01    4.729e-04
  606     606.000s     4.763e-01     4.768e-01    4.666e-04
  607     607.000s     4.757e-01     4.761e-01    4.598e-04
  608     608.000s     4.750e-01     4.754e-01    4.525e-04
  609     609.000s     4.743e-01     4.748e-01    4.447e-04
  610     610.000s     4.736e-01     4.741e-01    4.365e-04
  611     611.000s     4.730e-01     4.734e-01    4.279e-04
  612     612.000s     4.723e-01     4.727e-01    4.189e-04
  613     613.000s     4.716e-01     4.721e-01    4.094e-04
  614     614.000s     4.710e-01     4.714e-01    3.996e-04
  615     615.000s     4.703e-01     4.707e-01    3.892e-04
  616     616.000s     4.697e-01     4.700e-01    3.783e-04
  617     617.000s     4.690e-01     4.694e-01    3.669e-04
  618     618.000s     4.683e-01     4.687e-01    3.547e-04
  619     619.000s     4.677e-01     4.680e-01    3.418e-04
  620     620.000s     4.670e-01     4.674e-01    3.280e-04
  621     621.000s     4.664e-01     4.667e-01    3.133e-04
  622     622.000s     4.657e-01     4.660e-01    2.975e-04
  623     623.000s     4.651e-01     4.653e-01    2.806e-04
  624     624.000s     4.644e-01     4.647e-01    2.624e-04
  625     625.000s     4.638e-01     4.640e-01    2.428e-04
  626     626.000s     4.631e-01     4.633e-01    2.219e-04
  627     627.000s     4.625e-01     4.627e-01    1.994e-04
  628     628.000s     4.618e-01     4.620e-01    1.754e-04
  629     629.000s     4.612e-01     4.614e-01    1.498e-04
  630     630.000s     4.606e-01     4.607e-01    1.226e-04
  631     631.000s     4.599e-01     4.600e-01    9.383e-05
  632     632.000s     4.593e-01     4.594e-01    6.352e-05
  633     633.000s     4.587e-01     4.587e-01    3.169e-05
  634     634.000s     4.581e-01     4.581e-01   -1.597e-06
  635     635.000s     4.574e-01     4.574e-01   -3.628e-05
  636     636.000s     4.568e-01     4.567e-01   -7.227e-05
  637     637.000s     4.562e-01     4.561e-01   -1.095e-04
  638     638.000s     4.556e-01     4.554e-01   -1.478e-04
  639     639.000s     4.550e-01     4.548e-01   -1.872e-04
  640     640.000s     4.543e-01     4.541e-01   -2.276e-04
  641     641.000s     4.537e-01     4.535e-01   -2.687e-04
  642     642.000s     4.531e-01     4.528e-01   -3.107e-04
  643     643.000s     4.525e-01     4.521e-01   -3.533e-04
  644     644.000s     4.519e-01     4.515e-01   -3.966e-04
  645     645.000s     4.513e-01     4.508e-01   -4.404e-04
  646     646.000s     4.507e-01     4.502e-01   -4.848e-04
  647     647.000s     4.501e-01     4.495e-01   -5.296e-04
  648     648.000s     4.495e-01     4.489e-01   -5.748e-04
  649     649.000s     4.489e-01     4.482e-01   -6.205e-04
  650     650.000s     4.483e-01     4.476e-01   -6.666e-04
  651     651.000s     4.477e-01     4.470e-01   -7.130e-04
  652     652.000s     4.471e-01     4.463e-01   -7.599e-04
  653     653.000s     4.465e-01     4.457e-01   -8.071e-04
  654     654.000s     4.459e-01     4.450e-01   -8.547e-04
  655     655.000s     4.453e-01     4.444e-01   -9.026e-04
  656     656.000s     4.447e-01     4.437e-01   -9.508e-04
  657     657.000s     4.441e-01     4.431e-01   -9.993e-04
  658     658.000s     4.435e-01     4.424e-01   -1.048e-03
  659     659.000s     4.429e-01     4.418e-01   -1.097e-03
  660     660.000s     4.423e-01     4.412e-01   -1.145e-03
  661     661.000s     4.417e-01     4.405e-01   -1.194e-03
  662     662.000s     4.411e-01     4.399e-01   -1.242e-03
  663     663.000s     4.405e-01     4.392e-01   -1.290e-03
  664     664.000s     4.399e-01     4.386e-01   -1.337e-03
  665     665.000s     4.394e-01     4.380e-01   -1.383e-03
  666     666.000s     4.388e-01     4.373e-01   -1.428e-03
  667     667.000s     4.382e-01     4.367e-01   -1.471e-03
  668     668.000s     4.376e-01     4.361e-01   -1.512e-03
  669     669.000s     4.370e-01     4.354e-01   -1.551e-03
  670     670.000s     4.364e-01     4.348e-01   -1.588e-03
  671     671.000s     4.358e-01     4.342e-01   -1.621e-03
  672     672.000s     4.352e-01     4.335e-01   -1.652e-03
  673     673.000s     4.346e-01     4.329e-01   -1.679e-03
  674     674.000s     4.340e-01     4.323e-01   -1.703e-03
  675     675.000s     4.334e-01     4.316e-01   -1.722e-03
  676     676.000s     4.328e-01     4.310e-01   -1.738e-03
  677     677.000s     4.321e-01     4.304e-01   -1.749e-03
  678     678.000s     4.315e-01     4.298e-01   -1.756e-03
  679     679.000s     4.309e-01     4.291e-01   -1.760e-03
  680     680.000s     4.303e-01     4.285e-01   -1.758e-03
  681     681.000s     4.296e-01     4.279e-01   -1.753e-03
  682     682.000s     4.290e-01     4.273e-01   -1.744e-03
  683     683.000s     4.284e-01     4.266e-01   -1.732e-03
  684     684.000s     4.277e-01     4.260e-01   -1.716e-03
  685     685.000s     4.271e-01     4.254e-01   -1.697e-03
  686     686.000s     4.264e-01     4.248e-01   -1.676e-03
  687     687.000s     4.258e-01     4.241e-01   -1.652e-03
  688     688.000s     4.252e-01     4.235e-01   -1.627e-03
  689     689.000s     4.245e-01     4.229e-01   -1.601e-03
  690     690.000s     4.239e-01     4.223e-01   -1.573e-03
  691     691.000s     4.232e-01     4.217e-01   -1.545e-03
  692     692.000s     4.226e-01     4.211e-01   -1.517e-03
  693     693.000s     4.219e-01     4.204e-01   -1.490e-03
  694     694.000s     4.213e-01     4.198e-01   -1.463e-03
  695     695.000s     4.206e-01     4.192e-01   -1.437e-03
  696     696.000s     4.200e-01     4.186e-01   -1.412e-03
  697     697.000s     4.194e-01     4.180e-01   -1.388e-03
  698     698.000s     4.187e-01     4.174e-01   -1.366e-03
  699     699.000s     4.181e-01     4.168e-01   -1.344e-03
  700     700.000s     4.175e-01     4.161e-01   -1.325e-03
  701     701.000s     4.168e-01     4.155e-01   -1.306e-03
  702     702.000s     4.162e-01     4.149e-01   -1.288e-03
  703     703.000s     4.156e-01     4.143e-01   -1.271e-03
  704     704.000s     4.150e-01     4.137e-01   -1.254e-03
  705     705.000s     4.143e-01     4.131e-01   -1.238e-03
  706     706.000s     4.137e-01     4.125e-01   -1.221e-03
  707     707.000s     4.131e-01     4.119e-01   -1.204e-03
  708     708.000s     4.125e-01     4.113e-01   -1.186e-03
  709     709.000s     4.118e-01     4.107e-01   -1.167e-03
  710     710.000s     4.112e-01     4.101e-01   -1.146e-03
  711     711.000s     4.106e-01     4.095e-01   -1.124e-03
  712     712.000s     4.100e-01     4.089e-01   -1.099e-03
  713     713.000s     4.093e-01     4.083e-01   -1.073e-03
  714     714.000s     4.087e-01     4.077e-01   -1.044e-03
  715     715.000s     4.081e-01     4.071e-01   -1.012e-03
  716     716.000s     4.074e-01     4.065e-01   -9.783e-04
  717     717.000s     4.068e-01     4.059e-01   -9.416e-04
  718     718.000s     4.062e-01     4.053e-01   -9.022e-04
  719     719.000s     4.055e-01     4.047e-01   -8.601e-04
  720     720.000s     4.049e-01     4.041e-01   -8.154e-04
  721     721.000s     4.042e-01     4.035e-01   -7.680e-04
  722     722.000s     4.036e-01     4.029e-01   -7.181e-04
  723     723.000s     4.029e-01     4.023e-01   -6.657e-04
  724     724.000s     4.023e-01     4.017e-01   -6.110e-04
  725     725.000s     4.016e-01     4.011e-01   -5.539e-04
  726     726.000s     4.010e-01     4.005e-01   -4.947e-04
  727     727.000s     4.003e-01     3.999e-01   -4.333e-04
  728     728.000s     3.997e-01     3.993e-01   -3.698e-04
  729     729.000s     3.990e-01     3.987e-01   -3.044e-04
  730     730.000s     3.984e-01     3.981e-01   -2.370e-04
  731     731.000s     3.977e-01     3.975e-01   -1.678e-04
  732     732.000s     3.971e-01     3.970e-01   -9.670e-05
  733     733.000s     3.964e-01     3.964e-01   -2.388e-05
  734     734.000s     3.957e-01     3.958e-01    5.063e-05
  735     735.000s     3.951e-01     3.952e-01    1.268e-04
  736     736.000s     3.944e-01     3.946e-01    2.045e-04
  737     737.000s     3.937e-01     3.940e-01    2.836e-04
  738     738.000s     3.931e-01     3.934e-01    3.642e-04
  739     739.000s     3.924e-01     3.929e-01    4.460e-04
  740     740.000s     3.917e-01     3.923e-01    5.290e-04
  741     741.000s     3.911e-01     3.917e-01    6.130e-04
  742     742.000s     3.904e-01     3.911e-01    6.978e-04
  743     743.000s     3.897e-01     3.905e-01    7.834e-04
  744     744.000s     3.891e-01     3.899e-01    8.695e-04
  745     745.000s     3.884e-01     3.894e-01    9.560e-04
  746     746.000s     3.877e-01     3.888e-01    1.043e-03
  747     747.000s     3.871e-01     3.882e-01    1.129e-03
  748     748.000s     3.864e-01     3.876e-01    1.216e-03
  749     749.000s     3.858e-01     3.871e-01    1.302e-03
  750     750.000s     3.851e-01     3.865e-01    1.388e-03
  751     751.000s     3.844e-01     3.859e-01    1.472e-03
  752     752.000s     3.838e-01     3.853e-01    1.556e-03
  753     753.000s     3.831e-01     3.848e-01    1.639e-03
  754     754.000s     3.825e-01     3.842e-01    1.720e-03
  755     755.000s     3.818e-01     3.836e-01    1.799e-03
  756     756.000s     3.812e-01     3.830e-01    1.877e-03
  757     757.000s     3.805e-01     3.825e-01    1.952e-03
  758     758.000s     3.799e-01     3.819e-01    2.025e-03
  759     759.000s     3.792e-01     3.813e-01    2.095e-03
  760     760.000s     3.786e-01     3.808e-01    2.163e-03
  761     761.000s     3.780e-01     3.802e-01    2.227e-03
  762     762.000s     3.773e-01     3.796e-01    2.288e-03
  763     763.000s     3.767e-01     3.791e-01    2.346e-03
  764     764.000s     3.761e-01     3.785e-01    2.399e-03
  765     765.000s     3.755e-01     3.779e-01    2.449e-03
  766     766.000s     3.749e-01     3.774e-01    2.494e-03
  767     767.000s     3.743e-01     3.768e-01    2.534e-03
  768     768.000s     3.737e-01     3.762e-01    2.570e-03
  769     769.000s     3.731e-01     3.757e-01    2.601e-03
  770     770.000s     3.725e-01     3.751e-01    2.627e-03
  771     771.000s     3.719e-01     3.746e-01    2.647e-03
  772     772.000s     3.713e-01     3.740e-01    2.663e-03
  773     773.000s     3.708e-01     3.734e-01    2.673e-03
  774     774.000s     3.702e-01     3.729e-01    2.678e-03
  775     775.000s     3.696e-01     3.723e-01    2.677e-03
  776     776.000s     3.691e-01     3.718e-01    2.672e-03
  777     777.000s     3.685e-01     3.712e-01    2.661e-03
  778     778.000s     3.680e-01     3.706e-01    2.646e-03
  779     779.000s     3.675e-01     3.701e-01    2.627e-03
  780     780.000s     3.669e-01     3.695e-01    2.604e-03
  781     781.000s     3.664e-01     3.690e-01    2.577e-03
  782     782.000s     3.659e-01     3.684e-01    2.546e-03
  783     783.000s     3.654e-01     3.679e-01    2.513e-03
  784     784.000s     3.648e-01     3.673e-01    2.478e-03
  785     785.000s     3.643e-01     3.668e-01    2.440e-03
  786     786.000s     3.638e-01     3.662e-01    2.401e-03
  787     787.000s     3.633e-01     3.657e-01    2.361e-03
  788     788.000s     3.628e-01     3.651e-01    2.321e-03
  789     789.000s     3.623e-01     3.646e-01    2.280e-03
  790     790.000s     3.618e-01     3.640e-01    2.239e-03
  791     791.000s     3.613e-01     3.635e-01    2.199e-03
  792     792.000s     3.608e-01     3.629e-01    2.160e-03
  793     793.000s     3.603e-01     3.624e-01    2.122e-03
  794     794.000s     3.598e-01     3.618e-01    2.085e-03
  795     795.000s     3.593e-01     3.613e-01    2.049e-03
  796     796.000s     3.587e-01     3.608e-01    2.014e-03
  797     797.000s     3.582e-01     3.602e-01    1.981e-03
  798     798.000s     3.577e-01     3.597e-01    1.949e-03
  799     799.000s     3.572e-01     3.591e-01    1.918e-03
  800     800.000s     3.567e-01     3.586e-01    1.887e-03
  801     801.000s     3.562e-01     3.580e-01    1.858e-03
  802     802.000s     3.557e-01     3.575e-01    1.828e-03
  803     803.000s     3.552e-01     3.570e-01    1.798e-03
  804     804.000s     3.547e-01     3.564e-01    1.768e-03
  805     805.000s     3.542e-01     3.559e-01    1.737e-03
  806     806.000s     3.537e-01     3.554e-01    1.704e-03
  807     807.000s     3.531e-01     3.548e-01    1.670e-03
  808     808.000s     3.527e-01     3.543e-01    1.633e-03
  809     809.000s     3.522e-01     3.537e-01    1.594e-03
  810     810.000s     3.517e-01     3.532e-01    1.551e-03
  811     811.000s     3.512e-01     3.527e-01    1.506e-03
  812     812.000s     3.507e-01     3.521e-01    1.456e-03
  813     813.000s     3.502e-01     3.516e-01    1.403e-03
  814     814.000s     3.497e-01     3.511e-01    1.346e-03
  815     815.000s     3.493e-01     3.506e-01    1.284e-03
  816     816.000s     3.488e-01     3.500e-01    1.218e-03
  817     817.000s     3.483e-01     3.495e-01    1.148e-03
  818     818.000s     3.479e-01     3.490e-01    1.073e-03
  819     819.000s     3.474e-01     3.484e-01    9.934e-04
  820     820.000s     3.470e-01     3.479e-01    9.101e-04
  821     821.000s     3.466e-01     3.474e-01    8.228e-04
  822     822.000s     3.461e-01     3.469e-01    7.319e-04
  823     823.000s     3.457e-01     3.463e-01    6.376e-04
  824     824.000s     3.453e-01     3.458e-01    5.403e-04
  825     825.000s     3.448e-01     3.453e-01    4.403e-04
  826     826.000s     3.444e-01     3.448e-01    3.382e-04
  827     827.000s     3.440e-01     3.442e-01    2.341e-04
  828     828.000s     3.436e-01     3.437e-01    1.287e-04
  829     829.000s     3.432e-01     3.432e-01    2.228e-05
  830     830.000s     3.428e-01     3.427e-01   -8.474e-05
  831     831.000s     3.423e-01     3.422e-01   -1.920e-04
  832     832.000s     3.419e-01     3.416e-01   -2.990e-04
  833     833.000s     3.415e-01     3.411e-01   -4.056e-04
  834     834.000s     3.411e-01     3.406e-01   -5.114e-04
  835     835.000s     3.407e-01     3.401e-01   -6.162e-04
  836     836.000s     3.403e-01     3.396e-01   -7.196e-04
  837     837.000s     3.399e-01     3.390e-01   -8.217e-04
  838     838.000s     3.394e-01     3.385e-01   -9.220e-04
  839     839.000s     3.390e-01     3.380e-01   -1.021e-03
  840     840.000s     3.386e-01     3.375e-01   -1.118e-03
  841     841.000s     3.382e-01     3.370e-01   -1.213e-03
  842     842.000s     3.378e-01     3.365e-01   -1.306e-03
  843     843.000s     3.374e-01     3.360e-01   -1.397e-03
  844     844.000s     3.369e-01     3.354e-01   -1.486e-03
  845     845.000s     3.365e-01     3.349e-01   -1.574e-03
  846     846.000s     3.361e-01     3.344e-01   -1.659e-03
  847     847.000s     3.357e-01     3.339e-01   -1.743e-03
  848     848.000s     3.352e-01     3.334e-01   -1.826e-03
  849     849.000s     3.348e-01     3.329e-01   -1.906e-03
  850     850.000s     3.344e-01     3.324e-01   -1.986e-03
  851     851.000s     3.340e-01     3.319e-01   -2.063e-03
  852     852.000s     3.335e-01     3.314e-01   -2.140e-03
  853     853.000s     3.331e-01     3.309e-01   -2.215e-03
  854     854.000s     3.327e-01     3.304e-01   -2.289e-03
  855     855.000s     3.322e-01     3.299e-01   -2.361e-03
  856     856.000s     3.318e-01     3.294e-01   -2.432e-03
  857     857.000s     3.314e-01     3.289e-01   -2.503e-03
  858     858.000s     3.309e-01     3.284e-01   -2.572e-03
  859     859.000s     3.305e-01     3.279e-01   -2.639e-03
  860     860.000s     3.301e-01     3.274e-01   -2.706e-03
  861     861.000s     3.296e-01     3.269e-01   -2.771e-03
  862     862.000s     3.292e-01     3.264e-01   -2.835e-03
  863     863.000s     3.288e-01     3.259e-01   -2.898e-03
  864     864.000s     3.283e-01     3.254e-01   -2.959e-03
  865     865.000s     3.279e-01     3.249e-01   -3.018e-03
  866     866.000s     3.274e-01     3.244e-01   -3.076e-03
  867     867.000s     3.270e-01     3.239e-01   -3.132e-03
  868     868.000s     3.266e-01     3.234e-01   -3.186e-03
  869     869.000s     3.261e-01     3.229e-01   -3.237e-03
  870     870.000s     3.257e-01     3.224e-01   -3.286e-03
  871     871.000s     3.252e-01     3.219e-01   -3.333e-03
  872     872.000s     3.248e-01     3.214e-01   -3.377e-03
  873     873.000s     3.243e-01     3.209e-01   -3.419e-03
  874     874.000s     3.239e-01     3.204e-01   -3.457e-03
  875     875.000s     3.234e-01     3.199e-01   -3.493e-03
  876     876.000s     3.230e-01     3.194e-01   -3.525e-03
  877     877.000s     3.225e-01     3.189e-01   -3.554e-03
  878     878.000s     3.220e-01     3.184e-01   -3.580e-03
  879     879.000s     3.216e-01     3.180e-01   -3.602e-03
  880     880.000s     3.211e-01     3.175e-01   -3.621e-03
  881     881.000s     3.206e-01     3.170e-01   -3.637e-03
  882     882.000s     3.201e-01     3.165e-01   -3.649e-03
  883     883.000s     3.197e-01     3.160e-01   -3.657e-03
  884     884.000s     3.192e-01     3.155e-01   -3.662e-03
  885     885.000s     3.187e-01     3.150e-01   -3.664e-03
  886     886.000s     3.182e-01     3.146e-01   -3.662e-03
  887     887.000s     3.177e-01     3.141e-01   -3.656e-03
  888     888.000s     3.172e-01     3.136e-01   -3.646e-03
  889     889.000s     3.167e-01     3.131e-01   -3.632e-03
  890     890.000s     3.162e-01     3.126e-01   -3.615e-03
  891     891.000s     3.157e-01     3.121e-01   -3.594e-03
  892     892.000s     3.152e-01     3.117e-01   -3.568e-03
  893     893.000s     3.147e-01     3.112e-01   -3.539e-03
  894     894.000s     3.142e-01     3.107e-01   -3.505e-03
  895     895.000s     3.137e-01     3.102e-01   -3.467e-03
  896     896.000s     3.132e-01     3.097e-01   -3.425e-03
  897     897.000s     3.126e-01     3.093e-01   -3.378e-03
  898     898.000s     3.121e-01     3.088e-01   -3.327e-03
  899     899.000s     3.116e-01     3.083e-01   -3.272e-03
  900     900.000s     3.111e-01     3.078e-01   -3.212e-03
  901     901.000s     3.105e-01     3.074e-01   -3.147e-03
  902     902.000s     3.100e-01     3.069e-01   -3.079e-03
  903     903.000s     3.094e-01     3.064e-01   -3.005e-03
  904     904.000s     3.089e-01     3.059e-01   -2.928e-03
  905     905.000s     3.083e-01     3.055e-01   -2.847e-03
  906     906.000s     3.078e-01     3.050e-01   -2.761e-03
  907     907.000s     3.072e-01     3.045e-01   -2.672e-03
  908     908.000s     3.066e-01     3.041e-01   -2.580e-03
  909     909.000s     3.061e-01     3.036e-01   -2.484e-03
  910     910.000s     3.055e-01     3.031e-01   -2.386e-03
  911     911.000s     3.049e-01     3.027e-01   -2.285e-03
  912     912.000s     3.044e-01     3.022e-01   -2.182e-03
  913     913.000s     3.038e-01     3.017e-01   -2.077e-03
  914     914.000s     3.032e-01     3.013e-01   -1.970e-03
  915     915.000s     3.027e-01     3.008e-01   -1.863e-03
  916     916.000s     3.021e-01     3.003e-01   -1.756e-03
  917     917.000s     3.015e-01     2.999e-01   -1.648e-03
  918     918.000s     3.009e-01     2.994e-01   -1.541e-03
  919     919.000s     3.004e-01     2.989e-01   -1.435e-03
  920     920.000s     2.998e-01     2.985e-01   -1.331e-03
  921     921.000s     2.992e-01     2.980e-01   -1.228e-03
  922     922.000s     2.987e-01     2.975e-01   -1.127e-03
  923     923.000s     2.981e-01     2.971e-01   -1.030e-03
  924     924.000s     2.976e-01     2.966e-01   -9.350e-04
  925     925.000s     2.970e-01     2.962e-01   -8.435e-04
  926     926.000s     2.965e-01     2.957e-01   -7.557e-04
  927     927.000s     2.959e-01     2.952e-01   -6.718e-04
  928     928.000s     2.954e-01     2.948e-01   -5.918e-04
  929     929.000s     2.948e-01     2.943e-01   -5.161e-04
  930     930.000s     2.943e-01     2.939e-01   -4.447e-04
  931     931.000s     2.938e-01     2.934e-01   -3.776e-04
  932     932.000s     2.933e-01     2.930e-01   -3.150e-04
  933     933.000s     2.928e-01     2.925e-01   -2.569e-04
  934     934.000s     2.923e-01     2.921e-01   -2.032e-04
  935     935.000s     2.918e-01     2.916e-01   -1.539e-04
  936     936.000s     2.913e-01     2.911e-01   -1.090e-04
  937     937.000s     2.908e-01     2.907e-01   -6.846e-05
  938     938.000s     2.903e-01     2.902e-01   -3.217e-05
  939     939.000s     2.898e-01     2.898e-01   -8.697e-08
  940     940.000s     2.893e-01     2.893e-01    2.787e-05
  941     941.000s     2.888e-01     2.889e-01    5.179e-05
  942     942.000s     2.884e-01     2.884e-01    7.175e-05
  943     943.000s     2.879e-01     2.880e-01    8.783e-05
  944     944.000s     2.874e-01     2.875e-01    1.001e-04
  945     945.000s     2.870e-01     2.871e-01    1.088e-04
  946     946.000s     2.865e-01     2.867e-01    1.138e-04
  947     947.000s     2.861e-01     2.862e-01    1.155e-04
  948     948.000s     2.856e-01     2.858e-01    1.138e-04
  949     949.000s     2.852e-01     2.853e-01    1.089e-04
  950     950.000s     2.848e-01     2.849e-01    1.011e-04
  951     951.000s     2.843e-01     2.844e-01    9.046e-05
  952     952.000s     2.839e-01     2.840e-01    7.722e-05
  953     953.000s     2.835e-01     2.835e-01    6.161e-05
  954     954.000s     2.831e-01     2.831e-01    4.388e-05
  955     955.000s     2.826e-01     2.827e-01    2.432e-05
  956     956.000s     2.822e-01     2.822e-01    3.217e-06
  957     957.000s     2.818e-01     2.818e-01   -1.910e-05
  958     958.000s     2.814e-01     2.813e-01   -4.229e-05
  959     959.000s     2.810e-01     2.809e-01   -6.602e-05
  960     960.000s     2.806e-01     2.805e-01   -8.992e-05
  961     961.000s     2.801e-01     2.800e-01   -1.136e-04
  962     962.000s     2.797e-01     2.796e-01   -1.368e-04
  963     963.000s     2.793e-01     2.791e-01   -1.590e-04
  964     964.000s     2.789e-01     2.787e-01   -1.800e-04
  965     965.000s     2.785e-01     2.783e-01   -1.995e-04
  966     966.000s     2.781e-01     2.778e-01   -2.171e-04
  967     967.000s     2.776e-01     2.774e-01   -2.327e-04
  968     968.000s     2.772e-01     2.770e-01   -2.460e-04
  969     969.000s     2.768e-01     2.765e-01   -2.568e-04
  970     970.000s     2.764e-01     2.761e-01   -2.651e-04
  971     971.000s     2.759e-01     2.757e-01   -2.708e-04
  972     972.000s     2.755e-01     2.752e-01   -2.740e-04
  973     973.000s     2.751e-01     2.748e-01   -2.746e-04
  974     974.000s     2.747e-01     2.744e-01   -2.728e-04
  975     975.000s     2.742e-01     2.740e-01   -2.688e-04
  976     976.000s     2.738e-01     2.735e-01   -2.628e-04
  977     977.000s     2.734e-01     2.731e-01   -2.551e-04
  978     978.000s     2.729e-01     2.727e-01   -2.459e-04
  979     979.000s     2.725e-01     2.722e-01   -2.357e-04
  980     980.000s     2.720e-01     2.718e-01   -2.247e-04
  981     981.000s     2.716e-01     2.714e-01   -2.134e-04
  982     982.000s     2.712e-01     2.710e-01   -2.022e-04
  983     983.000s     2.707e-01     2.705e-01   -1.914e-04
  984     984.000s     2.703e-01     2.701e-01   -1.814e-04
  985     985.000s     2.699e-01     2.697e-01   -1.725e-04
  986     986.000s     2.694e-01     2.693e-01   -1.652e-04
  987     987.000s     2.690e-01     2.688e-01   -1.596e-04
  988     988.000s     2.686e-01     2.684e-01   -1.561e-04
  989     989.000s     2.682e-01     2.680e-01   -1.549e-04
  990     990.000s     2.677e-01     2.676e-01   -1.561e-04
  991     991.000s     2.673e-01     2.672e-01   -1.599e-04
  992     992.000s     2.669e-01     2.667e-01   -1.663e-04
  993     993.000s     2.665e-01     2.663e-01   -1.754e-04
  994     994.000s     2.661e-01     2.659e-01   -1.873e-04
  995     995.000s     2.657e-01     2.655e-01   -2.017e-04
  996     996.000s     2.653e-01     2.651e-01   -2.188e-04
  997     997.000s     2.649e-01     2.647e-01   -2.383e-04
  998     998.000s     2.645e-01     2.642e-01   -2.601e-04
  999     999.000s     2.641e-01     2.638e-01   -2.841e-04
 1000    1000.000s     2.637e-01     2.634e-01   -3.101e-04
 1001    1001.000s     2.633e-01     2.630e-01   -3.378e-04
 1002    1002.000s     2.629e-01     2.626e-01   -3.672e-04
 1003    1003.000s     2.626e-01     2.622e-01   -3.981e-04
 1004    1004.000s     2.622e-01     2.618e-01   -4.301e-04
 1005    1005.000s     2.618e-01     2.613e-01   -4.631e-04
 1006    1006.000s     2.614e-01     2.609e-01   -4.970e-04
 1007    1007.000s     2.611e-01     2.605e-01   -5.315e-04
 1008    1008.000s     2.607e-01     2.601e-01   -5.663e-04
 1009    1009.000s     2.603e-01     2.597e-01   -6.014e-04
 1010    1010.000s     2.599e-01     2.593e-01   -6.366e-04
 1011    1011.000s     2.596e-01     2.589e-01   -6.715e-04
 1012    1012.000s     2.592e-01     2.585e-01   -7.061e-04
 1013    1013.000s     2.588e-01     2.581e-01   -7.402e-04
 1014    1014.000s     2.584e-01     2.577e-01   -7.736e-04
 1015    1015.000s     2.581e-01     2.573e-01   -8.061e-04
 1016    1016.000s     2.577e-01     2.568e-01   -8.374e-04
 1017    1017.000s     2.573e-01     2.564e-01   -8.676e-04
 1018    1018.000s     2.569e-01     2.560e-01   -8.962e-04
 1019    1019.000s     2.566e-01     2.556e-01   -9.233e-04
 1020    1020.000s     2.562e-01     2.552e-01   -9.485e-04
 1021    1021.000s     2.558e-01     2.548e-01   -9.718e-04
 1022    1022.000s     2.554e-01     2.544e-01   -9.929e-04
 1023    1023.000s     2.550e-01     2.540e-01   -1.012e-03
 1024    1024.000s     2.546e-01     2.536e-01   -1.028e-03
 1025    1025.000s     2.543e-01     2.532e-01   -1.042e-03
 1026    1026.000s     2.539e-01     2.528e-01   -1.053e-03
 1027    1027.000s     2.535e-01     2.524e-01   -1.061e-03
 1028    1028.000s     2.531e-01     2.520e-01   -1.066e-03
 1029    1029.000s     2.527e-01     2.516e-01   -1.068e-03
 1030    1030.000s     2.523e-01     2.512e-01   -1.067e-03
 1031    1031.000s     2.519e-01     2.508e-01   -1.063e-03
 1032    1032.000s     2.515e-01     2.504e-01   -1.055e-03
 1033    1033.000s     2.511e-01     2.500e-01   -1.044e-03
 1034    1034.000s     2.507e-01     2.496e-01   -1.030e-03
 1035    1035.000s     2.503e-01     2.492e-01   -1.011e-03
 1036    1036.000s     2.498e-01     2.488e-01   -9.898e-04
 1037    1037.000s     2.494e-01     2.485e-01   -9.645e-04
 1038    1038.000s     2.490e-01     2.481e-01   -9.357e-04
 1039    1039.000s     2.486e-01     2.477e-01   -9.033e-04
 1040    1040.000s     2.481e-01     2.473e-01   -8.674e-04
 1041    1041.000s     2.477e-01     2.469e-01   -8.280e-04
 1042    1042.000s     2.473e-01     2.465e-01   -7.851e-04
 1043    1043.000s     2.468e-01     2.461e-01   -7.388e-04
 1044    1044.000s     2.464e-01     2.457e-01   -6.891e-04
 1045    1045.000s     2.460e-01     2.453e-01   -6.361e-04
 1046    1046.000s     2.455e-01     2.449e-01   -5.798e-04
 1047    1047.000s     2.451e-01     2.445e-01   -5.204e-04
 1048    1048.000s     2.446e-01     2.442e-01   -4.578e-04
 1049    1049.000s     2.442e-01     2.438e-01   -3.922e-04
 1050    1050.000s     2.437e-01     2.434e-01   -3.236e-04
 1051    1051.000s     2.432e-01     2.430e-01   -2.521e-04
 1052    1052.000s     2.428e-01     2.426e-01   -1.778e-04
 1053    1053.000s     2.423e-01     2.422e-01   -1.007e-04
 1054    1054.000s     2.419e-01     2.418e-01   -2.100e-05
 1055    1055.000s     2.414e-01     2.415e-01    6.125e-05
 1056    1056.000s     2.409e-01     2.411e-01    1.459e-04
 1057    1057.000s     2.405e-01     2.407e-01    2.330e-04
 1058    1058.000s     2.400e-01     2.403e-01    3.222e-04
 1059    1059.000s     2.395e-01     2.399e-01    4.134e-04
 1060    1060.000s     2.390e-01     2.395e-01    5.065e-04
 1061    1061.000s     2.386e-01     2.392e-01    6.014e-04
 1062    1062.000s     2.381e-01     2.388e-01    6.977e-04
 1063    1063.000s     2.376e-01     2.384e-01    7.953e-04
 1064    1064.000s     2.371e-01     2.380e-01    8.939e-04
 1065    1065.000s     2.366e-01     2.376e-01    9.932e-04
 1066    1066.000s     2.362e-01     2.373e-01    1.093e-03
 1067    1067.000s     2.357e-01     2.369e-01    1.193e-03
 1068    1068.000s     2.352e-01     2.365e-01    1.293e-03
 1069    1069.000s     2.347e-01     2.361e-01    1.393e-03
 1070    1070.000s     2.343e-01     2.358e-01    1.491e-03
 1071    1071.000s     2.338e-01     2.354e-01    1.589e-03
 1072    1072.000s     2.333e-01     2.350e-01    1.685e-03
 1073    1073.000s     2.329e-01     2.346e-01    1.780e-03
 1074    1074.000s     2.324e-01     2.343e-01    1.872e-03
 1075    1075.000s     2.319e-01     2.339e-01    1.962e-03
 1076    1076.000s     2.315e-01     2.335e-01    2.050e-03
 1077    1077.000s     2.310e-01     2.331e-01    2.135e-03
 1078    1078.000s     2.306e-01     2.328e-01    2.216e-03
 1079    1079.000s     2.301e-01     2.324e-01    2.294e-03
 1080    1080.000s     2.297e-01     2.320e-01    2.368e-03
 1081    1081.000s     2.292e-01     2.317e-01    2.439e-03
 1082    1082.000s     2.288e-01     2.313e-01    2.506e-03
 1083    1083.000s     2.283e-01     2.309e-01    2.568e-03
 1084    1084.000s     2.279e-01     2.305e-01    2.626e-03
 1085    1085.000s     2.275e-01     2.302e-01    2.680e-03
 1086    1086.000s     2.271e-01     2.298e-01    2.730e-03
 1087    1087.000s     2.267e-01     2.294e-01    2.775e-03
 1088    1088.000s     2.263e-01     2.291e-01    2.816e-03
 1089    1089.000s     2.259e-01     2.287e-01    2.852e-03
 1090    1090.000s     2.255e-01     2.283e-01    2.883e-03
 1091    1091.000s     2.251e-01     2.280e-01    2.911e-03
 1092    1092.000s     2.247e-01     2.276e-01    2.934e-03
 1093    1093.000s     2.243e-01     2.273e-01    2.952e-03
 1094    1094.000s     2.239e-01     2.269e-01    2.967e-03
 1095    1095.000s     2.235e-01     2.265e-01    2.977e-03
 1096    1096.000s     2.232e-01     2.262e-01    2.984e-03
 1097    1097.000s     2.228e-01     2.258e-01    2.986e-03
 1098    1098.000s     2.225e-01     2.254e-01    2.985e-03
 1099    1099.000s     2.221e-01     2.251e-01    2.980e-03
 1100    1100.000s     2.217e-01     2.247e-01    2.971e-03
 1101    1101.000s     2.214e-01     2.244e-01    2.959e-03
 1102    1102.000s     2.211e-01     2.240e-01    2.944e-03
 1103    1103.000s     2.207e-01     2.236e-01    2.925e-03
 1104    1104.000s     2.204e-01     2.233e-01    2.903e-03
 1105    1105.000s     2.200e-01     2.229e-01    2.877e-03
 1106    1106.000s     2.197e-01     2.226e-01    2.849e-03
 1107    1107.000s     2.194e-01     2.222e-01    2.817e-03
 1108    1108.000s     2.191e-01     2.219e-01    2.782e-03
 1109    1109.000s     2.188e-01     2.215e-01    2.744e-03
 1110    1110.000s     2.184e-01     2.211e-01    2.702e-03
 1111    1111.000s     2.181e-01     2.208e-01    2.657e-03
 1112    1112.000s     2.178e-01     2.204e-01    2.609e-03
 1113    1113.000s     2.175e-01     2.201e-01    2.557e-03
 1114    1114.000s     2.172e-01     2.197e-01    2.501e-03
 1115    1115.000s     2.169e-01     2.194e-01    2.442e-03
 1116    1116.000s     2.166e-01     2.190e-01    2.379e-03
 1117    1117.000s     2.164e-01     2.187e-01    2.312e-03
 1118    1118.000s     2.161e-01     2.183e-01    2.241e-03
 1119    1119.000s     2.158e-01     2.180e-01    2.166e-03
 1120    1120.000s     2.155e-01     2.176e-01    2.086e-03
 1121    1121.000s     2.153e-01     2.173e-01    2.003e-03
 1122    1122.000s     2.150e-01     2.169e-01    1.916e-03
 1123    1123.000s     2.147e-01     2.166e-01    1.825e-03
 1124    1124.000s     2.145e-01     2.162e-01    1.731e-03
 1125    1125.000s     2.142e-01     2.159e-01    1.632e-03
 1126    1126.000s     2.140e-01     2.155e-01    1.531e-03
 1127    1127.000s     2.138e-01     2.152e-01    1.426e-03
 1128    1128.000s     2.135e-01     2.148e-01    1.319e-03
 1129    1129.000s     2.133e-01     2.145e-01    1.210e-03
 1130    1130.000s     2.130e-01     2.141e-01    1.099e-03
 1131    1131.000s     2.128e-01     2.138e-01    9.869e-04
 1132    1132.000s     2.126e-01     2.135e-01    8.738e-04
 1133    1133.000s     2.124e-01     2.131e-01    7.604e-04
 1134    1134.000s     2.121e-01     2.128e-01    6.474e-04
 1135    1135.000s     2.119e-01     2.124e-01    5.353e-04
 1136    1136.000s     2.117e-01     2.121e-01    4.247e-04
 1137    1137.000s     2.114e-01     2.117e-01    3.163e-04
 1138    1138.000s     2.112e-01     2.114e-01    2.106e-04
 1139    1139.000s     2.110e-01     2.111e-01    1.081e-04
 1140    1140.000s     2.107e-01     2.107e-01    9.599e-06
 1141    1141.000s     2.105e-01     2.104e-01   -8.448e-05
 1142    1142.000s     2.102e-01     2.100e-01   -1.736e-04
 1143    1143.000s     2.100e-01     2.097e-01   -2.572e-04
 1144    1144.000s     2.097e-01     2.094e-01   -3.348e-04
 1145    1145.000s     2.094e-01     2.090e-01   -4.061e-04
 1146    1146.000s     2.092e-01     2.087e-01   -4.707e-04
 1147    1147.000s     2.089e-01     2.084e-01   -5.282e-04
 1148    1148.000s     2.086e-01     2.080e-01   -5.784e-04
 1149    1149.000s     2.083e-01     2.077e-01   -6.211e-04
 1150    1150.000s     2.080e-01     2.074e-01   -6.561e-04
 1151    1151.000s     2.077e-01     2.070e-01   -6.833e-04
 1152    1152.000s     2.074e-01     2.067e-01   -7.028e-04
 1153    1153.000s     2.071e-01     2.063e-01   -7.145e-04
 1154    1154.000s     2.067e-01     2.060e-01   -7.186e-04
 1155    1155.000s     2.064e-01     2.057e-01   -7.152e-04
 1156    1156.000s     2.061e-01     2.053e-01   -7.045e-04
 1157    1157.000s     2.057e-01     2.050e-01   -6.868e-04
 1158    1158.000s     2.053e-01     2.047e-01   -6.625e-04
 1159    1159.000s     2.050e-01     2.044e-01   -6.318e-04
 1160    1160.000s     2.046e-01     2.040e-01   -5.953e-04
 1161    1161.000s     2.042e-01     2.037e-01   -5.533e-04
 1162    1162.000s     2.039e-01     2.034e-01   -5.064e-04
 1163    1163.000s     2.035e-01     2.030e-01   -4.550e-04
 1164    1164.000s     2.031e-01     2.027e-01   -3.998e-04
 1165    1165.000s     2.027e-01     2.024e-01   -3.411e-04
 1166    1166.000s     2.023e-01     2.021e-01   -2.797e-04
 1167    1167.000s     2.019e-01     2.017e-01   -2.161e-04
 1168    1168.000s     2.016e-01     2.014e-01   -1.508e-04
 1169    1169.000s     2.012e-01     2.011e-01   -8.438e-05
 1170    1170.000s     2.008e-01     2.007e-01   -1.739e-05
 1171    1171.000s     2.004e-01     2.004e-01    4.966e-05
 1172    1172.000s     2.000e-01     2.001e-01    1.163e-04
 1173    1173.000s     1.996e-01     1.998e-01    1.820e-04
 1174    1174.000s     1.992e-01     1.995e-01    2.465e-04
 1175    1175.000s     1.988e-01     1.991e-01    3.093e-04
 1176    1176.000s     1.984e-01     1.988e-01    3.702e-04
 1177    1177.000s     1.981e-01     1.985e-01    4.288e-04
 1178    1178.000s     1.977e-01     1.982e-01    4.849e-04
 1179    1179.000s     1.973e-01     1.978e-01    5.383e-04
 1180    1180.000s     1.969e-01     1.975e-01    5.890e-04
 1181    1181.000s     1.966e-01     1.972e-01    6.369e-04
 1182    1182.000s     1.962e-01     1.969e-01    6.819e-04
 1183    1183.000s     1.958e-01     1.966e-01    7.241e-04
 1184    1184.000s     1.955e-01     1.962e-01    7.635e-04
 1185    1185.000s     1.951e-01     1.959e-01    8.003e-04
 1186    1186.000s     1.948e-01     1.956e-01    8.346e-04
 1187    1187.000s     1.944e-01     1.953e-01    8.665e-04
 1188    1188.000s     1.941e-01     1.950e-01    8.963e-04
 1189    1189.000s     1.937e-01     1.947e-01    9.241e-04
 1190    1190.000s     1.934e-01     1.943e-01    9.501e-04
 1191    1191.000s     1.930e-01     1.940e-01    9.745e-04
 1192    1192.000s     1.927e-01     1.937e-01    9.976e-04
 1193    1193.000s     1.924e-01     1.934e-01    1.019e-03
 1194    1194.000s     1.920e-01     1.931e-01    1.040e-03
 1195    1195.000s     1.917e-01     1.928e-01    1.060e-03
 1196    1196.000s     1.914e-01     1.925e-01    1.079e-03
 1197    1197.000s     1.910e-01     1.921e-01    1.098e-03
 1198    1198.000s     1.907e-01     1.918e-01    1.116e-03
 1199    1199.000s     1.904e-01     1.915e-01    1.133e-03
 1200    1200.000s     1.901e-01     1.912e-01    1.150e-03
 1201    1201.000s     1.897e-01     1.909e-01    1.166e-03
 1202    1202.000s     1.894e-01     1.906e-01    1.182e-03
 1203    1203.000s     1.891e-01     1.903e-01    1.198e-03
 1204    1204.000s     1.888e-01     1.900e-01    1.213e-03
 1205    1205.000s     1.884e-01     1.897e-01    1.227e-03
 1206    1206.000s     1.881e-01     1.893e-01    1.241e-03
 1207    1207.000s     1.878e-01     1.890e-01    1.255e-03
 1208    1208.000s     1.875e-01     1.887e-01    1.268e-03
 1209    1209.000s     1.871e-01     1.884e-01    1.281e-03
 1210    1210.000s     1.868e-01     1.881e-01    1.293e-03
 1211    1211.000s     1.865e-01     1.878e-01    1.305e-03
 1212    1212.000s     1.862e-01     1.875e-01    1.317e-03
 1213    1213.000s     1.859e-01     1.872e-01    1.329e-03
 1214    1214.000s     1.856e-01     1.869e-01    1.341e-03
 1215    1215.000s     1.852e-01     1.866e-01    1.352e-03
 1216    1216.000s     1.849e-01     1.863e-01    1.364e-03
 1217    1217.000s     1.846e-01     1.860e-01    1.376e-03
 1218    1218.000s     1.843e-01     1.857e-01    1.389e-03
 1219    1219.000s     1.840e-01     1.854e-01    1.401e-03
 1220    1220.000s     1.837e-01     1.851e-01    1.414e-03
 1221    1221.000s     1.833e-01     1.848e-01    1.428e-03
 1222    1222.000s     1.830e-01     1.845e-01    1.442e-03
 1223    1223.000s     1.827e-01     1.842e-01    1.457e-03
 1224    1224.000s     1.824e-01     1.839e-01    1.472e-03
 1225    1225.000s     1.821e-01     1.836e-01    1.487e-03
 1226    1226.000s     1.818e-01     1.833e-01    1.503e-03
 1227    1227.000s     1.814e-01     1.830e-01    1.518e-03

============================================================

