SIMFIT 1
1   292452973
2   292172429
3   291891971
4   291611584
5   291331248
6   291050943
7   290770641
8   290490314
9   290209925
10   289929437
11   289648806
12   289367984
13   289086919
14   288805555
15   288523835
16   288241698
17   287959085
18   287675935
19   287392192
20   287107801
21   286822714
22   286536888
23   286250290
24   285962896
25   285674690
26   285385670
27   285095844
28   284805232
29   284513867
30   284221792
31   283929062
32   283635742
33   283341906
34   283047635
35   282753019
36   282458150
37   282163126
38   281868050
39   281573021
40   281278142
41   280983516
42   280689241
43   280395416
44   280102134
45   279809486
46   279517556
47   279226427
48   278936174
49   278646866
50   278358567
51   278071334
52   277785217
53   277500258
54   277216492
55   276933946
56   276652640
57   276372583
58   276093776
59   275816213
60   275539875
61   275264738
62   274990767
63   274717916
64   274446134
65   274175360
66   273905525
67   273636552
68   273368360
69   273100861
70   272833962
71   272567568
72   272301581
73   272035902
74   271770432
75   271505073
76   271239732
77   270974315
78   270708736
79   270442911
80   270176763
81   269910221
82   269643218
83   269375694
84   269107596
85   268838874
86   268569486
87   268299393
88   268028562
89   267756963
90   267484571
91   267211367
92   266937333
93   266662457
94   266386730
95   266110150
96   265832716
97   265554436
98   265275322
99   264995393
100   264714673
101   264433194
102   264150995
103   263868122
104   263584629
105   263300574
106   263016025
107   262731053
108   262445735
109   262160153
110   261874389
111   261588529
112   261302658
113   261016859
114   260731213
115   260445796
116   260160677
117   259875920
118   259591578
119   259307696
120   259024310
121   258741443
122   258459108
123   258177309
124   257896038
125   257615278
126   257335003
127   257055182
128   256775774
129   256496737
130   256218025
131   255939590
132   255661386
133   255383365
134   255105486
135   254827710
136   254550003
137   254272337
138   253994690
139   253717048
140   253439401
141   253161747
142   252884089
143   252606436
144   252328803
145   252051206
146   251773668
147   251496212
148   251218864
149   250941649
150   250664593
151   250387720
152   250111054
153   249834613
154   249558416
155   249282473
156   249006792
157   248731376
158   248456222
159   248181321
160   247906658
161   247632211
162   247357955
163   247083855
164   246809875
165   246535970
166   246262093
167   245988192
168   245714211
169   245440092
170   245165774
171   244891197
172   244616297
173   244341011
174   244065278
175   243789037
176   243512229
177   243234798
178   242956691
179   242677859
180   242398259
181   242117851
182   241836604
183   241554489
184   241271489
185   240987591
186   240702792
187   240417096
188   240130516
189   239843073
190   239554797
191   239265726
192   238975904
193   238685383
194   238394221
195   238102482
196   237810231
197   237517542
198   237224486
199   236931140
200   236637579
201   236343880
202   236050121
203   235756376
204   235462722
205   235169235
206   234875989
207   234583059
208   234290520
209   233998447
210   233706914
211   233415998
212   233125775
213   232836320
214   232547711
215   232260024
216   231973334
217   231687718
218   231403249
219   231119999
220   230838038
221   230557433
222   230278249
223   230000546
224   229724381
225   229449807
226   229176872
227   228905619
228   228636085
229   228368303
230   228102300
231   227838093
232   227575697
233   227315116
234   227056349
235   226799387
236   226544211
237   226290795
238   226039106
239   225789100
240   225540727
241   225293927
242   225048632
243   224804768
244   224562252
245   224320994
246   224080899
247   223841865
248   223603787
249   223366556
250   223130060
251   222894187
252   222658825
253   222423862
254   222189190
255   221954702
256   221720297
257   221485880
258   221251358
259   221016649
260   220781673
261   220546357
262   220310636
263   220074449
264   219837739
265   219600454
266   219362548
267   219123976
268   218884695
269   218644665
270   218403846
271   218162200
272   217919689
273   217676275
274   217431919
275   217186585
276   216940236
277   216692836
278   216444350
279   216194745
280   215943990
281   215692060
282   215438931
283   215184584
284   214929007
285   214672194
286   214414144
287   214154865
288   213894373
289   213632691
290   213369852
291   213105896
292   212840872
293   212574835
294   212307850
295   212039987
296   211771323
297   211501937
298   211231916
299   210961347
300   210690321
301   210418927
302   210147257
303   209875401
304   209603444
305   209331473
306   209059567
307   208787801
308   208516246
309   208244967
310   207974018
311   207703451
312   207433304
313   207163611
314   206894392
315   206625662
316   206357421
317   206089663
318   205822371
319   205555515
320   205289062
321   205022967
322   204757177
323   204491638
324   204226287
325   203961062
326   203695897
327   203430730
328   203165501
329   202900153
330   202634638
331   202368915
332   202102949
333   201836720
334   201570214
335   201303430
336   201036378
337   200769079
338   200501564
339   200233873
340   199966055
341   199698170
342   199430279
343   199162453
344   198894765
345   198627290
346   198360105
347   198093285
348   197826904
349   197561033
350   197295735
351   197031072
352   196767092
353   196503841
354   196241352
355   195979650
356   195718749
357   195458655
358   195199363
359   194940861
360   194683128
361   194426137
362   194169855
363   193914249
364   193659280
365   193404910
366   193151105
367   192897829
368   192645055
369   192392759
370   192140922
371   191889533
372   191638586
373   191388083
374   191138030
375   190888439
376   190639325
377   190390708
378   190142607
379   189895042
380   189648032
381   189401593
382   189155738
383   188910473
384   188665799
385   188421708
386   188178187
387   187935212
388   187692751
389   187450764
390   187209203
391   186968013
392   186727129
393   186486486
394   186246011
395   186005630
396   185765269
397   185524855
398   185284317
399   185043591
400   184802618
401   184561347
402   184319740
403   184077767
404   183835409
405   183592661
406   183349529
407   183106030
408   182862193
409   182618058
410   182373671
411   182129087
412   181884367
413   181639575
414   181394777
415   181150039
416   180905427
417   180661003
418   180416825
419   180172946
420   179929412
421   179686262
422   179443532
423   179201245
424   178959423
425   178718078
426   178477217
427   178236846
428   177996963
429   177757565
430   177518649
431   177280212
432   177042249
433   176804760
434   176567746
435   176331212
436   176095166
437   175859619
438   175624587
439   175390087
440   175156141
441   174922768
442   174689992
443   174457833
444   174226311
445   173995441
446   173765237
447   173535703
448   173306843
449   173078652
450   172851116
451   172624220
452   172397938
453   172172240
454   171947092
455   171722453
456   171498282
457   171274533
458   171051161
459   170828123
460   170605374
461   170382876
462   170160592
463   169938492
464   169716552
465   169494753
466   169273082
467   169051537
468   168830117
469   168608833
470   168387698
471   168166734
472   167945966
473   167725423
474   167505139
475   167285149
476   167065490
477   166846198
478   166627311
479   166408862
480   166190882
481   165973399
482   165756434
483   165540003
484   165324114
485   165108768
486   164893957
487   164679666
488   164465869
489   164252531
490   164039611
491   163827056
492   163614809
493   163402804
494   163190970
495   162979232
496   162767511
497   162555726
498   162343796
499   162131641
500   161919184
501   161706351
502   161493072
503   161279285
504   161064936
505   160849977
506   160634372
507   160418092
508   160201120
509   159983451
510   159765089
511   159546049
512   159326356
513   159106047
514   158885167
515   158663771
516   158441920
517   158219683
518   157997134
519   157774353
520   157551419
521   157328416
522   157105426
523   156882531
524   156659810
525   156437336
526   156215177
527   155993395
528   155772042
529   155551163
530   155330791
531   155110948
532   154891645
533   154672883
534   154454649
535   154236919
536   154019662
537   153802832
538   153586381
539   153370248
540   153154374
541   152938693
542   152723140
543   152507651
544   152292168
545   152076637
546   151861011
547   151645254
548   151429339
549   151213250
550   150996981
551   150780538
552   150563937
553   150347201
554   150130365
555   149913467
556   149696552
557   149479666
558   149262858
559   149046178
560   148829671
561   148613383
562   148397354
563   148181622
564   147966218
565   147751170
566   147536499
567   147322225
568   147108360
569   146894915
570   146681896
571   146469308
572   146257153
573   146045431
574   145834141
575   145623281
576   145412851
577   145202846
578   144993266
579   144784108
580   144575371
581   144367055
582   144159160
583   143951688
584   143744641
585   143538023
586   143331838
587   143126091
588   142920790
589   142715939
590   142511547
591   142307620
592   142104164
593   141901183
594   141698683
595   141496665
596   141295129
597   141094075
598   140893498
599   140693392
600   140493750
601   140294561
602   140095814
603   139897497
604   139699594
605   139502092
606   139304976
607   139108233
608   138911851
609   138715819
610   138520130
611   138324777
612   138129761
613   137935083
614   137740749
615   137546772
616   137353165
617   137159948
618   136967144
619   136774779
620   136582880
621   136391478
622   136200603
623   136010285
624   135820551
625   135631429
626   135442941
627   135255106
628   135067938
629   134881446
630   134695633
631   134510498
632   134326033
633   134142228
634   133959065
635   133776525
636   133594584
637   133413217
638   133232397
639   133052097
640   132872289
641   132692946
642   132514044
643   132335559
644   132157471
645   131979761
646   131802417
647   131625424
648   131448775
649   131272463
650   131096484
651   130920834
652   130745510
653   130570511
654   130395832
655   130221467
656   130047406
657   129873635
658   129700134
659   129526877
660   129353830
661   129180952
662   129008192
663   128835492
664   128662786
665   128489999
666   128317052
667   128143856
668   127970322
669   127796357
670   127621868
671   127446763
672   127270956
673   127094365
674   126916919
675   126738556
676   126559229
677   126378904
678   126197563
679   126015207
680   125831853
681   125647538
682   125462314
683   125276252
684   125089437
685   124901971
686   124713963
687   124525534
688   124336808
689   124147915
690   123958982
691   123770132
692   123581480
693   123393132
694   123205181
695   123017702
696   122830754
697   122644379
698   122458595
699   122273404
700   122088789
701   121904713
702   121721124
703   121537955
704   121355127
705   121172555
706   120990143
707   120807796
708   120625417
709   120442911
710   120260190
711   120077171
712   119893782
713   119709959
714   119525651
715   119340818
716   119155431
717   118969473
718   118782936
719   118595820
720   118408136
721   118219898
722   118031126
723   117841842
724   117652070
725   117461835
726   117271162
727   117080073
728   116888590
729   116696732
730   116504518
731   116311965
732   116119089
733   115925907
734   115732437
735   115538698
736   115344711
737   115150502
738   114956096
739   114761527
740   114566828
741   114372039
742   114177202
743   113982361
744   113787566
745   113592868
746   113398318
747   113203973
748   113009888
749   112816122
750   112622734
751   112429784
752   112237334
753   112045447
754   111854186
755   111663618
756   111473809
757   111284829
758   111096747
759   110909634
760   110723564
761   110538611
762   110354848
763   110172349
764   109991187
765   109811433
766   109633154
767   109456415
768   109281272
769   109107776
770   108935969
771   108765880
772   108597531
773   108430927
774   108266061
775   108102911
776   107941441
777   107781597
778   107623313
779   107466506
780   107311082
781   107156934
782   107003944
783   106851989
784   106700937
785   106550654
786   106401007
787   106251863
788   106103096
789   105954586
790   105806225
791   105657917
792   105509579
793   105361147
794   105212573
795   105063828
796   104914903
797   104765807
798   104616569
799   104467235
800   104317869
801   104168551
802   104019372
803   103870437
804   103721859
805   103573757
806   103426257
807   103279481
808   103133554
809   102988594
810   102844712
811   102702011
812   102560582
813   102420502
814   102281832
815   102144617
816   102008884
817   101874642
818   101741882
819   101610575
820   101480676
821   101352123
822   101224840
823   101098736
824   100973709
825   100849650
826   100726443
827   100603966
828   100482097
829   100360714
830   100239701
831   100118944
832   99998337
833   99877782
834   99757192
835   99636490
836   99515608
837   99394493
838   99273099
839   99151392
840   99029348
841   98906953
842   98784199
843   98661085
844   98537619
845   98413810
846   98289672
847   98165223
848   98040481
849   97915467
850   97790201
851   97664701
852   97538988
853   97413078
854   97286985
855   97160723
856   97034300
857   96907721
858   96780989
859   96654100
860   96527046
861   96399813
862   96272384
863   96144735
864   96016836
865   95888656
866   95760156
867   95631295
868   95502031
869   95372319
870   95242112
871   95111367
872   94980040
873   94848090
874   94715479
875   94582171
876   94448138
877   94313352
878   94177790
879   94041434
880   93904267
881   93766277
882   93627452
883   93487781
884   93347253
885   93205858
886   93063584
887   92920417
888   92776341
889   92631338
890   92485389
891   92338472
892   92190564
893   92041641
894   91891681
895   91740660
896   91588559
897   91435360
898   91281051
899   91125625
900   90969079
901   90811419
902   90652658
903   90492819
904   90331931
905   90170036
906   90007183
907   89843433
908   89678857
909   89513536
910   89347560
911   89181030
912   89014054
913   88846750
914   88679242
915   88511659
916   88344135
917   88176806
918   88009809
919   87843280
920   87677350
921   87512148
922   87347794
923   87184401
924   87022071
925   86860896
926   86700957
927   86542323
928   86385049
929   86229181
930   86074752
931   85921786
932   85770297
933   85620290
934   85471764
935   85324712
936   85179121
937   85034977
938   84892260
939   84750950
940   84611024
941   84472459
942   84335230
943   84199311
944   84064674
945   83931289
946   83799124
947   83668143
948   83538307
949   83409573
950   83281891
951   83155206
952   83029457
953   82904577
954   82780492
955   82657118
956   82534371
957   82412154
958   82290370
959   82168917
960   82047688
961   81926578
962   81805481
963   81684295
964   81562922
965   81441269
966   81319255
967   81196808
968   81073867
969   80950389
970   80826341
971   80701709
972   80576496
973   80450719
974   80324415
975   80197632
976   80070437
977   79942907
978   79815134
979   79687215
980   79559258
981   79431373
982   79303674
983   79176272
984   79049277
985   78922794
986   78796918
987   78671737
988   78547327
989   78423751
990   78301060
991   78179291
992   78058469
993   77938604
994   77819696
995   77701730
996   77584685
997   77468527
998   77353217
999   77238710
1000   77124954
1001   77011895
1002   76899476
1003   76787638
1004   76676323
1005   76565471
1006   76455024
1007   76344922
1008   76235108
1009   76125525
1010   76016118
1011   75906830
1012   75797607
1013   75688394
1014   75579137
1015   75469781
1016   75360273
1017   75250560
1018   75140588
1019   75030306
1020   74919663
1021   74808608
1022   74697093
1023   74585071
1024   74472496
1025   74359327
1026   74245523
1027   74131045
1028   74015858
1029   73899931
1030   73783233
1031   73665739
1032   73547425
1033   73428273
1034   73308267
1035   73187394
1036   73065647
1037   72943019
1038   72819510
1039   72695122
1040   72569861
1041   72443733
1042   72316752
1043   72188928
1044   72060279
1045   71930820
1046   71800571
1047   71669549
1048   71537775
1049   71405270
1050   71272054
1051   71138150
1052   71003580
1053   70868370
1054   70732544
1055   70596132
1056   70459165
1057   70321676
1058   70183705
1059   70045296
1060   69906495
1061   69767358
1062   69627943
1063   69488315
1064   69348546
1065   69208711
1066   69068891
1067   68929173
1068   68789644
1069   68650397
1070   68511527
1071   68373128
1072   68235294
1073   68098121
1074   67961700
1075   67826121
1076   67691467
1077   67557820
1078   67425255
1079   67293840
1080   67163640
1081   67034710
1082   66907098
1083   66780846
1084   66655988
1085   66532552
1086   66410557
1087   66290015
1088   66170932
1089   66053308
1090   65937137
1091   65822406
1092   65709100
1093   65597198
1094   65486674
1095   65377503
1096   65269654
1097   65163098
1098   65057804
1099   64953740
1100   64850878
1101   64749190
1102   64648650
1103   64549238
1104   64450937
1105   64353733
1106   64257619
1107   64162594
1108   64068661
1109   63975829
1110   63884113
1111   63793532
1112   63704111
1113   63615875
1114   63528853
1115   63443073
1116   63358564
1117   63275349
1118   63193448
1119   63112874
1120   63033630
1121   62955711
1122   62879099
1123   62803763
1124   62729660
1125   62656731
1126   62584902
1127   62514086
1128   62444181
1129   62375070
1130   62306625
1131   62238706
1132   62171162
1133   62103833
1134   62036554
1135   61969153
1136   61901454
1137   61833281
1138   61764457
1139   61694809
1140   61624166
1141   61552366
1142   61479252
1143   61404678
1144   61328509
1145   61250623
1146   61170911
1147   61089281
1148   61005654
1149   60919970
1150   60832186
1151   60742277
1152   60650236
1153   60556073
1154   60459818
1155   60361516
1156   60261231
1157   60159041
1158   60055040
1159   59949338
1160   59842054
1161   59733321
1162   59623280
1163   59512083
1164   59399885
1165   59286847
1166   59173135
1167   59058912
1168   58944342
1169   58829588
1170   58714804
1171   58600141
1172   58485741
1173   58371735
1174   58258244
1175   58145377
1176   58033226
1177   57921874
1178   57811383
1179   57701805
1180   57593174
1181   57485509
1182   57378815
1183   57273085
1184   57168298
1185   57064422
1186   56961418
1187   56859238
1188   56757828
1189   56657133
1190   56557094
1191   56457652
1192   56358752
1193   56260341
1194   56162371
1195   56064798
1196   55967586
1197   55870705
1198   55774132
1199   55677848
1200   55581843
1201   55486108
1202   55390641
1203   55295441
1204   55200509
1205   55105845
1206   55011449
1207   54917320
1208   54823453
1209   54729838
1210   54636464
1211   54543314
1212   54450367
1213   54357601
1214   54264988
1215   54172499
1216   54080106
1217   53987781
1218   53895496
1219   53803230
1220   53710965
1221   53618691
1222   53526404
1223   53434110
1224   53341825
1225   53249575
1226   53157398
1227   53065340
