61
9e-06 0 0
0 0 1
8876.57 3.9423e+11 10434
1.5e-05 0 0
0 0 1
8876 3.84935e+11 0
2.4e-05 0 0
0 0 1
8876 3.7139e+11 0
4e-05 0 0
0 0 1
8876 3.50359e+11 0
6.5e-05 0 0
0 0 1
8876 3.18462e+11 0
0.000107 0 0
0 0 1
8876 2.72799e+11 0
0.000176 0 0
0 0 1
8876 2.12914e+11 0
0.000289 0 0
0 0 1
8876 1.42286e+11 0
0.000475 0 0
0 0 1
8876 7.64228e+10 0
0.00078 0 0
0 0 1
8876 2.81725e+10 0
1.2e-05 0 0
0 0 1
8876 3.90297e+11 0
1.9e-05 0 0
0 0 1
8875.55 3.79364e+11 10436
3.1e-05 0 0
0 0 1
8876 3.61558e+11 0
5.1e-05 0 0
0 0 1
8876 3.35645e+11 0
8.4e-05 0 0
0 0 1
8876 2.97348e+11 0
0.000138 0 0
0 0 1
8876 2.43782e+11 0
0.000226 0 0
0 0 1
8876 1.78382e+11 0
0.000371 0 0
0 0 1
8876 1.07619e+11 0
0.000609 0 0
0 0 1
8876 4.90025e+10 0
0.001 0 0
0 0 1
8876 1.41879e+10 0
-1 0 0
