SIMFIT 1
1   328532449
2   326508065
3   324669042
4   323008495
5   321400467
6   319679227
7   317735271
8   315598161
9   313439507
10   311438947
11   309608204
12   307782197
13   305826081
14   303819389
15   301972902
16   300371087
17   298865203
18   297239766
19   295423781
20   293501425
21   291570697
22   289656748
23   287738126
24   285788284
25   283790986
26   281773185
27   279827456
28   278038379
29   276365053
30   274657481
31   272827125
32   270947791
33   269140356
34   267414548
35   265701255
36   263998573
37   262372676
38   260803992
39   259140054
40   257253929
41   255177049
42   253026560
43   250884597
44   248829400
45   247000099
46   245477442
47   244103234
48   242569184
49   240755046
50   238882851
51   237254935
52   235907328
53   234609042
54   233147267
55   231500406
56   229752034
57   227965807
58   226185673
59   224461369
60   222804360
61   221171788
62   219550520
63   218011718
64   216622818
65   215341227
66   214056801
67   212709404
68   211297559
69   209803872
70   208212393
71   206603324
72   205118923
73   203779216
74   202411489
75   200839593
76   199093177
77   197347796
78   195692753
79   194061019
80   192396381
81   190790546
82   189395936
83   188249073
84   187232076
85   186188025
86   185039306
87   183811306
88   182575592
89   181368022
90   180151789
91   178878489
92   177587841
93   176394056
94   175332353
95   174266894
96   173028566
97   171633437
98   170285194
99   169144854
100   168168707
101   167202328
102   166157832
103   165037131
104   163846057
105   162590354
106   161345907
107   160228143
108   159249053
109   158267964
110   157136519
111   155859259
112   154566573
113   153353387
114   152192535
115   151000874
116   149750485
117   148508755
118   147390502
119   146463446
120   145670459
121   144850183
122   143877507
123   142800817
124   141807727
125   141026310
126   140376801
127   139650160
128   138731722
129   137721735
130   136822021
131   136113941
132   135466967
133   134676808
134   133682707
135   132619177
136   131642709
137   130746919
138   129796883
139   128725218
140   127617266
141   126582431
142   125621604
143   124684821
144   123797265
145   123025184
146   122334043
147   121593494
148   120752681
149   119913943
150   119178460
151   118505752
152   117807922
153   117108544
154   116485798
155   115889628
156   115157885
157   114242226
158   113296125
159   112480324
160   111787033
161   111138051
162   110550503
163   110063460
164   109555901
165   108819138
166   107846835
167   106905255
168   106228068
169   105741454
170   105193931
171   104482712
172   103719629
173   103005053
174   102290379
175   101511995
176   100747010
177   100142242
178   99733061
179   99406918
180   99025411
181   98521810
182   97893893
183   97172578
184   96418808
185   95707234
186   95083227
187   94548575
188   94091236
189   93699009
190   93332266
191   92917464
192   92402794
193   91814868
194   91236364
195   90721931
196   90245532
197   89735221
198   89157745
199   88562700
200   88029946
201   87569029
202   87097531
203   86550272
204   85986239
205   85520408
206   85137658
207   84656363
208   83945121
209   83124110
210   82449686
211   82001418
212   81587382
213   81001988
214   80289454
215   79670809
216   79262998
217   78972212
218   78655671
219   78283824
