SIMFIT 1
1   421557114
2   419733251
3   417823411
4   415913384
5   413871912
6   411862505
7   410229273
8   408939344
9   407530464
10   405716579
11   403801311
12   402372362
13   401727501
14   401634729
15   401463607
16   400512496
17   398491552
18   395880838
19   393614257
20   392169081
21   391095897
22   389677261
23   387880831
24   386280661
25   385095502
26   383824001
27   382059413
28   380228840
29   379052094
30   378447994
31   377514747
32   375684867
33   373457359
34   371720861
35   370646093
36   369611819
37   368104676
38   366299221
39   364678693
40   363397981
41   362219757
42   360892705
43   359343240
44   357554047
45   355510459
46   353356059
47   351444086
48   350073993
49   349179135
50   348355941
51   347236311
52   345819852
53   344426560
54   343315516
55   342366134
56   341196680
57   339637947
58   338010191
59   336800147
60   336080991
61   335419633
62   334402541
63   333051903
64   331583560
65   329975151
66   328091344
67   326149767
68   324648879
69   323707558
70   322826482
71   321546889
72   320059497
73   318825047
74   317827077
75   316682735
76   315410937
77   314506544
78   314092292
79   313546046
80   312347931
81   310877546
82   309843563
83   309181738
84   308157513
85   306516026
86   304855682
87   303665767
88   302598624
89   301095794
90   299280265
91   297700842
92   296470611
93   295238115
94   293891438
95   292683942
96   291611695
97   290251225
98   288441014
99   286649922
100   285358714
101   284452518
102   283567029
103   282682884
104   281934444
105   281115968
106   279947603
107   278705813
108   277963982
109   277645910
110   276944156
111   275411367
112   273602312
113   272273804
114   271392017
115   270405001
116   269154965
117   267922371
118   266736042
119   265314335
120   263766421
121   262738055
122   262575917
123   262771467
124   262552357
125   261714398
126   260564725
127   259343397
128   258093496
129   256895999
130   255797031
131   254601902
132   253167771
133   251847373
134   251154098
135   250910038
136   250233987
137   248643581
138   246775382
139   245631867
140   245356118
141   245154118
142   244300596
143   242808303
144   241118825
145   239548776
146   238197846
147   237116232
148   236315956
149   235684663
150   235007082
151   234065151
152   232767906
153   231323782
154   230241975
155   229920659
156   230170374
157   230355181
158   230068807
159   229424344
160   228599545
161   227471743
162   225980973
163   224515699
164   223467798
165   222575835
166   221260345
167   219616118
168   218495797
169   218398219
170   218762920
171   218697167
172   217991449
173   216982093
174   215762886
175   214163016
176   212399525
177   211085422
178   210425555
179   209914578
180   209079707
181   208096925
182   207353643
183   206765956
184   205949576
185   204829903
186   203634091
187   202427059
188   201144028
189   200032891
190   199517273
191   199490887
192   199249539
193   198394421
194   197383118
195   196813539
196   196515613
197   195869248
198   194822214
199   193966671
200   193564021
201   193108884
202   192145546
203   191021689
204   190352035
205   190023237
206   189323910
207   188043452
208   186863913
209   186405346
210   186294970
211   185625105
212   184196200
213   182853245
214   182465389
215   182861450
216   183000648
217   182074373
218   180233452
219   178286452
220   176926518
221   176324247
222   176246383
223   176314132
224   176160642
225   175568948
226   174610382
227   173601305
228   172837446
229   172381851
230   172131091
231   171999745
232   171941755
233   171841911
234   171526004
235   170918143
236   170122893
237   169336167
238   168719954
239   168323337
240   168007947
241   167462466
242   166464128
243   165195832
244   164141028
245   163539350
246   163095618
247   162409805
248   161558335
249   160961016
250   160702884
251   160329213
252   159441137
253   158217484
254   157137091
255   156403157
256   155920552
257   155680883
258   155783063
259   156059481
260   156049810
261   155511822
262   154716753
263   154065570
264   153625174
265   153256928
266   152998292
267   152976380
268   153002773
269   152621248
270   151673388
271   150562093
272   149792056
273   149424478
274   149151101
275   148749747
276   148240264
277   147672691
278   147023583
279   146335845
280   145742037
281   145239820
282   144595642
283   143623356
284   142495906
285   141641139
286   141321884
287   141399503
288   141511952
289   141403002
290   141049817
291   140544569
292   139945493
293   139271396
294   138593815
295   138049738
296   137706720
297   137439429
298   137011465
299   136302615
300   135416458
301   134564996
302   133920521
303   133590599
304   133601076
305   133782519
306   133760151
307   133240328
308   132321406
309   131377776
310   130620528
311   129949974
312   129299993
313   128883861
314   128868856
315   128957967
316   128640238
317   127897229
318   127343661
319   127474080
320   127979584
321   128081248
322   127459512
323   126576107
324   126052549
325   125989644
326   126026223
327   125863763
328   125510636
329   125089726
330   124641692
331   124167749
332   123718198
333   123363654
334   123158235
335   123155115
336   123325377
337   123382361
338   122845407
339   121503519
340   119809260
341   118590592
342   118242849
343   118317472
344   118053184
345   117258391
346   116507187
347   116448884
348   117076114
349   117762824
350   117928648
351   117547272
352   117038262
353   116784944
354   116789790
355   116726174
356   116284594
357   115501705
358   114754249
359   114363582
360   114182113
361   113658770
362   112407242
363   110689870
