1090
1 0 0
0 0 1
1 4.21557e+08 0
2 0 0
0 0 1
1 4.19733e+08 0
3 0 0
0 0 1
1 4.17823e+08 0
4 0 0
0 0 1
1 4.15913e+08 0
5 0 0
0 0 1
1 4.13872e+08 0
6 0 0
0 0 1
1 4.11862e+08 0
7 0 0
0 0 1
1 4.10229e+08 0
8 0 0
0 0 1
1 4.08939e+08 0
9 0 0
0 0 1
1 4.0753e+08 0
10 0 0
0 0 1
1 4.05717e+08 0
11 0 0
0 0 1
1 4.03801e+08 0
12 0 0
0 0 1
1 4.02372e+08 0
13 0 0
0 0 1
1 4.01727e+08 0
14 0 0
0 0 1
1 4.01635e+08 0
15 0 0
0 0 1
1 4.01464e+08 0
16 0 0
0 0 1
1 4.00513e+08 0
17 0 0
0 0 1
1 3.98492e+08 0
18 0 0
0 0 1
1 3.95881e+08 0
19 0 0
0 0 1
1 3.93614e+08 0
20 0 0
0 0 1
1 3.92169e+08 0
21 0 0
0 0 1
1 3.91096e+08 0
22 0 0
0 0 1
1 3.89677e+08 0
23 0 0
0 0 1
1 3.87881e+08 0
24 0 0
0 0 1
1 3.86281e+08 0
25 0 0
0 0 1
1 3.85095e+08 0
26 0 0
0 0 1
1 3.83824e+08 0
27 0 0
0 0 1
1 3.82059e+08 0
28 0 0
0 0 1
1 3.80229e+08 0
29 0 0
0 0 1
1 3.79052e+08 0
30 0 0
0 0 1
1 3.78448e+08 0
31 0 0
0 0 1
1 3.77515e+08 0
32 0 0
0 0 1
1 3.75685e+08 0
33 0 0
0 0 1
1 3.73457e+08 0
34 0 0
0 0 1
1 3.71721e+08 0
35 0 0
0 0 1
1 3.70646e+08 0
36 0 0
0 0 1
1 3.69612e+08 0
37 0 0
0 0 1
1 3.68105e+08 0
38 0 0
0 0 1
1 3.66299e+08 0
39 0 0
0 0 1
1 3.64679e+08 0
40 0 0
0 0 1
1 3.63398e+08 0
41 0 0
0 0 1
1 3.6222e+08 0
42 0 0
0 0 1
1 3.60893e+08 0
43 0 0
0 0 1
1 3.59343e+08 0
44 0 0
0 0 1
1 3.57554e+08 0
45 0 0
0 0 1
1 3.5551e+08 0
46 0 0
0 0 1
1 3.53356e+08 0
47 0 0
0 0 1
1 3.51444e+08 0
48 0 0
0 0 1
1 3.50074e+08 0
49 0 0
0 0 1
1 3.49179e+08 0
50 0 0
0 0 1
1 3.48356e+08 0
51 0 0
0 0 1
1 3.47236e+08 0
52 0 0
0 0 1
1 3.4582e+08 0
53 0 0
0 0 1
1 3.44427e+08 0
54 0 0
0 0 1
1 3.43316e+08 0
55 0 0
0 0 1
1 3.42366e+08 0
56 0 0
0 0 1
1 3.41197e+08 0
57 0 0
0 0 1
1 3.39638e+08 0
58 0 0
0 0 1
1 3.3801e+08 0
59 0 0
0 0 1
1 3.368e+08 0
60 0 0
0 0 1
1 3.36081e+08 0
61 0 0
0 0 1
1 3.3542e+08 0
62 0 0
0 0 1
1 3.34403e+08 0
63 0 0
0 0 1
1 3.33052e+08 0
64 0 0
0 0 1
1 3.31584e+08 0
65 0 0
0 0 1
1 3.29975e+08 0
66 0 0
0 0 1
1 3.28091e+08 0
67 0 0
0 0 1
1 3.2615e+08 0
68 0 0
0 0 1
1 3.24649e+08 0
69 0 0
0 0 1
1 3.23708e+08 0
70 0 0
0 0 1
1 3.22826e+08 0
71 0 0
0 0 1
1 3.21547e+08 0
72 0 0
0 0 1
1 3.20059e+08 0
73 0 0
0 0 1
1 3.18825e+08 0
74 0 0
0 0 1
1 3.17827e+08 0
75 0 0
0 0 1
1 3.16683e+08 0
76 0 0
0 0 1
1 3.15411e+08 0
77 0 0
0 0 1
1 3.14507e+08 0
78 0 0
0 0 1
1 3.14092e+08 0
79 0 0
0 0 1
1 3.13546e+08 0
80 0 0
0 0 1
1 3.12348e+08 0
81 0 0
0 0 1
1 3.10878e+08 0
82 0 0
0 0 1
1 3.09844e+08 0
83 0 0
0 0 1
1 3.09182e+08 0
84 0 0
0 0 1
1 3.08158e+08 0
85 0 0
0 0 1
1 3.06516e+08 0
86 0 0
0 0 1
1 3.04856e+08 0
87 0 0
0 0 1
1 3.03666e+08 0
88 0 0
0 0 1
1 3.02599e+08 0
89 0 0
0 0 1
1 3.01096e+08 0
90 0 0
0 0 1
1 2.9928e+08 0
91 0 0
0 0 1
1 2.97701e+08 0
92 0 0
0 0 1
1 2.96471e+08 0
93 0 0
0 0 1
1 2.95238e+08 0
94 0 0
0 0 1
1 2.93891e+08 0
95 0 0
0 0 1
1 2.92684e+08 0
96 0 0
0 0 1
1 2.91612e+08 0
97 0 0
0 0 1
1 2.90251e+08 0
98 0 0
0 0 1
1 2.88441e+08 0
99 0 0
0 0 1
1 2.8665e+08 0
100 0 0
0 0 1
1 2.85359e+08 0
101 0 0
0 0 1
1 2.84453e+08 0
102 0 0
0 0 1
1 2.83567e+08 0
103 0 0
0 0 1
1 2.82683e+08 0
104 0 0
0 0 1
1 2.81934e+08 0
105 0 0
0 0 1
1 2.81116e+08 0
106 0 0
0 0 1
1 2.79948e+08 0
107 0 0
0 0 1
1 2.78706e+08 0
108 0 0
0 0 1
1 2.77964e+08 0
109 0 0
0 0 1
1 2.77646e+08 0
110 0 0
0 0 1
1 2.76944e+08 0
111 0 0
0 0 1
1 2.75411e+08 0
112 0 0
0 0 1
1 2.73602e+08 0
113 0 0
0 0 1
1 2.72274e+08 0
114 0 0
0 0 1
1 2.71392e+08 0
115 0 0
0 0 1
1 2.70405e+08 0
116 0 0
0 0 1
1 2.69155e+08 0
117 0 0
0 0 1
1 2.67922e+08 0
118 0 0
0 0 1
1 2.66736e+08 0
119 0 0
0 0 1
1 2.65314e+08 0
120 0 0
0 0 1
1 2.63766e+08 0
121 0 0
0 0 1
1 2.62738e+08 0
122 0 0
0 0 1
1 2.62576e+08 0
123 0 0
0 0 1
1 2.62771e+08 0
124 0 0
0 0 1
1 2.62552e+08 0
125 0 0
0 0 1
1 2.61714e+08 0
126 0 0
0 0 1
1 2.60565e+08 0
127 0 0
0 0 1
1 2.59343e+08 0
128 0 0
0 0 1
1 2.58094e+08 0
129 0 0
0 0 1
1 2.56896e+08 0
130 0 0
0 0 1
1 2.55797e+08 0
131 0 0
0 0 1
1 2.54602e+08 0
132 0 0
0 0 1
1 2.53168e+08 0
133 0 0
0 0 1
1 2.51847e+08 0
134 0 0
0 0 1
1 2.51154e+08 0
135 0 0
0 0 1
1 2.5091e+08 0
136 0 0
0 0 1
1 2.50234e+08 0
137 0 0
0 0 1
1 2.48644e+08 0
138 0 0
0 0 1
1 2.46775e+08 0
139 0 0
0 0 1
1 2.45632e+08 0
140 0 0
0 0 1
1 2.45356e+08 0
141 0 0
0 0 1
1 2.45154e+08 0
142 0 0
0 0 1
1 2.44301e+08 0
143 0 0
0 0 1
1 2.42808e+08 0
144 0 0
0 0 1
1 2.41119e+08 0
145 0 0
0 0 1
1 2.39549e+08 0
146 0 0
0 0 1
1 2.38198e+08 0
147 0 0
0 0 1
1 2.37116e+08 0
148 0 0
0 0 1
1 2.36316e+08 0
149 0 0
0 0 1
1 2.35685e+08 0
150 0 0
0 0 1
1 2.35007e+08 0
151 0 0
0 0 1
1 2.34065e+08 0
152 0 0
0 0 1
1 2.32768e+08 0
153 0 0
0 0 1
1 2.31324e+08 0
154 0 0
0 0 1
1 2.30242e+08 0
155 0 0
0 0 1
1 2.29921e+08 0
156 0 0
0 0 1
1 2.3017e+08 0
157 0 0
0 0 1
1 2.30355e+08 0
158 0 0
0 0 1
1 2.30069e+08 0
159 0 0
0 0 1
1 2.29424e+08 0
160 0 0
0 0 1
1 2.286e+08 0
161 0 0
0 0 1
1 2.27472e+08 0
162 0 0
0 0 1
1 2.25981e+08 0
163 0 0
0 0 1
1 2.24516e+08 0
164 0 0
0 0 1
1 2.23468e+08 0
165 0 0
0 0 1
1 2.22576e+08 0
166 0 0
0 0 1
1 2.2126e+08 0
167 0 0
0 0 1
1 2.19616e+08 0
168 0 0
0 0 1
1 2.18496e+08 0
169 0 0
0 0 1
1 2.18398e+08 0
170 0 0
0 0 1
1 2.18763e+08 0
171 0 0
0 0 1
1 2.18697e+08 0
172 0 0
0 0 1
1 2.17991e+08 0
173 0 0
0 0 1
1 2.16982e+08 0
174 0 0
0 0 1
1 2.15763e+08 0
175 0 0
0 0 1
1 2.14163e+08 0
176 0 0
0 0 1
1 2.124e+08 0
177 0 0
0 0 1
1 2.11085e+08 0
178 0 0
0 0 1
1 2.10426e+08 0
179 0 0
0 0 1
1 2.09915e+08 0
180 0 0
0 0 1
1 2.0908e+08 0
181 0 0
0 0 1
1 2.08097e+08 0
182 0 0
0 0 1
1 2.07354e+08 0
183 0 0
0 0 1
1 2.06766e+08 0
184 0 0
0 0 1
1 2.0595e+08 0
185 0 0
0 0 1
1 2.0483e+08 0
186 0 0
0 0 1
1 2.03634e+08 0
187 0 0
0 0 1
1 2.02427e+08 0
188 0 0
0 0 1
1 2.01144e+08 0
189 0 0
0 0 1
1 2.00033e+08 0
190 0 0
0 0 1
1 1.99517e+08 0
191 0 0
0 0 1
1 1.99491e+08 0
192 0 0
0 0 1
1 1.9925e+08 0
193 0 0
0 0 1
1 1.98394e+08 0
194 0 0
0 0 1
1 1.97383e+08 0
195 0 0
0 0 1
1 1.96814e+08 0
196 0 0
0 0 1
1 1.96516e+08 0
197 0 0
0 0 1
1 1.95869e+08 0
198 0 0
0 0 1
1 1.94822e+08 0
199 0 0
0 0 1
1 1.93967e+08 0
200 0 0
0 0 1
1 1.93564e+08 0
201 0 0
0 0 1
1 1.93109e+08 0
202 0 0
0 0 1
1 1.92146e+08 0
203 0 0
0 0 1
1 1.91022e+08 0
204 0 0
0 0 1
1 1.90352e+08 0
205 0 0
0 0 1
1 1.90023e+08 0
206 0 0
0 0 1
1 1.89324e+08 0
207 0 0
0 0 1
1 1.88043e+08 0
208 0 0
0 0 1
1 1.86864e+08 0
209 0 0
0 0 1
1 1.86405e+08 0
210 0 0
0 0 1
1 1.86295e+08 0
211 0 0
0 0 1
1 1.85625e+08 0
212 0 0
0 0 1
1 1.84196e+08 0
213 0 0
0 0 1
1 1.82853e+08 0
214 0 0
0 0 1
1 1.82465e+08 0
215 0 0
0 0 1
1 1.82861e+08 0
216 0 0
0 0 1
1 1.83001e+08 0
217 0 0
0 0 1
1 1.82074e+08 0
218 0 0
0 0 1
1 1.80233e+08 0
219 0 0
0 0 1
1 1.78286e+08 0
220 0 0
0 0 1
1 1.76927e+08 0
221 0 0
0 0 1
1 1.76324e+08 0
222 0 0
0 0 1
1 1.76246e+08 0
223 0 0
0 0 1
1 1.76314e+08 0
224 0 0
0 0 1
1 1.76161e+08 0
225 0 0
0 0 1
1 1.75569e+08 0
226 0 0
0 0 1
1 1.7461e+08 0
227 0 0
0 0 1
1 1.73601e+08 0
228 0 0
0 0 1
1 1.72837e+08 0
229 0 0
0 0 1
1 1.72382e+08 0
230 0 0
0 0 1
1 1.72131e+08 0
231 0 0
0 0 1
1 1.72e+08 0
232 0 0
0 0 1
1 1.71942e+08 0
233 0 0
0 0 1
1 1.71842e+08 0
234 0 0
0 0 1
1 1.71526e+08 0
235 0 0
0 0 1
1 1.70918e+08 0
236 0 0
0 0 1
1 1.70123e+08 0
237 0 0
0 0 1
1 1.69336e+08 0
238 0 0
0 0 1
1 1.6872e+08 0
239 0 0
0 0 1
1 1.68323e+08 0
240 0 0
0 0 1
1 1.68008e+08 0
241 0 0
0 0 1
1 1.67462e+08 0
242 0 0
0 0 1
1 1.66464e+08 0
243 0 0
0 0 1
1 1.65196e+08 0
244 0 0
0 0 1
1 1.64141e+08 0
245 0 0
0 0 1
1 1.63539e+08 0
246 0 0
0 0 1
1 1.63096e+08 0
247 0 0
0 0 1
1 1.6241e+08 0
248 0 0
0 0 1
1 1.61558e+08 0
249 0 0
0 0 1
1 1.60961e+08 0
250 0 0
0 0 1
1 1.60703e+08 0
251 0 0
0 0 1
1 1.60329e+08 0
252 0 0
0 0 1
1 1.59441e+08 0
253 0 0
0 0 1
1 1.58217e+08 0
254 0 0
0 0 1
1 1.57137e+08 0
255 0 0
0 0 1
1 1.56403e+08 0
256 0 0
0 0 1
1 1.55921e+08 0
257 0 0
0 0 1
1 1.55681e+08 0
258 0 0
0 0 1
1 1.55783e+08 0
259 0 0
0 0 1
1 1.56059e+08 0
260 0 0
0 0 1
1 1.5605e+08 0
261 0 0
0 0 1
1 1.55512e+08 0
262 0 0
0 0 1
1 1.54717e+08 0
263 0 0
0 0 1
1 1.54066e+08 0
264 0 0
0 0 1
1 1.53625e+08 0
265 0 0
0 0 1
1 1.53257e+08 0
266 0 0
0 0 1
1 1.52998e+08 0
267 0 0
0 0 1
1 1.52976e+08 0
268 0 0
0 0 1
1 1.53003e+08 0
269 0 0
0 0 1
1 1.52621e+08 0
270 0 0
0 0 1
1 1.51673e+08 0
271 0 0
0 0 1
1 1.50562e+08 0
272 0 0
0 0 1
1 1.49792e+08 0
273 0 0
0 0 1
1 1.49424e+08 0
274 0 0
0 0 1
1 1.49151e+08 0
275 0 0
0 0 1
1 1.4875e+08 0
276 0 0
0 0 1
1 1.4824e+08 0
277 0 0
0 0 1
1 1.47673e+08 0
278 0 0
0 0 1
1 1.47024e+08 0
279 0 0
0 0 1
1 1.46336e+08 0
280 0 0
0 0 1
1 1.45742e+08 0
281 0 0
0 0 1
1 1.4524e+08 0
282 0 0
0 0 1
1 1.44596e+08 0
283 0 0
0 0 1
1 1.43623e+08 0
284 0 0
0 0 1
1 1.42496e+08 0
285 0 0
0 0 1
1 1.41641e+08 0
286 0 0
0 0 1
1 1.41322e+08 0
287 0 0
0 0 1
1 1.414e+08 0
288 0 0
0 0 1
1 1.41512e+08 0
289 0 0
0 0 1
1 1.41403e+08 0
290 0 0
0 0 1
1 1.4105e+08 0
291 0 0
0 0 1
1 1.40545e+08 0
292 0 0
0 0 1
1 1.39945e+08 0
293 0 0
0 0 1
1 1.39271e+08 0
294 0 0
0 0 1
1 1.38594e+08 0
295 0 0
0 0 1
1 1.3805e+08 0
296 0 0
0 0 1
1 1.37707e+08 0
297 0 0
0 0 1
1 1.37439e+08 0
298 0 0
0 0 1
1 1.37011e+08 0
299 0 0
0 0 1
1 1.36303e+08 0
300 0 0
0 0 1
1 1.35416e+08 0
301 0 0
0 0 1
1 1.34565e+08 0
302 0 0
0 0 1
1 1.33921e+08 0
303 0 0
0 0 1
1 1.33591e+08 0
304 0 0
0 0 1
1 1.33601e+08 0
305 0 0
0 0 1
1 1.33783e+08 0
306 0 0
0 0 1
1 1.3376e+08 0
307 0 0
0 0 1
1 1.3324e+08 0
308 0 0
0 0 1
1 1.32321e+08 0
309 0 0
0 0 1
1 1.31378e+08 0
310 0 0
0 0 1
1 1.30621e+08 0
311 0 0
0 0 1
1 1.2995e+08 0
312 0 0
0 0 1
1 1.293e+08 0
313 0 0
0 0 1
1 1.28884e+08 0
314 0 0
0 0 1
1 1.28869e+08 0
315 0 0
0 0 1
1 1.28958e+08 0
316 0 0
0 0 1
1 1.2864e+08 0
317 0 0
0 0 1
1 1.27897e+08 0
318 0 0
0 0 1
1 1.27344e+08 0
319 0 0
0 0 1
1 1.27474e+08 0
320 0 0
0 0 1
1 1.2798e+08 0
321 0 0
0 0 1
1 1.28081e+08 0
322 0 0
0 0 1
1 1.2746e+08 0
323 0 0
0 0 1
1 1.26576e+08 0
324 0 0
0 0 1
1 1.26053e+08 0
325 0 0
0 0 1
1 1.2599e+08 0
326 0 0
0 0 1
1 1.26026e+08 0
327 0 0
0 0 1
1 1.25864e+08 0
328 0 0
0 0 1
1 1.25511e+08 0
329 0 0
0 0 1
1 1.2509e+08 0
330 0 0
0 0 1
1 1.24642e+08 0
331 0 0
0 0 1
1 1.24168e+08 0
332 0 0
0 0 1
1 1.23718e+08 0
333 0 0
0 0 1
1 1.23364e+08 0
334 0 0
0 0 1
1 1.23158e+08 0
335 0 0
0 0 1
1 1.23155e+08 0
336 0 0
0 0 1
1 1.23325e+08 0
337 0 0
0 0 1
1 1.23382e+08 0
338 0 0
0 0 1
1 1.22845e+08 0
339 0 0
0 0 1
1 1.21504e+08 0
340 0 0
0 0 1
1 1.19809e+08 0
341 0 0
0 0 1
1 1.18591e+08 0
342 0 0
0 0 1
1 1.18243e+08 0
343 0 0
0 0 1
1 1.18317e+08 0
344 0 0
0 0 1
1 1.18053e+08 0
345 0 0
0 0 1
1 1.17258e+08 0
346 0 0
0 0 1
1 1.16507e+08 0
347 0 0
0 0 1
1 1.16449e+08 0
348 0 0
0 0 1
1 1.17076e+08 0
349 0 0
0 0 1
1 1.17763e+08 0
350 0 0
0 0 1
1 1.17929e+08 0
351 0 0
0 0 1
1 1.17547e+08 0
352 0 0
0 0 1
1 1.17038e+08 0
353 0 0
0 0 1
1 1.16785e+08 0
354 0 0
0 0 1
1 1.1679e+08 0
355 0 0
0 0 1
1 1.16726e+08 0
356 0 0
0 0 1
1 1.16285e+08 0
357 0 0
0 0 1
1 1.15502e+08 0
358 0 0
0 0 1
1 1.14754e+08 0
359 0 0
0 0 1
1 1.14364e+08 0
360 0 0
0 0 1
1 1.14182e+08 0
361 0 0
0 0 1
1 1.13659e+08 0
362 0 0
0 0 1
1 1.12407e+08 0
363 0 0
0 0 1
1 1.1069e+08 0
-1 0 0
