SIMFIT 1
1   380915531
2   380044867
3   379114546
4   378133111
5   377117707
6   376088865
7   375064872
8   374057666
9   373071634
10   372105316
11   371154572
12   370215479
13   369286210
14   368368278
15   367467577
16   366594668
17   365763117
18   364985187
19   364265860
20   363597718
21   362959515
22   362319844
23   361644793
24   360906564
25   360089948
26   359195107
27   358236936
28   357241908
29   356243068
30   355273688
31   354360681
32   353519602
33   352752933
34   352052070
35   351401862
36   350785606
37   350188825
38   349601357
39   349018210
40   348439700
41   347870793
42   347319323
43   346793134
44   346296755
45   345828371
46   345377830
47   344926495
48   344449688
49   343921662
50   343321600
51   342638239
52   341871329
53   341029867
54   340128505
55   339183741
56   338210709
57   337220754
58   336220060
59   335209870
60   334188420
61   333153624
62   332104866
63   331043144
64   329970457
65   328889940
66   327806998
67   326729892
68   325668160
69   324629038
70   323614122
71   322618734
72   321634930
73   320656856
74   319685641
75   318730939
76   317807935
77   316931350
78   316109687
79   315342310
80   314619593
81   313924799
82   313236735
83   312533401
84   311796836
85   311018035
86   310199797
87   309355872
88   308506337
89   307670639
90   306860659
91   306076392
92   305306267
93   304532513
94   303739681
95   302922553
96   302089478
97   301259100
98   300451857
99   299680605
100   298945171
101   298233126
102   297525425
103   296803422
104   296054212
105   295273189
106   294464108
107   293637404
108   292807495
109   291989985
110   291199616
111   290449057
112   289747594
113   289098565
114   288495583
115   287919449
116   287338423
117   286713376
118   286006703
119   285191701
120   284258703
121   283215866
122   282084934
123   280894449
124   279673645
125   278449386
126   277246332
127   276088336
128   274998249
129   273994694
130   273086972
131   272271425
132   271532345
133   270847709
134   270196499
135   269563012
136   268935943
137   268304308
138   267654641
139   266972256
140   266245484
141   265469422
142   264646698
143   263785479
144   262896657
145   261991978
146   261083484
147   260183593
148   259304830
149   258458781
150   257654711
151   256898717
152   256193896
153   255541251
154   254940785
155   254392516
156   253897254
157   253456580
158   253071399
159   252739260
160   252451737
161   252193482
162   251943702
163   251679628
164   251380722
165   251032066
166   250625669
167   250159457
168   249635059
169   249056055
170   248427392
171   247755196
172   247045843
173   246304137
174   245531841
175   244727889
176   243890561
177   243020459
178   242122472
179   241205440
180   240279624
181   239353503
182   238431781
183   237515633
184   236604673
185   235699167
186   234801173
187   233914217
188   233042206
189   232188617
190   231356436
191   230548357
192   229766272
193   229009702
194   228273892
195   227548758
196   226819472
197   226068810
198   225281055
199   224446741
200   223566433
201   222651002
202   221716907
203   220777977
204   219837958
205   218888202
206   217911865
207   216892083
208   215819538
209   214695916
210   213532852
211   212348475
212   211163956
213   210000956
214   208879546
215   207816262
216   206822809
217   205905951
218   205068138
219   204307833
220   203619137
221   202991469
222   202410238
223   201858653
224   201320205
225   200781369
226   200234109
227   199677258
228   199115589
229   198556404
230   198005397
231   197464456
232   196932908
233   196411223
234   195904356
235   195422159
236   194976386
237   194576230
238   194225340
239   193921981
240   193661440
241   193438111
242   193245479
243   193074510
244   192912503
245   192744065
246   192554213
247   192332339
248   192075239
249   191787436
250   191477766
251   191153046
252   190812105
253   190444157
254   190033244
255   189566367
256   189040289
257   188462955
258   187849238
259   187214331
260   186569116
261   185919880
262   185271508
263   184631055
264   184008802
265   183416038
266   182861123
267   182346252
268   181866577
269   181411901
270   180970116
271   180531099
272   180089844
273   179647852
274   179212314
275   178793321
276   178400069
277   178037458
278   177704338
279   177393784
280   177094742
281   176793887
282   176477039
283   176130364
284   175742009
285   175304398
286   174816524
287   174285148
288   173724136
289   173151906
290   172587613
291   172046912
292   171538079
293   171059384
294   170598801
295   170136905
296   169652476
297   169128644
298   168556700
299   167935962
300   167270426
301   166564555
302   165820533
303   165038178
304   164217533
305   163363163
306   162488103
307   161614948
308   160772378
309   159987768
310   159278876
311   158648280
312   158082722
313   157557016
314   157040505
315   156503984
316   155925910
317   155297346
318   154624719
319   153928867
320   153239454
321   152585964
322   151988821
323   151454754
324   150978288
325   150547763
326   150151874
327   149783143
328   149437251
329   149109943
330   148794240
331   148479785
332   148154386
333   147806612
334   147428077
335   147014571
336   146565775
337   146083929
338   145572183
339   145033495
340   144470517
341   143886125
342   143283814
343   142667463
344   142040814
345   141407570
346   140772467
347   140142559
348   139527410
349   138937586
350   138382273
351   137867291
352   137394104
353   136959443
354   136555055
355   136167607
356   135779035
357   135367507
358   134909335
359   134382411
360   133771250
361   133072108
362   132295469
363   131464063
364   130607067
365   129753081
366   128924378
367   128133546
368   127382428
369   126662965
370   125959680
371   125253547
372   124526701
373   123766931
374   122970559
375   122142795
376   121295930
377   120446824
378   119614843
379   118820296
380   118082859
381   117420035
382   116846128
383   116371710
384   116002938
385   115740526
386   115579264
387   115509030
388   115516887
389   115588740
390   115709568
391   115862843
392   116030510
393   116194064
394   116335941
395   116439866
396   116489653
397   116467452
398   116353478
399   116128861
400   115781137
401   115309623
402   114727180
403   114056723
404   113323987
405   112550349
406   111749359
407   110928106
408   110091450
409   109245614
410   108398850
411   107559688
412   106735241
413   105931501
414   105155498
415   104417561
416   103731804
417   103114073
418   102578003
419   102130929
420   101771604
421   101490570
422   101272334
423   101097773
424   100946056
425   100796591
426   100631446
427   100437558
428   100207412
429   99937698
430   99626701
431   99271840
432   98868539
433   98411066
434   97895101
435   97320850
436   96695092
437   96031269
438   95347944
439   94666446
440   94008047
441   93390705
442   92825861
443   92316350
444   91856281
445   91432923
446   91030178
447   90633165
448   90233022
449   89830229
450   89434510
451   89060668
452   88721975
453   88424329
454   88163985
455   87929747
456   87708157
457   87488852
458   87267476
459   87044955
460   86823905
461   86604339
462   86380976
463   86143399
464   85878640
465   85574845
466   85224737
467   84828320
468   84394495
469   83941058
470   83492549
471   83076146
472   82716657
473   82431755
474   82228170
475   82099372
476   82025664
477   81977472
478   81921625
479   81828915
480   81680503
481   81471001
482   81207049
483   80901813
484   80567714
485   80210913
486   79830290
487   79421098
488   78980980
489   78515164
490   78038446
491   77572901
492   77141853
493   76762371
494   76439636
495   76165501
496   75920983
497   75680481
498   75416005
499   75101380
500   74716790
501   74252706
502   73711186
503   73103749
504   72447388
505   71761399
506   71066439
507   70384921
508   69740523
509   69155094
510   68643318
511   68207800
512   67838167
513   67515993
514   67223452
515   66950666
516   66697424
517   66469220
518   66271609
519   66107331
520   65977459
521   65884122
522   65831316
523   65822291
524   65855021
525   65918930
526   65995253
527   66061088
528   66095049
529   66081948
530   66015032
531   65895529
532   65729913
533   65525754
534   65287801
535   65016493
536   64709944
537   64367780
538   63993455
539   63592783
540   63169682
541   62722534
542   62244121
543   61725569
544   61162269
545   60558898
546   59931181
547   59303549
548   58703480
549   58154667
