1648
1 0 0
0 0 1
1 3.80916e+08 0
2 0 0
0 0 1
1 3.80045e+08 0
3 0 0
0 0 1
1 3.79115e+08 0
4 0 0
0 0 1
1 3.78133e+08 0
5 0 0
0 0 1
1 3.77118e+08 0
6 0 0
0 0 1
1 3.76089e+08 0
7 0 0
0 0 1
1 3.75065e+08 0
8 0 0
0 0 1
1 3.74058e+08 0
9 0 0
0 0 1
1 3.73072e+08 0
10 0 0
0 0 1
1 3.72105e+08 0
11 0 0
0 0 1
1 3.71155e+08 0
12 0 0
0 0 1
1 3.70215e+08 0
13 0 0
0 0 1
1 3.69286e+08 0
14 0 0
0 0 1
1 3.68368e+08 0
15 0 0
0 0 1
1 3.67468e+08 0
16 0 0
0 0 1
1 3.66595e+08 0
17 0 0
0 0 1
1 3.65763e+08 0
18 0 0
0 0 1
1 3.64985e+08 0
19 0 0
0 0 1
1 3.64266e+08 0
20 0 0
0 0 1
1 3.63598e+08 0
21 0 0
0 0 1
1 3.6296e+08 0
22 0 0
0 0 1
1 3.6232e+08 0
23 0 0
0 0 1
1 3.61645e+08 0
24 0 0
0 0 1
1 3.60907e+08 0
25 0 0
0 0 1
1 3.6009e+08 0
26 0 0
0 0 1
1 3.59195e+08 0
27 0 0
0 0 1
1 3.58237e+08 0
28 0 0
0 0 1
1 3.57242e+08 0
29 0 0
0 0 1
1 3.56243e+08 0
30 0 0
0 0 1
1 3.55274e+08 0
31 0 0
0 0 1
1 3.54361e+08 0
32 0 0
0 0 1
1 3.5352e+08 0
33 0 0
0 0 1
1 3.52753e+08 0
34 0 0
0 0 1
1 3.52052e+08 0
35 0 0
0 0 1
1 3.51402e+08 0
36 0 0
0 0 1
1 3.50786e+08 0
37 0 0
0 0 1
1 3.50189e+08 0
38 0 0
0 0 1
1 3.49601e+08 0
39 0 0
0 0 1
1 3.49018e+08 0
40 0 0
0 0 1
1 3.4844e+08 0
41 0 0
0 0 1
1 3.47871e+08 0
42 0 0
0 0 1
1 3.47319e+08 0
43 0 0
0 0 1
1 3.46793e+08 0
44 0 0
0 0 1
1 3.46297e+08 0
45 0 0
0 0 1
1 3.45828e+08 0
46 0 0
0 0 1
1 3.45378e+08 0
47 0 0
0 0 1
1 3.44926e+08 0
48 0 0
0 0 1
1 3.4445e+08 0
49 0 0
0 0 1
1 3.43922e+08 0
50 0 0
0 0 1
1 3.43322e+08 0
51 0 0
0 0 1
1 3.42638e+08 0
52 0 0
0 0 1
1 3.41871e+08 0
53 0 0
0 0 1
1 3.4103e+08 0
54 0 0
0 0 1
1 3.40129e+08 0
55 0 0
0 0 1
1 3.39184e+08 0
56 0 0
0 0 1
1 3.38211e+08 0
57 0 0
0 0 1
1 3.37221e+08 0
58 0 0
0 0 1
1 3.3622e+08 0
59 0 0
0 0 1
1 3.3521e+08 0
60 0 0
0 0 1
1 3.34188e+08 0
61 0 0
0 0 1
1 3.33154e+08 0
62 0 0
0 0 1
1 3.32105e+08 0
63 0 0
0 0 1
1 3.31043e+08 0
64 0 0
0 0 1
1 3.2997e+08 0
65 0 0
0 0 1
1 3.2889e+08 0
66 0 0
0 0 1
1 3.27807e+08 0
67 0 0
0 0 1
1 3.2673e+08 0
68 0 0
0 0 1
1 3.25668e+08 0
69 0 0
0 0 1
1 3.24629e+08 0
70 0 0
0 0 1
1 3.23614e+08 0
71 0 0
0 0 1
1 3.22619e+08 0
72 0 0
0 0 1
1 3.21635e+08 0
73 0 0
0 0 1
1 3.20657e+08 0
74 0 0
0 0 1
1 3.19686e+08 0
75 0 0
0 0 1
1 3.18731e+08 0
76 0 0
0 0 1
1 3.17808e+08 0
77 0 0
0 0 1
1 3.16931e+08 0
78 0 0
0 0 1
1 3.1611e+08 0
79 0 0
0 0 1
1 3.15342e+08 0
80 0 0
0 0 1
1 3.1462e+08 0
81 0 0
0 0 1
1 3.13925e+08 0
82 0 0
0 0 1
1 3.13237e+08 0
83 0 0
0 0 1
1 3.12533e+08 0
84 0 0
0 0 1
1 3.11797e+08 0
85 0 0
0 0 1
1 3.11018e+08 0
86 0 0
0 0 1
1 3.102e+08 0
87 0 0
0 0 1
1 3.09356e+08 0
88 0 0
0 0 1
1 3.08506e+08 0
89 0 0
0 0 1
1 3.07671e+08 0
90 0 0
0 0 1
1 3.06861e+08 0
91 0 0
0 0 1
1 3.06076e+08 0
92 0 0
0 0 1
1 3.05306e+08 0
93 0 0
0 0 1
1 3.04533e+08 0
94 0 0
0 0 1
1 3.0374e+08 0
95 0 0
0 0 1
1 3.02923e+08 0
96 0 0
0 0 1
1 3.02089e+08 0
97 0 0
0 0 1
1 3.01259e+08 0
98 0 0
0 0 1
1 3.00452e+08 0
99 0 0
0 0 1
1 2.99681e+08 0
100 0 0
0 0 1
1 2.98945e+08 0
101 0 0
0 0 1
1 2.98233e+08 0
102 0 0
0 0 1
1 2.97525e+08 0
103 0 0
0 0 1
1 2.96803e+08 0
104 0 0
0 0 1
1 2.96054e+08 0
105 0 0
0 0 1
1 2.95273e+08 0
106 0 0
0 0 1
1 2.94464e+08 0
107 0 0
0 0 1
1 2.93637e+08 0
108 0 0
0 0 1
1 2.92807e+08 0
109 0 0
0 0 1
1 2.9199e+08 0
110 0 0
0 0 1
1 2.912e+08 0
111 0 0
0 0 1
1 2.90449e+08 0
112 0 0
0 0 1
1 2.89748e+08 0
113 0 0
0 0 1
1 2.89099e+08 0
114 0 0
0 0 1
1 2.88496e+08 0
115 0 0
0 0 1
1 2.87919e+08 0
116 0 0
0 0 1
1 2.87338e+08 0
117 0 0
0 0 1
1 2.86713e+08 0
118 0 0
0 0 1
1 2.86007e+08 0
119 0 0
0 0 1
1 2.85192e+08 0
120 0 0
0 0 1
1 2.84259e+08 0
121 0 0
0 0 1
1 2.83216e+08 0
122 0 0
0 0 1
1 2.82085e+08 0
123 0 0
0 0 1
1 2.80894e+08 0
124 0 0
0 0 1
1 2.79674e+08 0
125 0 0
0 0 1
1 2.78449e+08 0
126 0 0
0 0 1
1 2.77246e+08 0
127 0 0
0 0 1
1 2.76088e+08 0
128 0 0
0 0 1
1 2.74998e+08 0
129 0 0
0 0 1
1 2.73995e+08 0
130 0 0
0 0 1
1 2.73087e+08 0
131 0 0
0 0 1
1 2.72271e+08 0
132 0 0
0 0 1
1 2.71532e+08 0
133 0 0
0 0 1
1 2.70848e+08 0
134 0 0
0 0 1
1 2.70197e+08 0
135 0 0
0 0 1
1 2.69563e+08 0
136 0 0
0 0 1
1 2.68936e+08 0
137 0 0
0 0 1
1 2.68304e+08 0
138 0 0
0 0 1
1 2.67655e+08 0
139 0 0
0 0 1
1 2.66972e+08 0
140 0 0
0 0 1
1 2.66245e+08 0
141 0 0
0 0 1
1 2.65469e+08 0
142 0 0
0 0 1
1 2.64647e+08 0
143 0 0
0 0 1
1 2.63785e+08 0
144 0 0
0 0 1
1 2.62897e+08 0
145 0 0
0 0 1
1 2.61992e+08 0
146 0 0
0 0 1
1 2.61083e+08 0
147 0 0
0 0 1
1 2.60184e+08 0
148 0 0
0 0 1
1 2.59305e+08 0
149 0 0
0 0 1
1 2.58459e+08 0
150 0 0
0 0 1
1 2.57655e+08 0
151 0 0
0 0 1
1 2.56899e+08 0
152 0 0
0 0 1
1 2.56194e+08 0
153 0 0
0 0 1
1 2.55541e+08 0
154 0 0
0 0 1
1 2.54941e+08 0
155 0 0
0 0 1
1 2.54393e+08 0
156 0 0
0 0 1
1 2.53897e+08 0
157 0 0
0 0 1
1 2.53457e+08 0
158 0 0
0 0 1
1 2.53071e+08 0
159 0 0
0 0 1
1 2.52739e+08 0
160 0 0
0 0 1
1 2.52452e+08 0
161 0 0
0 0 1
1 2.52193e+08 0
162 0 0
0 0 1
1 2.51944e+08 0
163 0 0
0 0 1
1 2.5168e+08 0
164 0 0
0 0 1
1 2.51381e+08 0
165 0 0
0 0 1
1 2.51032e+08 0
166 0 0
0 0 1
1 2.50626e+08 0
167 0 0
0 0 1
1 2.50159e+08 0
168 0 0
0 0 1
1 2.49635e+08 0
169 0 0
0 0 1
1 2.49056e+08 0
170 0 0
0 0 1
1 2.48427e+08 0
171 0 0
0 0 1
1 2.47755e+08 0
172 0 0
0 0 1
1 2.47046e+08 0
173 0 0
0 0 1
1 2.46304e+08 0
174 0 0
0 0 1
1 2.45532e+08 0
175 0 0
0 0 1
1 2.44728e+08 0
176 0 0
0 0 1
1 2.43891e+08 0
177 0 0
0 0 1
1 2.4302e+08 0
178 0 0
0 0 1
1 2.42122e+08 0
179 0 0
0 0 1
1 2.41205e+08 0
180 0 0
0 0 1
1 2.4028e+08 0
181 0 0
0 0 1
1 2.39354e+08 0
182 0 0
0 0 1
1 2.38432e+08 0
183 0 0
0 0 1
1 2.37516e+08 0
184 0 0
0 0 1
1 2.36605e+08 0
185 0 0
0 0 1
1 2.35699e+08 0
186 0 0
0 0 1
1 2.34801e+08 0
187 0 0
0 0 1
1 2.33914e+08 0
188 0 0
0 0 1
1 2.33042e+08 0
189 0 0
0 0 1
1 2.32189e+08 0
190 0 0
0 0 1
1 2.31356e+08 0
191 0 0
0 0 1
1 2.30548e+08 0
192 0 0
0 0 1
1 2.29766e+08 0
193 0 0
0 0 1
1 2.2901e+08 0
194 0 0
0 0 1
1 2.28274e+08 0
195 0 0
0 0 1
1 2.27549e+08 0
196 0 0
0 0 1
1 2.26819e+08 0
197 0 0
0 0 1
1 2.26069e+08 0
198 0 0
0 0 1
1 2.25281e+08 0
199 0 0
0 0 1
1 2.24447e+08 0
200 0 0
0 0 1
1 2.23566e+08 0
201 0 0
0 0 1
1 2.22651e+08 0
202 0 0
0 0 1
1 2.21717e+08 0
203 0 0
0 0 1
1 2.20778e+08 0
204 0 0
0 0 1
1 2.19838e+08 0
205 0 0
0 0 1
1 2.18888e+08 0
206 0 0
0 0 1
1 2.17912e+08 0
207 0 0
0 0 1
1 2.16892e+08 0
208 0 0
0 0 1
1 2.1582e+08 0
209 0 0
0 0 1
1 2.14696e+08 0
210 0 0
0 0 1
1 2.13533e+08 0
211 0 0
0 0 1
1 2.12348e+08 0
212 0 0
0 0 1
1 2.11164e+08 0
213 0 0
0 0 1
1 2.10001e+08 0
214 0 0
0 0 1
1 2.0888e+08 0
215 0 0
0 0 1
1 2.07816e+08 0
216 0 0
0 0 1
1 2.06823e+08 0
217 0 0
0 0 1
1 2.05906e+08 0
218 0 0
0 0 1
1 2.05068e+08 0
219 0 0
0 0 1
1 2.04308e+08 0
220 0 0
0 0 1
1 2.03619e+08 0
221 0 0
0 0 1
1 2.02991e+08 0
222 0 0
0 0 1
1 2.0241e+08 0
223 0 0
0 0 1
1 2.01859e+08 0
224 0 0
0 0 1
1 2.0132e+08 0
225 0 0
0 0 1
1 2.00781e+08 0
226 0 0
0 0 1
1 2.00234e+08 0
227 0 0
0 0 1
1 1.99677e+08 0
228 0 0
0 0 1
1 1.99116e+08 0
229 0 0
0 0 1
1 1.98556e+08 0
230 0 0
0 0 1
1 1.98005e+08 0
231 0 0
0 0 1
1 1.97464e+08 0
232 0 0
0 0 1
1 1.96933e+08 0
233 0 0
0 0 1
1 1.96411e+08 0
234 0 0
0 0 1
1 1.95904e+08 0
235 0 0
0 0 1
1 1.95422e+08 0
236 0 0
0 0 1
1 1.94976e+08 0
237 0 0
0 0 1
1 1.94576e+08 0
238 0 0
0 0 1
1 1.94225e+08 0
239 0 0
0 0 1
1 1.93922e+08 0
240 0 0
0 0 1
1 1.93661e+08 0
241 0 0
0 0 1
1 1.93438e+08 0
242 0 0
0 0 1
1 1.93245e+08 0
243 0 0
0 0 1
1 1.93075e+08 0
244 0 0
0 0 1
1 1.92912e+08 0
245 0 0
0 0 1
1 1.92744e+08 0
246 0 0
0 0 1
1 1.92554e+08 0
247 0 0
0 0 1
1 1.92332e+08 0
248 0 0
0 0 1
1 1.92075e+08 0
249 0 0
0 0 1
1 1.91787e+08 0
250 0 0
0 0 1
1 1.91478e+08 0
251 0 0
0 0 1
1 1.91153e+08 0
252 0 0
0 0 1
1 1.90812e+08 0
253 0 0
0 0 1
1 1.90444e+08 0
254 0 0
0 0 1
1 1.90033e+08 0
255 0 0
0 0 1
1 1.89566e+08 0
256 0 0
0 0 1
1 1.8904e+08 0
257 0 0
0 0 1
1 1.88463e+08 0
258 0 0
0 0 1
1 1.87849e+08 0
259 0 0
0 0 1
1 1.87214e+08 0
260 0 0
0 0 1
1 1.86569e+08 0
261 0 0
0 0 1
1 1.8592e+08 0
262 0 0
0 0 1
1 1.85272e+08 0
263 0 0
0 0 1
1 1.84631e+08 0
264 0 0
0 0 1
1 1.84009e+08 0
265 0 0
0 0 1
1 1.83416e+08 0
266 0 0
0 0 1
1 1.82861e+08 0
267 0 0
0 0 1
1 1.82346e+08 0
268 0 0
0 0 1
1 1.81867e+08 0
269 0 0
0 0 1
1 1.81412e+08 0
270 0 0
0 0 1
1 1.8097e+08 0
271 0 0
0 0 1
1 1.80531e+08 0
272 0 0
0 0 1
1 1.8009e+08 0
273 0 0
0 0 1
1 1.79648e+08 0
274 0 0
0 0 1
1 1.79212e+08 0
275 0 0
0 0 1
1 1.78793e+08 0
276 0 0
0 0 1
1 1.784e+08 0
277 0 0
0 0 1
1 1.78037e+08 0
278 0 0
0 0 1
1 1.77704e+08 0
279 0 0
0 0 1
1 1.77394e+08 0
280 0 0
0 0 1
1 1.77095e+08 0
281 0 0
0 0 1
1 1.76794e+08 0
282 0 0
0 0 1
1 1.76477e+08 0
283 0 0
0 0 1
1 1.7613e+08 0
284 0 0
0 0 1
1 1.75742e+08 0
285 0 0
0 0 1
1 1.75304e+08 0
286 0 0
0 0 1
1 1.74817e+08 0
287 0 0
0 0 1
1 1.74285e+08 0
288 0 0
0 0 1
1 1.73724e+08 0
289 0 0
0 0 1
1 1.73152e+08 0
290 0 0
0 0 1
1 1.72588e+08 0
291 0 0
0 0 1
1 1.72047e+08 0
292 0 0
0 0 1
1 1.71538e+08 0
293 0 0
0 0 1
1 1.71059e+08 0
294 0 0
0 0 1
1 1.70599e+08 0
295 0 0
0 0 1
1 1.70137e+08 0
296 0 0
0 0 1
1 1.69652e+08 0
297 0 0
0 0 1
1 1.69129e+08 0
298 0 0
0 0 1
1 1.68557e+08 0
299 0 0
0 0 1
1 1.67936e+08 0
300 0 0
0 0 1
1 1.6727e+08 0
301 0 0
0 0 1
1 1.66565e+08 0
302 0 0
0 0 1
1 1.65821e+08 0
303 0 0
0 0 1
1 1.65038e+08 0
304 0 0
0 0 1
1 1.64218e+08 0
305 0 0
0 0 1
1 1.63363e+08 0
306 0 0
0 0 1
1 1.62488e+08 0
307 0 0
0 0 1
1 1.61615e+08 0
308 0 0
0 0 1
1 1.60772e+08 0
309 0 0
0 0 1
1 1.59988e+08 0
310 0 0
0 0 1
1 1.59279e+08 0
311 0 0
0 0 1
1 1.58648e+08 0
312 0 0
0 0 1
1 1.58083e+08 0
313 0 0
0 0 1
1 1.57557e+08 0
314 0 0
0 0 1
1 1.57041e+08 0
315 0 0
0 0 1
1 1.56504e+08 0
316 0 0
0 0 1
1 1.55926e+08 0
317 0 0
0 0 1
1 1.55297e+08 0
318 0 0
0 0 1
1 1.54625e+08 0
319 0 0
0 0 1
1 1.53929e+08 0
320 0 0
0 0 1
1 1.53239e+08 0
321 0 0
0 0 1
1 1.52586e+08 0
322 0 0
0 0 1
1 1.51989e+08 0
323 0 0
0 0 1
1 1.51455e+08 0
324 0 0
0 0 1
1 1.50978e+08 0
325 0 0
0 0 1
1 1.50548e+08 0
326 0 0
0 0 1
1 1.50152e+08 0
327 0 0
0 0 1
1 1.49783e+08 0
328 0 0
0 0 1
1 1.49437e+08 0
329 0 0
0 0 1
1 1.4911e+08 0
330 0 0
0 0 1
1 1.48794e+08 0
331 0 0
0 0 1
1 1.4848e+08 0
332 0 0
0 0 1
1 1.48154e+08 0
333 0 0
0 0 1
1 1.47807e+08 0
334 0 0
0 0 1
1 1.47428e+08 0
335 0 0
0 0 1
1 1.47015e+08 0
336 0 0
0 0 1
1 1.46566e+08 0
337 0 0
0 0 1
1 1.46084e+08 0
338 0 0
0 0 1
1 1.45572e+08 0
339 0 0
0 0 1
1 1.45033e+08 0
340 0 0
0 0 1
1 1.44471e+08 0
341 0 0
0 0 1
1 1.43886e+08 0
342 0 0
0 0 1
1 1.43284e+08 0
343 0 0
0 0 1
1 1.42667e+08 0
344 0 0
0 0 1
1 1.42041e+08 0
345 0 0
0 0 1
1 1.41408e+08 0
346 0 0
0 0 1
1 1.40772e+08 0
347 0 0
0 0 1
1 1.40143e+08 0
348 0 0
0 0 1
1 1.39527e+08 0
349 0 0
0 0 1
1 1.38938e+08 0
350 0 0
0 0 1
1 1.38382e+08 0
351 0 0
0 0 1
1 1.37867e+08 0
352 0 0
0 0 1
1 1.37394e+08 0
353 0 0
0 0 1
1 1.36959e+08 0
354 0 0
0 0 1
1 1.36555e+08 0
355 0 0
0 0 1
1 1.36168e+08 0
356 0 0
0 0 1
1 1.35779e+08 0
357 0 0
0 0 1
1 1.35368e+08 0
358 0 0
0 0 1
1 1.34909e+08 0
359 0 0
0 0 1
1 1.34382e+08 0
360 0 0
0 0 1
1 1.33771e+08 0
361 0 0
0 0 1
1 1.33072e+08 0
362 0 0
0 0 1
1 1.32295e+08 0
363 0 0
0 0 1
1 1.31464e+08 0
364 0 0
0 0 1
1 1.30607e+08 0
365 0 0
0 0 1
1 1.29753e+08 0
366 0 0
0 0 1
1 1.28924e+08 0
367 0 0
0 0 1
1 1.28134e+08 0
368 0 0
0 0 1
1 1.27382e+08 0
369 0 0
0 0 1
1 1.26663e+08 0
370 0 0
0 0 1
1 1.2596e+08 0
371 0 0
0 0 1
1 1.25254e+08 0
372 0 0
0 0 1
1 1.24527e+08 0
373 0 0
0 0 1
1 1.23767e+08 0
374 0 0
0 0 1
1 1.22971e+08 0
375 0 0
0 0 1
1 1.22143e+08 0
376 0 0
0 0 1
1 1.21296e+08 0
377 0 0
0 0 1
1 1.20447e+08 0
378 0 0
0 0 1
1 1.19615e+08 0
379 0 0
0 0 1
1 1.1882e+08 0
380 0 0
0 0 1
1 1.18083e+08 0
381 0 0
0 0 1
1 1.1742e+08 0
382 0 0
0 0 1
1 1.16846e+08 0
383 0 0
0 0 1
1 1.16372e+08 0
384 0 0
0 0 1
1 1.16003e+08 0
385 0 0
0 0 1
1 1.15741e+08 0
386 0 0
0 0 1
1 1.15579e+08 0
387 0 0
0 0 1
1 1.15509e+08 0
388 0 0
0 0 1
1 1.15517e+08 0
389 0 0
0 0 1
1 1.15589e+08 0
390 0 0
0 0 1
1 1.1571e+08 0
391 0 0
0 0 1
1 1.15863e+08 0
392 0 0
0 0 1
1 1.16031e+08 0
393 0 0
0 0 1
1 1.16194e+08 0
394 0 0
0 0 1
1 1.16336e+08 0
395 0 0
0 0 1
1 1.1644e+08 0
396 0 0
0 0 1
1 1.1649e+08 0
397 0 0
0 0 1
1 1.16467e+08 0
398 0 0
0 0 1
1 1.16353e+08 0
399 0 0
0 0 1
1 1.16129e+08 0
400 0 0
0 0 1
1 1.15781e+08 0
401 0 0
0 0 1
1 1.1531e+08 0
402 0 0
0 0 1
1 1.14727e+08 0
403 0 0
0 0 1
1 1.14057e+08 0
404 0 0
0 0 1
1 1.13324e+08 0
405 0 0
0 0 1
1 1.1255e+08 0
406 0 0
0 0 1
1 1.11749e+08 0
407 0 0
0 0 1
1 1.10928e+08 0
408 0 0
0 0 1
1 1.10091e+08 0
409 0 0
0 0 1
1 1.09246e+08 0
410 0 0
0 0 1
1 1.08399e+08 0
411 0 0
0 0 1
1 1.0756e+08 0
412 0 0
0 0 1
1 1.06735e+08 0
413 0 0
0 0 1
1 1.05932e+08 0
414 0 0
0 0 1
1 1.05155e+08 0
415 0 0
0 0 1
1 1.04418e+08 0
416 0 0
0 0 1
1 1.03732e+08 0
417 0 0
0 0 1
1 1.03114e+08 0
418 0 0
0 0 1
1 1.02578e+08 0
419 0 0
0 0 1
1 1.02131e+08 0
420 0 0
0 0 1
1 1.01772e+08 0
421 0 0
0 0 1
1 1.01491e+08 0
422 0 0
0 0 1
1 1.01272e+08 0
423 0 0
0 0 1
1 1.01098e+08 0
424 0 0
0 0 1
1 1.00946e+08 0
425 0 0
0 0 1
1 1.00797e+08 0
426 0 0
0 0 1
1 1.00631e+08 0
427 0 0
0 0 1
1 1.00438e+08 0
428 0 0
0 0 1
1 1.00207e+08 0
429 0 0
0 0 1
1 9.99377e+07 0
430 0 0
0 0 1
1 9.96267e+07 0
431 0 0
0 0 1
1 9.92718e+07 0
432 0 0
0 0 1
1 9.88685e+07 0
433 0 0
0 0 1
1 9.84111e+07 0
434 0 0
0 0 1
1 9.78951e+07 0
435 0 0
0 0 1
1 9.73208e+07 0
436 0 0
0 0 1
1 9.66951e+07 0
437 0 0
0 0 1
1 9.60313e+07 0
438 0 0
0 0 1
1 9.53479e+07 0
439 0 0
0 0 1
1 9.46664e+07 0
440 0 0
0 0 1
1 9.4008e+07 0
441 0 0
0 0 1
1 9.33907e+07 0
442 0 0
0 0 1
1 9.28259e+07 0
443 0 0
0 0 1
1 9.23164e+07 0
444 0 0
0 0 1
1 9.18563e+07 0
445 0 0
0 0 1
1 9.14329e+07 0
446 0 0
0 0 1
1 9.10302e+07 0
447 0 0
0 0 1
1 9.06332e+07 0
448 0 0
0 0 1
1 9.0233e+07 0
449 0 0
0 0 1
1 8.98302e+07 0
450 0 0
0 0 1
1 8.94345e+07 0
451 0 0
0 0 1
1 8.90607e+07 0
452 0 0
0 0 1
1 8.8722e+07 0
453 0 0
0 0 1
1 8.84243e+07 0
454 0 0
0 0 1
1 8.8164e+07 0
455 0 0
0 0 1
1 8.79297e+07 0
456 0 0
0 0 1
1 8.77082e+07 0
457 0 0
0 0 1
1 8.74888e+07 0
458 0 0
0 0 1
1 8.72675e+07 0
459 0 0
0 0 1
1 8.7045e+07 0
460 0 0
0 0 1
1 8.68239e+07 0
461 0 0
0 0 1
1 8.66043e+07 0
462 0 0
0 0 1
1 8.6381e+07 0
463 0 0
0 0 1
1 8.61434e+07 0
464 0 0
0 0 1
1 8.58786e+07 0
465 0 0
0 0 1
1 8.55748e+07 0
466 0 0
0 0 1
1 8.52247e+07 0
467 0 0
0 0 1
1 8.48283e+07 0
468 0 0
0 0 1
1 8.43945e+07 0
469 0 0
0 0 1
1 8.39411e+07 0
470 0 0
0 0 1
1 8.34926e+07 0
471 0 0
0 0 1
1 8.30761e+07 0
472 0 0
0 0 1
1 8.27167e+07 0
473 0 0
0 0 1
1 8.24318e+07 0
474 0 0
0 0 1
1 8.22282e+07 0
475 0 0
0 0 1
1 8.20994e+07 0
476 0 0
0 0 1
1 8.20257e+07 0
477 0 0
0 0 1
1 8.19775e+07 0
478 0 0
0 0 1
1 8.19216e+07 0
479 0 0
0 0 1
1 8.18289e+07 0
480 0 0
0 0 1
1 8.16805e+07 0
481 0 0
0 0 1
1 8.1471e+07 0
482 0 0
0 0 1
1 8.1207e+07 0
483 0 0
0 0 1
1 8.09018e+07 0
484 0 0
0 0 1
1 8.05677e+07 0
485 0 0
0 0 1
1 8.02109e+07 0
486 0 0
0 0 1
1 7.98303e+07 0
487 0 0
0 0 1
1 7.94211e+07 0
488 0 0
0 0 1
1 7.8981e+07 0
489 0 0
0 0 1
1 7.85152e+07 0
490 0 0
0 0 1
1 7.80384e+07 0
491 0 0
0 0 1
1 7.75729e+07 0
492 0 0
0 0 1
1 7.71419e+07 0
493 0 0
0 0 1
1 7.67624e+07 0
494 0 0
0 0 1
1 7.64396e+07 0
495 0 0
0 0 1
1 7.61655e+07 0
496 0 0
0 0 1
1 7.5921e+07 0
497 0 0
0 0 1
1 7.56805e+07 0
498 0 0
0 0 1
1 7.5416e+07 0
499 0 0
0 0 1
1 7.51014e+07 0
500 0 0
0 0 1
1 7.47168e+07 0
501 0 0
0 0 1
1 7.42527e+07 0
502 0 0
0 0 1
1 7.37112e+07 0
503 0 0
0 0 1
1 7.31038e+07 0
504 0 0
0 0 1
1 7.24474e+07 0
505 0 0
0 0 1
1 7.17614e+07 0
506 0 0
0 0 1
1 7.10664e+07 0
507 0 0
0 0 1
1 7.03849e+07 0
508 0 0
0 0 1
1 6.97405e+07 0
509 0 0
0 0 1
1 6.91551e+07 0
510 0 0
0 0 1
1 6.86433e+07 0
511 0 0
0 0 1
1 6.82078e+07 0
512 0 0
0 0 1
1 6.78382e+07 0
513 0 0
0 0 1
1 6.7516e+07 0
514 0 0
0 0 1
1 6.72235e+07 0
515 0 0
0 0 1
1 6.69507e+07 0
516 0 0
0 0 1
1 6.66974e+07 0
517 0 0
0 0 1
1 6.64692e+07 0
518 0 0
0 0 1
1 6.62716e+07 0
519 0 0
0 0 1
1 6.61073e+07 0
520 0 0
0 0 1
1 6.59775e+07 0
521 0 0
0 0 1
1 6.58841e+07 0
522 0 0
0 0 1
1 6.58313e+07 0
523 0 0
0 0 1
1 6.58223e+07 0
524 0 0
0 0 1
1 6.5855e+07 0
525 0 0
0 0 1
1 6.59189e+07 0
526 0 0
0 0 1
1 6.59953e+07 0
527 0 0
0 0 1
1 6.60611e+07 0
528 0 0
0 0 1
1 6.6095e+07 0
529 0 0
0 0 1
1 6.60819e+07 0
530 0 0
0 0 1
1 6.6015e+07 0
531 0 0
0 0 1
1 6.58955e+07 0
532 0 0
0 0 1
1 6.57299e+07 0
533 0 0
0 0 1
1 6.55258e+07 0
534 0 0
0 0 1
1 6.52878e+07 0
535 0 0
0 0 1
1 6.50165e+07 0
536 0 0
0 0 1
1 6.47099e+07 0
537 0 0
0 0 1
1 6.43678e+07 0
538 0 0
0 0 1
1 6.39935e+07 0
539 0 0
0 0 1
1 6.35928e+07 0
540 0 0
0 0 1
1 6.31697e+07 0
541 0 0
0 0 1
1 6.27225e+07 0
542 0 0
0 0 1
1 6.22441e+07 0
543 0 0
0 0 1
1 6.17256e+07 0
544 0 0
0 0 1
1 6.11623e+07 0
545 0 0
0 0 1
1 6.05589e+07 0
546 0 0
0 0 1
1 5.99312e+07 0
547 0 0
0 0 1
1 5.93035e+07 0
548 0 0
0 0 1
1 5.87035e+07 0
549 0 0
0 0 1
1 5.81547e+07 0
-1 0 0
