Dataset :
/opt/topspin3.5pl6/data/e3b/joachim/87Rb-CRN/38/pdata/1

Spinning speed : 1.000000

Peak 1 (xy -63.923 ppm)

    number integral(S0) integral(S*) intensity(S0) intensity(S*)

         1     -2.3e+11    -2.35e+11             0     -2.71e+08
         2    -2.15e+11    -2.24e+11             0     -2.61e+08
         3     -1.8e+11       -2e+11             0     -2.33e+08
         4    -1.12e+11    -1.51e+11             0             0
         5    -3.75e+09     -6.3e+10             0             0
         6    -2.27e+11    -2.32e+11             0             0
         7    -2.08e+11    -2.19e+11             0             0
         8    -1.66e+11     -1.9e+11             0             0
         9    -8.93e+10    -1.32e+11             0             0
        10     2.94e+10    -3.39e+10             0             0
        11     2.14e+11     1.25e+11             0             0
        12     3.08e+11     2.76e+11             0             0
        13     3.22e+11     3.19e+11             0             0
        14     3.22e+11     3.22e+11             0             0

    time(mS) DS/S0(integral) DS/S0(intensity)

           2               0                0
           4               0                0
           6               0                0
           8               0                0
          10               0                0
          12               0                0
          14               0                0
          16               0                0
          18               0                0
          20           2.153                0
          22          0.4141                0
          24          0.1061                0
          26        0.007662                0
          28       0.0008304                0


