88
1e-05 0 0
0 0 1
8847.73 -2.34593e+11 12222
1.6e-05 0 0
0 0 1
8847 -2.30252e+11 0
2.6e-05 0 0
0 0 1
8849.65 -2.24235e+11 12739
4.3e-05 0 0
0 0 1
8847 -2.14811e+11 0
7e-05 0 0
0 0 1
8851.55 -1.99525e+11 16932
0.000113 0 0
0 0 1
8847 -1.79834e+11 0
0.000183 0 0
0 0 1
8847 -1.50919e+11 0
0.000298 0 0
0 0 1
8847 -1.11742e+11 0
0.000483 0 0
0 0 1
8847 -6.30232e+10 0
0.000785 0 0
0 0 1
8847 -3.74961e+09 0
1.3e-05 0 0
0 0 1
8847 -2.31646e+11 0
2.1e-05 0 0
0 0 1
8847 -2.26874e+11 0
3.4e-05 0 0
0 0 1
8847 -2.18808e+11 0
5.5e-05 0 0
0 0 1
8847 -2.08062e+11 0
8.9e-05 0 0
0 0 1
8847 -1.90302e+11 0
0.000144 0 0
0 0 1
8847 -1.66386e+11 0
0.000234 0 0
0 0 1
8847 -1.32388e+11 0
0.000379 0 0
0 0 1
8847 -8.92647e+10 0
0.000616 0 0
0 0 1
8847 -3.38535e+10 0
0.001 0 0
0 0 1
8847 2.93594e+10 0
0.002 0 0
0 0 1
8847 1.25241e+11 0
0.004 0 0
0 0 1
8847 2.13759e+11 0
0.008 0 0
0 0 1
8847 2.75772e+11 0
0.016 0 0
0 0 1
8847 3.08492e+11 0
0.032 0 0
0 0 1
8847 3.19315e+11 0
0.064 0 0
0 0 1
8847 3.2178e+11 0
0.128 0 0
0 0 1
8847 3.21919e+11 0
0.256 0 0
0 0 1
8847 3.22186e+11 0
0.512 0 0
0 0 1
8847 3.21836e+11 0
-1 0 0
