88
1e-05 0 0
0 0 1
8847.73 -2.71293e+08 12222
1.6e-05 0 0
0 0 1
8847 0 0
2.6e-05 0 0
0 0 1
8849.65 -2.6091e+08 12739
4.3e-05 0 0
0 0 1
8847 0 0
7e-05 0 0
0 0 1
8851.55 -2.32852e+08 16932
0.000113 0 0
0 0 1
8847 0 0
0.000183 0 0
0 0 1
8847 0 0
0.000298 0 0
0 0 1
8847 0 0
0.000483 0 0
0 0 1
8847 0 0
0.000785 0 0
0 0 1
8847 0 0
1.3e-05 0 0
0 0 1
8847 0 0
2.1e-05 0 0
0 0 1
8847 0 0
3.4e-05 0 0
0 0 1
8847 0 0
5.5e-05 0 0
0 0 1
8847 0 0
8.9e-05 0 0
0 0 1
8847 0 0
0.000144 0 0
0 0 1
8847 0 0
0.000234 0 0
0 0 1
8847 0 0
0.000379 0 0
0 0 1
8847 0 0
0.000616 0 0
0 0 1
8847 0 0
0.001 0 0
0 0 1
8847 0 0
0.002 0 0
0 0 1
8847 0 0
0.004 0 0
0 0 1
8847 0 0
0.008 0 0
0 0 1
8847 0 0
0.016 0 0
0 0 1
8847 0 0
0.032 0 0
0 0 1
8847 0 0
0.064 0 0
0 0 1
8847 0 0
0.128 0 0
0 0 1
8847 0 0
0.256 0 0
0 0 1
8847 0 0
0.512 0 0
0 0 1
8847 0 0
-1 0 0
