SIMFIT RESULTS
==============

Dataset : /opt/topspin3.5pl6/data/e3b/joachim/87Rb-CRN/42/pdata/992/ct1t2.txt

INTENSITY fit : Exponential decay (T2 or T1rho) : I[t]=I[0]*exp(-t/T)

936 points for Peak 1

Converged after 10000 iterations!

Results     Comp. 1       Comp. 2    

I[0]  =    2.341e+00     1.102e+00  
T     =      29.776m      477.771s  

RSS   =    2.046e+00
SD    =    4.675e-02

Point       Tau          Expt          Calc       Difference

    1       1.000s     1.000e+00     1.099e+00    9.929e-02
    2       2.000s     9.983e-01     1.097e+00    9.870e-02
    3       3.000s     9.965e-01     1.095e+00    9.823e-02
    4       4.000s     9.950e-01     1.092e+00    9.743e-02
    5       5.000s     9.938e-01     1.090e+00    9.630e-02
    6       6.000s     9.926e-01     1.088e+00    9.521e-02
    7       7.000s     9.912e-01     1.086e+00    9.441e-02
    8       8.000s     9.896e-01     1.083e+00    9.372e-02
    9       9.000s     9.883e-01     1.081e+00    9.269e-02
   10      10.000s     9.876e-01     1.079e+00    9.118e-02
   11      11.000s     9.870e-01     1.077e+00    8.950e-02
   12      12.000s     9.862e-01     1.074e+00    8.811e-02
   13      13.000s     9.849e-01     1.072e+00    8.709e-02
   14      14.000s     9.837e-01     1.070e+00    8.608e-02
   15      15.000s     9.827e-01     1.068e+00    8.482e-02
   16      16.000s     9.818e-01     1.065e+00    8.353e-02
   17      17.000s     9.805e-01     1.063e+00    8.261e-02
   18      18.000s     9.789e-01     1.061e+00    8.197e-02
   19      19.000s     9.775e-01     1.059e+00    8.111e-02
   20      20.000s     9.766e-01     1.056e+00    7.985e-02
   21      21.000s     9.756e-01     1.054e+00    7.860e-02
   22      22.000s     9.742e-01     1.052e+00    7.786e-02
   23      23.000s     9.724e-01     1.050e+00    7.747e-02
   24      24.000s     9.708e-01     1.048e+00    7.678e-02
   25      25.000s     9.699e-01     1.045e+00    7.556e-02
   26      26.000s     9.690e-01     1.043e+00    7.423e-02
   27      27.000s     9.678e-01     1.041e+00    7.329e-02
   28      28.000s     9.662e-01     1.039e+00    7.273e-02
   29      29.000s     9.646e-01     1.037e+00    7.217e-02
   30      30.000s     9.632e-01     1.035e+00    7.139e-02
   31      31.000s     9.620e-01     1.032e+00    7.038e-02
   32      32.000s     9.610e-01     1.030e+00    6.920e-02
   33      33.000s     9.601e-01     1.028e+00    6.796e-02
   34      34.000s     9.591e-01     1.026e+00    6.681e-02
   35      35.000s     9.579e-01     1.024e+00    6.584e-02
   36      36.000s     9.568e-01     1.022e+00    6.482e-02
   37      37.000s     9.559e-01     1.020e+00    6.357e-02
   38      38.000s     9.551e-01     1.017e+00    6.227e-02
   39      39.000s     9.539e-01     1.015e+00    6.135e-02
   40      40.000s     9.524e-01     1.013e+00    6.077e-02
   41      41.000s     9.511e-01     1.011e+00    5.995e-02
   42      42.000s     9.504e-01     1.009e+00    5.850e-02
   43      43.000s     9.500e-01     1.007e+00    5.683e-02
   44      44.000s     9.491e-01     1.005e+00    5.563e-02
   45      45.000s     9.476e-01     1.003e+00    5.500e-02
   46      46.000s     9.461e-01     1.000e+00    5.441e-02
   47      47.000s     9.449e-01     9.984e-01    5.345e-02
   48      48.000s     9.439e-01     9.963e-01    5.241e-02
   49      49.000s     9.425e-01     9.942e-01    5.174e-02
   50      50.000s     9.407e-01     9.921e-01    5.141e-02
   51      51.000s     9.391e-01     9.901e-01    5.098e-02
   52      52.000s     9.378e-01     9.880e-01    5.016e-02
   53      53.000s     9.368e-01     9.859e-01    4.909e-02
   54      54.000s     9.358e-01     9.839e-01    4.807e-02
   55      55.000s     9.346e-01     9.818e-01    4.718e-02
   56      56.000s     9.334e-01     9.798e-01    4.641e-02
   57      57.000s     9.320e-01     9.777e-01    4.574e-02
   58      58.000s     9.305e-01     9.757e-01    4.516e-02
   59      59.000s     9.291e-01     9.736e-01    4.455e-02
   60      60.000s     9.278e-01     9.716e-01    4.378e-02
   61      61.000s     9.267e-01     9.696e-01    4.289e-02
   62      62.000s     9.255e-01     9.675e-01    4.207e-02
   63      63.000s     9.240e-01     9.655e-01    4.148e-02
   64      64.000s     9.224e-01     9.635e-01    4.110e-02
   65      65.000s     9.208e-01     9.615e-01    4.069e-02
   66      66.000s     9.195e-01     9.595e-01    3.998e-02
   67      67.000s     9.185e-01     9.575e-01    3.891e-02
   68      68.000s     9.177e-01     9.555e-01    3.778e-02
   69      69.000s     9.165e-01     9.535e-01    3.699e-02
   70      70.000s     9.148e-01     9.515e-01    3.663e-02
   71      71.000s     9.132e-01     9.495e-01    3.632e-02
   72      72.000s     9.120e-01     9.475e-01    3.552e-02
   73      73.000s     9.115e-01     9.455e-01    3.402e-02
   74      74.000s     9.115e-01     9.435e-01    3.206e-02
   75      75.000s     9.115e-01     9.416e-01    3.011e-02
   76      76.000s     9.111e-01     9.396e-01    2.849e-02
   77      77.000s     9.103e-01     9.376e-01    2.732e-02
   78      78.000s     9.091e-01     9.357e-01    2.652e-02
   79      79.000s     9.078e-01     9.337e-01    2.592e-02
   80      80.000s     9.064e-01     9.318e-01    2.537e-02
   81      81.000s     9.049e-01     9.298e-01    2.488e-02
   82      82.000s     9.033e-01     9.279e-01    2.460e-02
   83      83.000s     9.014e-01     9.259e-01    2.454e-02
   84      84.000s     8.996e-01     9.240e-01    2.441e-02
   85      85.000s     8.982e-01     9.221e-01    2.387e-02
   86      86.000s     8.973e-01     9.201e-01    2.283e-02
   87      87.000s     8.966e-01     9.182e-01    2.156e-02
   88      88.000s     8.958e-01     9.163e-01    2.052e-02
   89      89.000s     8.944e-01     9.144e-01    2.000e-02
   90      90.000s     8.926e-01     9.125e-01    1.990e-02
   91      91.000s     8.906e-01     9.106e-01    1.992e-02
   92      92.000s     8.889e-01     9.086e-01    1.973e-02
   93      93.000s     8.875e-01     9.067e-01    1.925e-02
   94      94.000s     8.862e-01     9.049e-01    1.862e-02
   95      95.000s     8.849e-01     9.030e-01    1.802e-02
   96      96.000s     8.836e-01     9.011e-01    1.743e-02
   97      97.000s     8.824e-01     8.992e-01    1.674e-02
   98      98.000s     8.814e-01     8.973e-01    1.594e-02
   99      99.000s     8.802e-01     8.954e-01    1.522e-02
  100     100.000s     8.789e-01     8.936e-01    1.470e-02
  101     101.000s     8.775e-01     8.917e-01    1.424e-02
  102     102.000s     8.763e-01     8.898e-01    1.357e-02
  103     103.000s     8.754e-01     8.880e-01    1.261e-02
  104     104.000s     8.746e-01     8.861e-01    1.154e-02
  105     105.000s     8.737e-01     8.843e-01    1.057e-02
  106     106.000s     8.727e-01     8.824e-01    9.718e-03
  107     107.000s     8.717e-01     8.806e-01    8.817e-03
  108     108.000s     8.710e-01     8.787e-01    7.707e-03
  109     109.000s     8.705e-01     8.769e-01    6.385e-03
  110     110.000s     8.700e-01     8.750e-01    5.071e-03
  111     111.000s     8.691e-01     8.732e-01    4.152e-03
  112     112.000s     8.675e-01     8.714e-01    3.927e-03
  113     113.000s     8.653e-01     8.696e-01    4.239e-03
  114     114.000s     8.633e-01     8.678e-01    4.430e-03
  115     115.000s     8.621e-01     8.659e-01    3.873e-03
  116     116.000s     8.615e-01     8.641e-01    2.622e-03
  117     117.000s     8.609e-01     8.623e-01    1.378e-03
  118     118.000s     8.598e-01     8.605e-01    6.957e-04
  119     119.000s     8.584e-01     8.587e-01    3.552e-04
  120     120.000s     8.572e-01     8.569e-01   -2.742e-04
  121     121.000s     8.565e-01     8.551e-01   -1.325e-03
  122     122.000s     8.555e-01     8.533e-01   -2.179e-03
  123     123.000s     8.538e-01     8.516e-01   -2.245e-03
  124     124.000s     8.516e-01     8.498e-01   -1.774e-03
  125     125.000s     8.496e-01     8.480e-01   -1.634e-03
  126     126.000s     8.486e-01     8.462e-01   -2.331e-03
  127     127.000s     8.480e-01     8.445e-01   -3.494e-03
  128     128.000s     8.471e-01     8.427e-01   -4.387e-03
  129     129.000s     8.456e-01     8.409e-01   -4.690e-03
  130     130.000s     8.438e-01     8.392e-01   -4.637e-03
  131     131.000s     8.420e-01     8.374e-01   -4.574e-03
  132     132.000s     8.403e-01     8.357e-01   -4.656e-03
  133     133.000s     8.389e-01     8.339e-01   -4.932e-03
  134     134.000s     8.376e-01     8.322e-01   -5.452e-03
  135     135.000s     8.366e-01     8.304e-01   -6.170e-03
  136     136.000s     8.356e-01     8.287e-01   -6.919e-03
  137     137.000s     8.346e-01     8.270e-01   -7.619e-03
  138     138.000s     8.336e-01     8.252e-01   -8.386e-03
  139     139.000s     8.328e-01     8.235e-01   -9.304e-03
  140     140.000s     8.320e-01     8.218e-01   -1.022e-02
  141     141.000s     8.310e-01     8.201e-01   -1.094e-02
  142     142.000s     8.299e-01     8.184e-01   -1.156e-02
  143     143.000s     8.290e-01     8.166e-01   -1.236e-02
  144     144.000s     8.282e-01     8.149e-01   -1.327e-02
  145     145.000s     8.271e-01     8.132e-01   -1.389e-02
  146     146.000s     8.256e-01     8.115e-01   -1.402e-02
  147     147.000s     8.239e-01     8.098e-01   -1.402e-02
  148     148.000s     8.226e-01     8.081e-01   -1.441e-02
  149     149.000s     8.216e-01     8.065e-01   -1.518e-02
  150     150.000s     8.206e-01     8.048e-01   -1.583e-02
  151     151.000s     8.191e-01     8.031e-01   -1.606e-02
  152     152.000s     8.176e-01     8.014e-01   -1.617e-02
  153     153.000s     8.163e-01     7.997e-01   -1.654e-02
  154     154.000s     8.151e-01     7.981e-01   -1.705e-02
  155     155.000s     8.136e-01     7.964e-01   -1.724e-02
  156     156.000s     8.117e-01     7.947e-01   -1.700e-02
  157     157.000s     8.098e-01     7.931e-01   -1.674e-02
  158     158.000s     8.084e-01     7.914e-01   -1.700e-02
  159     159.000s     8.077e-01     7.898e-01   -1.792e-02
  160     160.000s     8.073e-01     7.881e-01   -1.920e-02
  161     161.000s     8.068e-01     7.865e-01   -2.038e-02
  162     162.000s     8.060e-01     7.848e-01   -2.115e-02
  163     163.000s     8.046e-01     7.832e-01   -2.145e-02
  164     164.000s     8.031e-01     7.815e-01   -2.152e-02
  165     165.000s     8.017e-01     7.799e-01   -2.179e-02
  166     166.000s     8.007e-01     7.783e-01   -2.245e-02
  167     167.000s     7.999e-01     7.766e-01   -2.327e-02
  168     168.000s     7.988e-01     7.750e-01   -2.376e-02
  169     169.000s     7.971e-01     7.734e-01   -2.373e-02
  170     170.000s     7.953e-01     7.718e-01   -2.352e-02
  171     171.000s     7.938e-01     7.702e-01   -2.362e-02
  172     172.000s     7.927e-01     7.686e-01   -2.418e-02
  173     173.000s     7.918e-01     7.669e-01   -2.490e-02
  174     174.000s     7.907e-01     7.653e-01   -2.536e-02
  175     175.000s     7.892e-01     7.637e-01   -2.542e-02
  176     176.000s     7.875e-01     7.621e-01   -2.533e-02
  177     177.000s     7.860e-01     7.606e-01   -2.542e-02
  178     178.000s     7.848e-01     7.590e-01   -2.586e-02
  179     179.000s     7.839e-01     7.574e-01   -2.656e-02
  180     180.000s     7.831e-01     7.558e-01   -2.733e-02
  181     181.000s     7.823e-01     7.542e-01   -2.810e-02
  182     182.000s     7.815e-01     7.526e-01   -2.891e-02
  183     183.000s     7.808e-01     7.511e-01   -2.974e-02
  184     184.000s     7.799e-01     7.495e-01   -3.038e-02
  185     185.000s     7.785e-01     7.479e-01   -3.055e-02
  186     186.000s     7.765e-01     7.464e-01   -3.017e-02
  187     187.000s     7.744e-01     7.448e-01   -2.959e-02
  188     188.000s     7.726e-01     7.432e-01   -2.933e-02
  189     189.000s     7.713e-01     7.417e-01   -2.962e-02
  190     190.000s     7.703e-01     7.401e-01   -3.016e-02
  191     191.000s     7.691e-01     7.386e-01   -3.052e-02
  192     192.000s     7.677e-01     7.370e-01   -3.065e-02
  193     193.000s     7.664e-01     7.355e-01   -3.087e-02
  194     194.000s     7.654e-01     7.340e-01   -3.141e-02
  195     195.000s     7.644e-01     7.324e-01   -3.199e-02
  196     196.000s     7.631e-01     7.309e-01   -3.216e-02
  197     197.000s     7.613e-01     7.294e-01   -3.192e-02
  198     198.000s     7.596e-01     7.278e-01   -3.178e-02
  199     199.000s     7.585e-01     7.263e-01   -3.215e-02
  200     200.000s     7.577e-01     7.248e-01   -3.291e-02
  201     201.000s     7.569e-01     7.233e-01   -3.364e-02
  202     202.000s     7.559e-01     7.218e-01   -3.412e-02
  203     203.000s     7.547e-01     7.203e-01   -3.445e-02
  204     204.000s     7.535e-01     7.188e-01   -3.476e-02
  205     205.000s     7.523e-01     7.173e-01   -3.507e-02
  206     206.000s     7.512e-01     7.158e-01   -3.546e-02
  207     207.000s     7.503e-01     7.143e-01   -3.606e-02
  208     208.000s     7.496e-01     7.128e-01   -3.678e-02
  209     209.000s     7.486e-01     7.113e-01   -3.730e-02
  210     210.000s     7.473e-01     7.098e-01   -3.748e-02
  211     211.000s     7.459e-01     7.083e-01   -3.755e-02
  212     212.000s     7.446e-01     7.068e-01   -3.773e-02
  213     213.000s     7.432e-01     7.054e-01   -3.789e-02
  214     214.000s     7.416e-01     7.039e-01   -3.776e-02
  215     215.000s     7.399e-01     7.024e-01   -3.746e-02
  216     216.000s     7.383e-01     7.009e-01   -3.741e-02
  217     217.000s     7.372e-01     6.995e-01   -3.774e-02
  218     218.000s     7.361e-01     6.980e-01   -3.809e-02
  219     219.000s     7.348e-01     6.965e-01   -3.822e-02
  220     220.000s     7.334e-01     6.951e-01   -3.835e-02
  221     221.000s     7.325e-01     6.936e-01   -3.884e-02
  222     222.000s     7.317e-01     6.922e-01   -3.954e-02
  223     223.000s     7.308e-01     6.907e-01   -4.002e-02
  224     224.000s     7.295e-01     6.893e-01   -4.015e-02
  225     225.000s     7.281e-01     6.879e-01   -4.029e-02
  226     226.000s     7.271e-01     6.864e-01   -4.073e-02
  227     227.000s     7.263e-01     6.850e-01   -4.135e-02
  228     228.000s     7.255e-01     6.836e-01   -4.192e-02
  229     229.000s     7.245e-01     6.821e-01   -4.242e-02
  230     230.000s     7.237e-01     6.807e-01   -4.296e-02
  231     231.000s     7.228e-01     6.793e-01   -4.350e-02
  232     232.000s     7.216e-01     6.779e-01   -4.377e-02
  233     233.000s     7.201e-01     6.764e-01   -4.366e-02
  234     234.000s     7.184e-01     6.750e-01   -4.334e-02
  235     235.000s     7.167e-01     6.736e-01   -4.312e-02
  236     236.000s     7.155e-01     6.722e-01   -4.329e-02
  237     237.000s     7.147e-01     6.708e-01   -4.387e-02
  238     238.000s     7.140e-01     6.694e-01   -4.461e-02
  239     239.000s     7.131e-01     6.680e-01   -4.506e-02
  240     240.000s     7.116e-01     6.666e-01   -4.499e-02
  241     241.000s     7.099e-01     6.652e-01   -4.467e-02
  242     242.000s     7.082e-01     6.638e-01   -4.443e-02
  243     243.000s     7.067e-01     6.624e-01   -4.430e-02
  244     244.000s     7.051e-01     6.610e-01   -4.407e-02
  245     245.000s     7.035e-01     6.597e-01   -4.386e-02
  246     246.000s     7.024e-01     6.583e-01   -4.411e-02
  247     247.000s     7.018e-01     6.569e-01   -4.492e-02
  248     248.000s     7.012e-01     6.555e-01   -4.567e-02
  249     249.000s     7.000e-01     6.542e-01   -4.581e-02
  250     250.000s     6.983e-01     6.528e-01   -4.555e-02
  251     251.000s     6.970e-01     6.514e-01   -4.558e-02
  252     252.000s     6.961e-01     6.501e-01   -4.605e-02
  253     253.000s     6.952e-01     6.487e-01   -4.647e-02
  254     254.000s     6.939e-01     6.473e-01   -4.654e-02
  255     255.000s     6.927e-01     6.460e-01   -4.669e-02
  256     256.000s     6.920e-01     6.446e-01   -4.738e-02
  257     257.000s     6.916e-01     6.433e-01   -4.832e-02
  258     258.000s     6.907e-01     6.419e-01   -4.876e-02
  259     259.000s     6.891e-01     6.406e-01   -4.853e-02
  260     260.000s     6.874e-01     6.393e-01   -4.816e-02
  261     261.000s     6.861e-01     6.379e-01   -4.817e-02
  262     262.000s     6.851e-01     6.366e-01   -4.847e-02
  263     263.000s     6.840e-01     6.353e-01   -4.877e-02
  264     264.000s     6.830e-01     6.339e-01   -4.902e-02
  265     265.000s     6.819e-01     6.326e-01   -4.933e-02
  266     266.000s     6.810e-01     6.313e-01   -4.967e-02
  267     267.000s     6.798e-01     6.300e-01   -4.983e-02
  268     268.000s     6.784e-01     6.287e-01   -4.970e-02
  269     269.000s     6.768e-01     6.273e-01   -4.944e-02
  270     270.000s     6.752e-01     6.260e-01   -4.919e-02
  271     271.000s     6.737e-01     6.247e-01   -4.900e-02
  272     272.000s     6.723e-01     6.234e-01   -4.888e-02
  273     273.000s     6.708e-01     6.221e-01   -4.872e-02
  274     274.000s     6.692e-01     6.208e-01   -4.837e-02
  275     275.000s     6.673e-01     6.195e-01   -4.780e-02
  276     276.000s     6.655e-01     6.182e-01   -4.726e-02
  277     277.000s     6.641e-01     6.169e-01   -4.715e-02
  278     278.000s     6.632e-01     6.156e-01   -4.759e-02
  279     279.000s     6.626e-01     6.143e-01   -4.825e-02
  280     280.000s     6.618e-01     6.131e-01   -4.870e-02
  281     281.000s     6.606e-01     6.118e-01   -4.881e-02
  282     282.000s     6.592e-01     6.105e-01   -4.875e-02
  283     283.000s     6.580e-01     6.092e-01   -4.881e-02
  284     284.000s     6.571e-01     6.079e-01   -4.915e-02
  285     285.000s     6.564e-01     6.067e-01   -4.974e-02
  286     286.000s     6.557e-01     6.054e-01   -5.034e-02
  287     287.000s     6.548e-01     6.041e-01   -5.067e-02
  288     288.000s     6.535e-01     6.029e-01   -5.067e-02
  289     289.000s     6.521e-01     6.016e-01   -5.051e-02
  290     290.000s     6.507e-01     6.004e-01   -5.033e-02
  291     291.000s     6.492e-01     5.991e-01   -5.005e-02
  292     292.000s     6.475e-01     5.979e-01   -4.966e-02
  293     293.000s     6.460e-01     5.966e-01   -4.944e-02
  294     294.000s     6.451e-01     5.954e-01   -4.972e-02
  295     295.000s     6.444e-01     5.941e-01   -5.033e-02
  296     296.000s     6.436e-01     5.929e-01   -5.071e-02
  297     297.000s     6.422e-01     5.916e-01   -5.059e-02
  298     298.000s     6.408e-01     5.904e-01   -5.037e-02
  299     299.000s     6.397e-01     5.892e-01   -5.055e-02
  300     300.000s     6.389e-01     5.879e-01   -5.096e-02
  301     301.000s     6.377e-01     5.867e-01   -5.099e-02
  302     302.000s     6.359e-01     5.855e-01   -5.043e-02
  303     303.000s     6.340e-01     5.842e-01   -4.972e-02
  304     304.000s     6.324e-01     5.830e-01   -4.939e-02
  305     305.000s     6.313e-01     5.818e-01   -4.949e-02
  306     306.000s     6.303e-01     5.806e-01   -4.974e-02
  307     307.000s     6.294e-01     5.794e-01   -5.002e-02
  308     308.000s     6.285e-01     5.782e-01   -5.037e-02
  309     309.000s     6.277e-01     5.770e-01   -5.076e-02
  310     310.000s     6.267e-01     5.757e-01   -5.099e-02
  311     311.000s     6.255e-01     5.745e-01   -5.095e-02
  312     312.000s     6.241e-01     5.733e-01   -5.079e-02
  313     313.000s     6.228e-01     5.721e-01   -5.069e-02
  314     314.000s     6.217e-01     5.709e-01   -5.071e-02
  315     315.000s     6.205e-01     5.698e-01   -5.079e-02
  316     316.000s     6.194e-01     5.686e-01   -5.088e-02
  317     317.000s     6.184e-01     5.674e-01   -5.105e-02
  318     318.000s     6.176e-01     5.662e-01   -5.136e-02
  319     319.000s     6.168e-01     5.650e-01   -5.181e-02
  320     320.000s     6.161e-01     5.638e-01   -5.228e-02
  321     321.000s     6.153e-01     5.626e-01   -5.265e-02
  322     322.000s     6.143e-01     5.615e-01   -5.280e-02
  323     323.000s     6.130e-01     5.603e-01   -5.268e-02
  324     324.000s     6.114e-01     5.591e-01   -5.232e-02
  325     325.000s     6.097e-01     5.580e-01   -5.176e-02
  326     326.000s     6.080e-01     5.568e-01   -5.122e-02
  327     327.000s     6.066e-01     5.556e-01   -5.100e-02
  328     328.000s     6.057e-01     5.545e-01   -5.123e-02
  329     329.000s     6.049e-01     5.533e-01   -5.161e-02
  330     330.000s     6.038e-01     5.521e-01   -5.162e-02
  331     331.000s     6.021e-01     5.510e-01   -5.107e-02
  332     332.000s     6.002e-01     5.498e-01   -5.036e-02
  333     333.000s     5.987e-01     5.487e-01   -4.997e-02
  334     334.000s     5.975e-01     5.475e-01   -4.995e-02
  335     335.000s     5.964e-01     5.464e-01   -5.000e-02
  336     336.000s     5.952e-01     5.453e-01   -4.998e-02
  337     337.000s     5.941e-01     5.441e-01   -4.994e-02
  338     338.000s     5.929e-01     5.430e-01   -4.990e-02
  339     339.000s     5.915e-01     5.418e-01   -4.968e-02
  340     340.000s     5.899e-01     5.407e-01   -4.920e-02
  341     341.000s     5.882e-01     5.396e-01   -4.867e-02
  342     342.000s     5.868e-01     5.384e-01   -4.837e-02
  343     343.000s     5.857e-01     5.373e-01   -4.833e-02
  344     344.000s     5.847e-01     5.362e-01   -4.848e-02
  345     345.000s     5.839e-01     5.351e-01   -4.886e-02
  346     346.000s     5.834e-01     5.340e-01   -4.944e-02
  347     347.000s     5.828e-01     5.328e-01   -4.997e-02
  348     348.000s     5.818e-01     5.317e-01   -5.011e-02
  349     349.000s     5.805e-01     5.306e-01   -4.990e-02
  350     350.000s     5.792e-01     5.295e-01   -4.969e-02
  351     351.000s     5.780e-01     5.284e-01   -4.961e-02
  352     352.000s     5.767e-01     5.273e-01   -4.939e-02
  353     353.000s     5.750e-01     5.262e-01   -4.886e-02
  354     354.000s     5.733e-01     5.251e-01   -4.825e-02
  355     355.000s     5.720e-01     5.240e-01   -4.798e-02
  356     356.000s     5.710e-01     5.229e-01   -4.808e-02
  357     357.000s     5.701e-01     5.218e-01   -4.829e-02
  358     358.000s     5.692e-01     5.207e-01   -4.851e-02
  359     359.000s     5.685e-01     5.196e-01   -4.889e-02
  360     360.000s     5.679e-01     5.185e-01   -4.935e-02
  361     361.000s     5.669e-01     5.175e-01   -4.948e-02
  362     362.000s     5.655e-01     5.164e-01   -4.910e-02
  363     363.000s     5.639e-01     5.153e-01   -4.858e-02
  364     364.000s     5.627e-01     5.142e-01   -4.851e-02
  365     365.000s     5.621e-01     5.131e-01   -4.893e-02
  366     366.000s     5.614e-01     5.121e-01   -4.937e-02
  367     367.000s     5.604e-01     5.110e-01   -4.943e-02
  368     368.000s     5.591e-01     5.099e-01   -4.920e-02
  369     369.000s     5.579e-01     5.089e-01   -4.902e-02
  370     370.000s     5.568e-01     5.078e-01   -4.905e-02
  371     371.000s     5.560e-01     5.067e-01   -4.924e-02
  372     372.000s     5.552e-01     5.057e-01   -4.948e-02
  373     373.000s     5.543e-01     5.046e-01   -4.966e-02
  374     374.000s     5.533e-01     5.036e-01   -4.971e-02
  375     375.000s     5.521e-01     5.025e-01   -4.962e-02
  376     376.000s     5.509e-01     5.015e-01   -4.949e-02
  377     377.000s     5.498e-01     5.004e-01   -4.934e-02
  378     378.000s     5.484e-01     4.994e-01   -4.900e-02
  379     379.000s     5.466e-01     4.983e-01   -4.829e-02
  380     380.000s     5.445e-01     4.973e-01   -4.726e-02
  381     381.000s     5.425e-01     4.962e-01   -4.628e-02
  382     382.000s     5.409e-01     4.952e-01   -4.570e-02
  383     383.000s     5.398e-01     4.942e-01   -4.562e-02
  384     384.000s     5.391e-01     4.931e-01   -4.600e-02
  385     385.000s     5.388e-01     4.921e-01   -4.669e-02
  386     386.000s     5.385e-01     4.911e-01   -4.742e-02
  387     387.000s     5.378e-01     4.900e-01   -4.780e-02
  388     388.000s     5.366e-01     4.890e-01   -4.759e-02
  389     389.000s     5.350e-01     4.880e-01   -4.698e-02
  390     390.000s     5.334e-01     4.870e-01   -4.639e-02
  391     391.000s     5.321e-01     4.860e-01   -4.610e-02
  392     392.000s     5.310e-01     4.849e-01   -4.604e-02
  393     393.000s     5.299e-01     4.839e-01   -4.600e-02
  394     394.000s     5.289e-01     4.829e-01   -4.601e-02
  395     395.000s     5.281e-01     4.819e-01   -4.618e-02
  396     396.000s     5.274e-01     4.809e-01   -4.652e-02
  397     397.000s     5.268e-01     4.799e-01   -4.691e-02
  398     398.000s     5.261e-01     4.789e-01   -4.725e-02
  399     399.000s     5.254e-01     4.779e-01   -4.754e-02
  400     400.000s     5.246e-01     4.769e-01   -4.767e-02
  401     401.000s     5.233e-01     4.759e-01   -4.738e-02
  402     402.000s     5.215e-01     4.749e-01   -4.665e-02
  403     403.000s     5.198e-01     4.739e-01   -4.592e-02
  404     404.000s     5.187e-01     4.729e-01   -4.576e-02
  405     405.000s     5.181e-01     4.719e-01   -4.616e-02
  406     406.000s     5.173e-01     4.709e-01   -4.641e-02
  407     407.000s     5.159e-01     4.700e-01   -4.590e-02
  408     408.000s     5.138e-01     4.690e-01   -4.482e-02
  409     409.000s     5.119e-01     4.680e-01   -4.387e-02
  410     410.000s     5.105e-01     4.670e-01   -4.349e-02
  411     411.000s     5.096e-01     4.660e-01   -4.354e-02
  412     412.000s     5.088e-01     4.651e-01   -4.373e-02
  413     413.000s     5.081e-01     4.641e-01   -4.404e-02
  414     414.000s     5.076e-01     4.631e-01   -4.448e-02
  415     415.000s     5.069e-01     4.622e-01   -4.474e-02
  416     416.000s     5.057e-01     4.612e-01   -4.450e-02
  417     417.000s     5.041e-01     4.602e-01   -4.386e-02
  418     418.000s     5.026e-01     4.593e-01   -4.330e-02
  419     419.000s     5.014e-01     4.583e-01   -4.305e-02
  420     420.000s     5.002e-01     4.573e-01   -4.286e-02
  421     421.000s     4.989e-01     4.564e-01   -4.248e-02
  422     422.000s     4.975e-01     4.554e-01   -4.207e-02
  423     423.000s     4.965e-01     4.545e-01   -4.201e-02
  424     424.000s     4.958e-01     4.535e-01   -4.226e-02
  425     425.000s     4.950e-01     4.526e-01   -4.244e-02
  426     426.000s     4.940e-01     4.516e-01   -4.236e-02
  427     427.000s     4.929e-01     4.507e-01   -4.226e-02
  428     428.000s     4.921e-01     4.497e-01   -4.230e-02
  429     429.000s     4.911e-01     4.488e-01   -4.232e-02
  430     430.000s     4.899e-01     4.479e-01   -4.206e-02
  431     431.000s     4.886e-01     4.469e-01   -4.162e-02
  432     432.000s     4.873e-01     4.460e-01   -4.127e-02
  433     433.000s     4.860e-01     4.451e-01   -4.097e-02
  434     434.000s     4.845e-01     4.441e-01   -4.039e-02
  435     435.000s     4.827e-01     4.432e-01   -3.945e-02
  436     436.000s     4.810e-01     4.423e-01   -3.869e-02
  437     437.000s     4.800e-01     4.414e-01   -3.866e-02
  438     438.000s     4.797e-01     4.404e-01   -3.930e-02
  439     439.000s     4.794e-01     4.395e-01   -3.991e-02
  440     440.000s     4.786e-01     4.386e-01   -3.996e-02
  441     441.000s     4.772e-01     4.377e-01   -3.954e-02
  442     442.000s     4.759e-01     4.368e-01   -3.913e-02
  443     443.000s     4.748e-01     4.358e-01   -3.890e-02
  444     444.000s     4.736e-01     4.349e-01   -3.863e-02
  445     445.000s     4.721e-01     4.340e-01   -3.810e-02
  446     446.000s     4.707e-01     4.331e-01   -3.755e-02
  447     447.000s     4.695e-01     4.322e-01   -3.732e-02
  448     448.000s     4.687e-01     4.313e-01   -3.739e-02
  449     449.000s     4.678e-01     4.304e-01   -3.735e-02
  450     450.000s     4.664e-01     4.295e-01   -3.694e-02
  451     451.000s     4.650e-01     4.286e-01   -3.643e-02
  452     452.000s     4.640e-01     4.277e-01   -3.626e-02
  453     453.000s     4.633e-01     4.268e-01   -3.645e-02
  454     454.000s     4.625e-01     4.259e-01   -3.658e-02
  455     455.000s     4.614e-01     4.250e-01   -3.639e-02
  456     456.000s     4.603e-01     4.241e-01   -3.610e-02
  457     457.000s     4.594e-01     4.233e-01   -3.613e-02
  458     458.000s     4.588e-01     4.224e-01   -3.644e-02
  459     459.000s     4.581e-01     4.215e-01   -3.663e-02
  460     460.000s     4.570e-01     4.206e-01   -3.641e-02
  461     461.000s     4.557e-01     4.197e-01   -3.601e-02
  462     462.000s     4.546e-01     4.189e-01   -3.578e-02
  463     463.000s     4.538e-01     4.180e-01   -3.578e-02
  464     464.000s     4.528e-01     4.171e-01   -3.572e-02
  465     465.000s     4.516e-01     4.162e-01   -3.539e-02
  466     466.000s     4.503e-01     4.154e-01   -3.490e-02
  467     467.000s     4.490e-01     4.145e-01   -3.452e-02
  468     468.000s     4.480e-01     4.136e-01   -3.433e-02
  469     469.000s     4.470e-01     4.128e-01   -3.429e-02
  470     470.000s     4.463e-01     4.119e-01   -3.435e-02
  471     471.000s     4.456e-01     4.110e-01   -3.453e-02
  472     472.000s     4.449e-01     4.102e-01   -3.473e-02
  473     473.000s     4.440e-01     4.093e-01   -3.468e-02
  474     474.000s     4.427e-01     4.085e-01   -3.420e-02
  475     475.000s     4.410e-01     4.076e-01   -3.343e-02
  476     476.000s     4.395e-01     4.068e-01   -3.270e-02
  477     477.000s     4.381e-01     4.059e-01   -3.220e-02
  478     478.000s     4.368e-01     4.051e-01   -3.177e-02
  479     479.000s     4.354e-01     4.042e-01   -3.123e-02
  480     480.000s     4.341e-01     4.034e-01   -3.069e-02
  481     481.000s     4.330e-01     4.025e-01   -3.045e-02
  482     482.000s     4.322e-01     4.017e-01   -3.052e-02
  483     483.000s     4.314e-01     4.008e-01   -3.054e-02
  484     484.000s     4.302e-01     4.000e-01   -3.024e-02
  485     485.000s     4.290e-01     3.992e-01   -2.979e-02
  486     486.000s     4.278e-01     3.983e-01   -2.951e-02
  487     487.000s     4.269e-01     3.975e-01   -2.938e-02
  488     488.000s     4.258e-01     3.967e-01   -2.910e-02
  489     489.000s     4.244e-01     3.958e-01   -2.857e-02
  490     490.000s     4.232e-01     3.950e-01   -2.814e-02
  491     491.000s     4.223e-01     3.942e-01   -2.812e-02
  492     492.000s     4.218e-01     3.934e-01   -2.843e-02
  493     493.000s     4.212e-01     3.925e-01   -2.867e-02
  494     494.000s     4.203e-01     3.917e-01   -2.857e-02
  495     495.000s     4.190e-01     3.909e-01   -2.812e-02
  496     496.000s     4.175e-01     3.901e-01   -2.738e-02
  497     497.000s     4.158e-01     3.893e-01   -2.651e-02
  498     498.000s     4.143e-01     3.885e-01   -2.580e-02
  499     499.000s     4.132e-01     3.876e-01   -2.554e-02
  500     500.000s     4.125e-01     3.868e-01   -2.569e-02
  501     501.000s     4.120e-01     3.860e-01   -2.597e-02
  502     502.000s     4.114e-01     3.852e-01   -2.620e-02
  503     503.000s     4.108e-01     3.844e-01   -2.639e-02
  504     504.000s     4.101e-01     3.836e-01   -2.650e-02
  505     505.000s     4.092e-01     3.828e-01   -2.635e-02
  506     506.000s     4.080e-01     3.820e-01   -2.596e-02
  507     507.000s     4.069e-01     3.812e-01   -2.572e-02
  508     508.000s     4.063e-01     3.804e-01   -2.587e-02
  509     509.000s     4.057e-01     3.796e-01   -2.610e-02
  510     510.000s     4.046e-01     3.788e-01   -2.583e-02
  511     511.000s     4.030e-01     3.780e-01   -2.496e-02
  512     512.000s     4.013e-01     3.772e-01   -2.403e-02
  513     513.000s     3.999e-01     3.764e-01   -2.347e-02
  514     514.000s     3.988e-01     3.757e-01   -2.318e-02
  515     515.000s     3.978e-01     3.749e-01   -2.288e-02
  516     516.000s     3.967e-01     3.741e-01   -2.256e-02
  517     517.000s     3.957e-01     3.733e-01   -2.240e-02
  518     518.000s     3.949e-01     3.725e-01   -2.238e-02
  519     519.000s     3.941e-01     3.718e-01   -2.238e-02
  520     520.000s     3.934e-01     3.710e-01   -2.241e-02
  521     521.000s     3.928e-01     3.702e-01   -2.257e-02
  522     522.000s     3.922e-01     3.694e-01   -2.281e-02
  523     523.000s     3.915e-01     3.687e-01   -2.284e-02
  524     524.000s     3.905e-01     3.679e-01   -2.258e-02
  525     525.000s     3.893e-01     3.671e-01   -2.216e-02
  526     526.000s     3.880e-01     3.663e-01   -2.169e-02
  527     527.000s     3.867e-01     3.656e-01   -2.116e-02
  528     528.000s     3.855e-01     3.648e-01   -2.069e-02
  529     529.000s     3.846e-01     3.641e-01   -2.051e-02
  530     530.000s     3.838e-01     3.633e-01   -2.049e-02
  531     531.000s     3.826e-01     3.625e-01   -2.009e-02
  532     532.000s     3.808e-01     3.618e-01   -1.904e-02
  533     533.000s     3.790e-01     3.610e-01   -1.794e-02
  534     534.000s     3.779e-01     3.603e-01   -1.764e-02
  535     535.000s     3.777e-01     3.595e-01   -1.817e-02
  536     536.000s     3.774e-01     3.588e-01   -1.865e-02
  537     537.000s     3.764e-01     3.580e-01   -1.838e-02
  538     538.000s     3.748e-01     3.573e-01   -1.755e-02
  539     539.000s     3.732e-01     3.565e-01   -1.672e-02
  540     540.000s     3.718e-01     3.558e-01   -1.602e-02
  541     541.000s     3.703e-01     3.550e-01   -1.526e-02
  542     542.000s     3.688e-01     3.543e-01   -1.452e-02
  543     543.000s     3.678e-01     3.535e-01   -1.423e-02
  544     544.000s     3.673e-01     3.528e-01   -1.447e-02
  545     545.000s     3.669e-01     3.521e-01   -1.488e-02
  546     546.000s     3.665e-01     3.513e-01   -1.514e-02
  547     547.000s     3.660e-01     3.506e-01   -1.542e-02
  548     548.000s     3.658e-01     3.499e-01   -1.591e-02
  549     549.000s     3.655e-01     3.491e-01   -1.640e-02
  550     550.000s     3.648e-01     3.484e-01   -1.644e-02
  551     551.000s     3.635e-01     3.477e-01   -1.588e-02
  552     552.000s     3.620e-01     3.469e-01   -1.506e-02
  553     553.000s     3.605e-01     3.462e-01   -1.433e-02
  554     554.000s     3.592e-01     3.455e-01   -1.374e-02
  555     555.000s     3.579e-01     3.448e-01   -1.317e-02
  556     556.000s     3.567e-01     3.440e-01   -1.264e-02
  557     557.000s     3.556e-01     3.433e-01   -1.227e-02
  558     558.000s     3.547e-01     3.426e-01   -1.214e-02
  559     559.000s     3.540e-01     3.419e-01   -1.211e-02
  560     560.000s     3.532e-01     3.412e-01   -1.199e-02
  561     561.000s     3.521e-01     3.405e-01   -1.163e-02
  562     562.000s     3.507e-01     3.398e-01   -1.097e-02
  563     563.000s     3.491e-01     3.390e-01   -1.002e-02
  564     564.000s     3.473e-01     3.383e-01   -8.987e-03
  565     565.000s     3.459e-01     3.376e-01   -8.231e-03
  566     566.000s     3.451e-01     3.369e-01   -8.139e-03
  567     567.000s     3.450e-01     3.362e-01   -8.737e-03
  568     568.000s     3.450e-01     3.355e-01   -9.521e-03
  569     569.000s     3.447e-01     3.348e-01   -9.838e-03
  570     570.000s     3.436e-01     3.341e-01   -9.524e-03
  571     571.000s     3.425e-01     3.334e-01   -9.055e-03
  572     572.000s     3.416e-01     3.327e-01   -8.907e-03
  573     573.000s     3.409e-01     3.320e-01   -8.894e-03
  574     574.000s     3.397e-01     3.313e-01   -8.386e-03
  575     575.000s     3.378e-01     3.306e-01   -7.177e-03
  576     576.000s     3.358e-01     3.299e-01   -5.831e-03
  577     577.000s     3.343e-01     3.293e-01   -5.058e-03
  578     578.000s     3.336e-01     3.286e-01   -5.000e-03
  579     579.000s     3.332e-01     3.279e-01   -5.327e-03
  580     580.000s     3.330e-01     3.272e-01   -5.805e-03
  581     581.000s     3.329e-01     3.265e-01   -6.398e-03
  582     582.000s     3.327e-01     3.258e-01   -6.920e-03
  583     583.000s     3.321e-01     3.251e-01   -7.000e-03
  584     584.000s     3.310e-01     3.245e-01   -6.547e-03
  585     585.000s     3.298e-01     3.238e-01   -5.967e-03
  586     586.000s     3.288e-01     3.231e-01   -5.705e-03
  587     587.000s     3.282e-01     3.224e-01   -5.745e-03
  588     588.000s     3.275e-01     3.218e-01   -5.748e-03
  589     589.000s     3.266e-01     3.211e-01   -5.509e-03
  590     590.000s     3.255e-01     3.204e-01   -5.058e-03
  591     591.000s     3.242e-01     3.197e-01   -4.411e-03
  592     592.000s     3.226e-01     3.191e-01   -3.551e-03
  593     593.000s     3.210e-01     3.184e-01   -2.620e-03
  594     594.000s     3.196e-01     3.177e-01   -1.857e-03
  595     595.000s     3.183e-01     3.171e-01   -1.241e-03
  596     596.000s     3.169e-01     3.164e-01   -4.683e-04
  597     597.000s     3.152e-01     3.158e-01    5.627e-04
  598     598.000s     3.137e-01     3.151e-01    1.433e-03
  599     599.000s     3.128e-01     3.144e-01    1.607e-03
  600     600.000s     3.127e-01     3.138e-01    1.092e-03
  601     601.000s     3.126e-01     3.131e-01    4.861e-04
  602     602.000s     3.121e-01     3.125e-01    3.756e-04
  603     603.000s     3.110e-01     3.118e-01    8.282e-04
  604     604.000s     3.097e-01     3.112e-01    1.481e-03
  605     605.000s     3.085e-01     3.105e-01    1.969e-03
  606     606.000s     3.077e-01     3.099e-01    2.204e-03
  607     607.000s     3.069e-01     3.092e-01    2.332e-03
  608     608.000s     3.061e-01     3.086e-01    2.505e-03
  609     609.000s     3.052e-01     3.079e-01    2.690e-03
  610     610.000s     3.045e-01     3.073e-01    2.732e-03
  611     611.000s     3.040e-01     3.066e-01    2.632e-03
  612     612.000s     3.033e-01     3.060e-01    2.686e-03
  613     613.000s     3.022e-01     3.054e-01    3.168e-03
  614     614.000s     3.008e-01     3.047e-01    3.913e-03
  615     615.000s     2.997e-01     3.041e-01    4.415e-03
  616     616.000s     2.990e-01     3.034e-01    4.445e-03
  617     617.000s     2.984e-01     3.028e-01    4.364e-03
  618     618.000s     2.975e-01     3.022e-01    4.666e-03
  619     619.000s     2.962e-01     3.015e-01    5.354e-03
  620     620.000s     2.949e-01     3.009e-01    6.000e-03
  621     621.000s     2.939e-01     3.003e-01    6.347e-03
  622     622.000s     2.931e-01     2.997e-01    6.571e-03
  623     623.000s     2.921e-01     2.990e-01    6.903e-03
  624     624.000s     2.911e-01     2.984e-01    7.262e-03
  625     625.000s     2.904e-01     2.978e-01    7.409e-03
  626     626.000s     2.898e-01     2.972e-01    7.315e-03
  627     627.000s     2.894e-01     2.965e-01    7.168e-03
  628     628.000s     2.888e-01     2.959e-01    7.129e-03
  629     629.000s     2.881e-01     2.953e-01    7.220e-03
  630     630.000s     2.872e-01     2.947e-01    7.434e-03
  631     631.000s     2.863e-01     2.941e-01    7.763e-03
  632     632.000s     2.853e-01     2.934e-01    8.122e-03
  633     633.000s     2.844e-01     2.928e-01    8.391e-03
  634     634.000s     2.837e-01     2.922e-01    8.574e-03
  635     635.000s     2.828e-01     2.916e-01    8.791e-03
  636     636.000s     2.819e-01     2.910e-01    9.090e-03
  637     637.000s     2.810e-01     2.904e-01    9.409e-03
  638     638.000s     2.800e-01     2.898e-01    9.771e-03
  639     639.000s     2.788e-01     2.892e-01    1.037e-02
  640     640.000s     2.773e-01     2.886e-01    1.131e-02
  641     641.000s     2.756e-01     2.880e-01    1.234e-02
  642     642.000s     2.743e-01     2.874e-01    1.303e-02
  643     643.000s     2.736e-01     2.868e-01    1.320e-02
  644     644.000s     2.731e-01     2.862e-01    1.307e-02
  645     645.000s     2.726e-01     2.856e-01    1.298e-02
  646     646.000s     2.719e-01     2.850e-01    1.310e-02
  647     647.000s     2.709e-01     2.844e-01    1.344e-02
  648     648.000s     2.700e-01     2.838e-01    1.383e-02
  649     649.000s     2.692e-01     2.832e-01    1.404e-02
  650     650.000s     2.687e-01     2.826e-01    1.385e-02
  651     651.000s     2.687e-01     2.820e-01    1.334e-02
  652     652.000s     2.685e-01     2.814e-01    1.295e-02
  653     653.000s     2.677e-01     2.808e-01    1.309e-02
  654     654.000s     2.665e-01     2.802e-01    1.370e-02
  655     655.000s     2.654e-01     2.797e-01    1.430e-02
  656     656.000s     2.646e-01     2.791e-01    1.448e-02
  657     657.000s     2.641e-01     2.785e-01    1.440e-02
  658     658.000s     2.634e-01     2.779e-01    1.452e-02
  659     659.000s     2.622e-01     2.773e-01    1.509e-02
  660     660.000s     2.608e-01     2.767e-01    1.593e-02
  661     661.000s     2.595e-01     2.762e-01    1.668e-02
  662     662.000s     2.584e-01     2.756e-01    1.716e-02
  663     663.000s     2.575e-01     2.750e-01    1.750e-02
  664     664.000s     2.565e-01     2.744e-01    1.793e-02
  665     665.000s     2.553e-01     2.739e-01    1.856e-02
  666     666.000s     2.540e-01     2.733e-01    1.925e-02
  667     667.000s     2.529e-01     2.727e-01    1.979e-02
  668     668.000s     2.521e-01     2.722e-01    2.006e-02
  669     669.000s     2.515e-01     2.716e-01    2.013e-02
  670     670.000s     2.508e-01     2.710e-01    2.022e-02
  671     671.000s     2.499e-01     2.704e-01    2.054e-02
  672     672.000s     2.487e-01     2.699e-01    2.118e-02
  673     673.000s     2.472e-01     2.693e-01    2.207e-02
  674     674.000s     2.458e-01     2.688e-01    2.299e-02
  675     675.000s     2.446e-01     2.682e-01    2.363e-02
  676     676.000s     2.438e-01     2.676e-01    2.381e-02
  677     677.000s     2.435e-01     2.671e-01    2.359e-02
  678     678.000s     2.432e-01     2.665e-01    2.328e-02
  679     679.000s     2.428e-01     2.660e-01    2.312e-02
  680     680.000s     2.422e-01     2.654e-01    2.316e-02
  681     681.000s     2.416e-01     2.648e-01    2.322e-02
  682     682.000s     2.411e-01     2.643e-01    2.320e-02
  683     683.000s     2.405e-01     2.637e-01    2.321e-02
  684     684.000s     2.398e-01     2.632e-01    2.340e-02
  685     685.000s     2.388e-01     2.626e-01    2.379e-02
  686     686.000s     2.378e-01     2.621e-01    2.427e-02
  687     687.000s     2.368e-01     2.615e-01    2.475e-02
  688     688.000s     2.357e-01     2.610e-01    2.526e-02
  689     689.000s     2.347e-01     2.604e-01    2.579e-02
  690     690.000s     2.337e-01     2.599e-01    2.616e-02
  691     691.000s     2.331e-01     2.594e-01    2.623e-02
  692     692.000s     2.327e-01     2.588e-01    2.609e-02
  693     693.000s     2.322e-01     2.583e-01    2.604e-02
  694     694.000s     2.314e-01     2.577e-01    2.631e-02
  695     695.000s     2.304e-01     2.572e-01    2.684e-02
  696     696.000s     2.293e-01     2.567e-01    2.734e-02
  697     697.000s     2.285e-01     2.561e-01    2.759e-02
  698     698.000s     2.280e-01     2.556e-01    2.758e-02
  699     699.000s     2.276e-01     2.551e-01    2.750e-02
  700     700.000s     2.270e-01     2.545e-01    2.754e-02
  701     701.000s     2.262e-01     2.540e-01    2.782e-02
  702     702.000s     2.251e-01     2.535e-01    2.833e-02
  703     703.000s     2.239e-01     2.529e-01    2.901e-02
  704     704.000s     2.227e-01     2.524e-01    2.971e-02
  705     705.000s     2.217e-01     2.519e-01    3.021e-02
  706     706.000s     2.209e-01     2.513e-01    3.046e-02
  707     707.000s     2.202e-01     2.508e-01    3.062e-02
  708     708.000s     2.193e-01     2.503e-01    3.103e-02
  709     709.000s     2.179e-01     2.498e-01    3.185e-02
  710     710.000s     2.164e-01     2.492e-01    3.283e-02
  711     711.000s     2.152e-01     2.487e-01    3.354e-02
  712     712.000s     2.144e-01     2.482e-01    3.379e-02
  713     713.000s     2.139e-01     2.477e-01    3.376e-02
  714     714.000s     2.135e-01     2.472e-01    3.370e-02
  715     715.000s     2.130e-01     2.467e-01    3.365e-02
  716     716.000s     2.127e-01     2.461e-01    3.345e-02
  717     717.000s     2.125e-01     2.456e-01    3.311e-02
  718     718.000s     2.122e-01     2.451e-01    3.286e-02
  719     719.000s     2.118e-01     2.446e-01    3.284e-02
  720     720.000s     2.111e-01     2.441e-01    3.301e-02
  721     721.000s     2.102e-01     2.436e-01    3.336e-02
  722     722.000s     2.090e-01     2.431e-01    3.408e-02
  723     723.000s     2.072e-01     2.426e-01    3.531e-02
  724     724.000s     2.054e-01     2.421e-01    3.670e-02
  725     725.000s     2.039e-01     2.415e-01    3.762e-02
  726     726.000s     2.033e-01     2.410e-01    3.775e-02
  727     727.000s     2.032e-01     2.405e-01    3.738e-02
  728     728.000s     2.030e-01     2.400e-01    3.707e-02
  729     729.000s     2.025e-01     2.395e-01    3.707e-02
  730     730.000s     2.018e-01     2.390e-01    3.720e-02
  731     731.000s     2.014e-01     2.385e-01    3.718e-02
  732     732.000s     2.010e-01     2.380e-01    3.702e-02
  733     733.000s     2.005e-01     2.375e-01    3.704e-02
  734     734.000s     1.996e-01     2.370e-01    3.745e-02
  735     735.000s     1.984e-01     2.365e-01    3.814e-02
  736     736.000s     1.974e-01     2.360e-01    3.869e-02
  737     737.000s     1.967e-01     2.356e-01    3.882e-02
  738     738.000s     1.963e-01     2.351e-01    3.879e-02
  739     739.000s     1.954e-01     2.346e-01    3.917e-02
  740     740.000s     1.940e-01     2.341e-01    4.013e-02
  741     741.000s     1.925e-01     2.336e-01    4.112e-02
  742     742.000s     1.917e-01     2.331e-01    4.144e-02
  743     743.000s     1.915e-01     2.326e-01    4.107e-02
  744     744.000s     1.914e-01     2.321e-01    4.073e-02
  745     745.000s     1.906e-01     2.316e-01    4.102e-02
  746     746.000s     1.894e-01     2.312e-01    4.178e-02
  747     747.000s     1.883e-01     2.307e-01    4.241e-02
  748     748.000s     1.875e-01     2.302e-01    4.274e-02
  749     749.000s     1.866e-01     2.297e-01    4.308e-02
  750     750.000s     1.855e-01     2.292e-01    4.372e-02
  751     751.000s     1.843e-01     2.288e-01    4.445e-02
  752     752.000s     1.834e-01     2.283e-01    4.489e-02
  753     753.000s     1.828e-01     2.278e-01    4.495e-02
  754     754.000s     1.825e-01     2.273e-01    4.486e-02
  755     755.000s     1.819e-01     2.268e-01    4.491e-02
  756     756.000s     1.811e-01     2.264e-01    4.525e-02
  757     757.000s     1.801e-01     2.259e-01    4.583e-02
  758     758.000s     1.790e-01     2.254e-01    4.640e-02
  759     759.000s     1.783e-01     2.250e-01    4.666e-02
  760     760.000s     1.780e-01     2.245e-01    4.649e-02
  761     761.000s     1.779e-01     2.240e-01    4.615e-02
  762     762.000s     1.774e-01     2.235e-01    4.610e-02
  763     763.000s     1.766e-01     2.231e-01    4.649e-02
  764     764.000s     1.755e-01     2.226e-01    4.708e-02
  765     765.000s     1.746e-01     2.221e-01    4.759e-02
  766     766.000s     1.736e-01     2.217e-01    4.805e-02
  767     767.000s     1.726e-01     2.212e-01    4.858e-02
  768     768.000s     1.717e-01     2.208e-01    4.906e-02
  769     769.000s     1.711e-01     2.203e-01    4.920e-02
  770     770.000s     1.709e-01     2.198e-01    4.896e-02
  771     771.000s     1.706e-01     2.194e-01    4.874e-02
  772     772.000s     1.700e-01     2.189e-01    4.891e-02
  773     773.000s     1.691e-01     2.185e-01    4.939e-02
  774     774.000s     1.682e-01     2.180e-01    4.977e-02
  775     775.000s     1.677e-01     2.175e-01    4.984e-02
  776     776.000s     1.672e-01     2.171e-01    4.991e-02
  777     777.000s     1.662e-01     2.166e-01    5.040e-02
  778     778.000s     1.649e-01     2.162e-01    5.127e-02
  779     779.000s     1.637e-01     2.157e-01    5.204e-02
  780     780.000s     1.630e-01     2.153e-01    5.229e-02
  781     781.000s     1.627e-01     2.148e-01    5.212e-02
  782     782.000s     1.624e-01     2.144e-01    5.194e-02
  783     783.000s     1.619e-01     2.139e-01    5.200e-02
  784     784.000s     1.613e-01     2.135e-01    5.221e-02
  785     785.000s     1.606e-01     2.130e-01    5.244e-02
  786     786.000s     1.599e-01     2.126e-01    5.272e-02
  787     787.000s     1.590e-01     2.121e-01    5.314e-02
  788     788.000s     1.581e-01     2.117e-01    5.364e-02
  789     789.000s     1.571e-01     2.113e-01    5.417e-02
  790     790.000s     1.560e-01     2.108e-01    5.477e-02
  791     791.000s     1.549e-01     2.104e-01    5.543e-02
  792     792.000s     1.540e-01     2.099e-01    5.590e-02
  793     793.000s     1.535e-01     2.095e-01    5.597e-02
  794     794.000s     1.532e-01     2.091e-01    5.586e-02
  795     795.000s     1.525e-01     2.086e-01    5.610e-02
  796     796.000s     1.514e-01     2.082e-01    5.683e-02
  797     797.000s     1.502e-01     2.078e-01    5.759e-02
  798     798.000s     1.495e-01     2.073e-01    5.785e-02
  799     799.000s     1.492e-01     2.069e-01    5.767e-02
  800     800.000s     1.490e-01     2.065e-01    5.748e-02
  801     801.000s     1.485e-01     2.060e-01    5.750e-02
  802     802.000s     1.480e-01     2.056e-01    5.755e-02
  803     803.000s     1.476e-01     2.052e-01    5.755e-02
  804     804.000s     1.470e-01     2.047e-01    5.770e-02
  805     805.000s     1.461e-01     2.043e-01    5.817e-02
  806     806.000s     1.451e-01     2.039e-01    5.880e-02
  807     807.000s     1.441e-01     2.035e-01    5.931e-02
  808     808.000s     1.433e-01     2.030e-01    5.969e-02
  809     809.000s     1.425e-01     2.026e-01    6.008e-02
  810     810.000s     1.418e-01     2.022e-01    6.042e-02
  811     811.000s     1.412e-01     2.018e-01    6.056e-02
  812     812.000s     1.407e-01     2.013e-01    6.061e-02
  813     813.000s     1.399e-01     2.009e-01    6.097e-02
  814     814.000s     1.386e-01     2.005e-01    6.187e-02
  815     815.000s     1.370e-01     2.001e-01    6.302e-02
  816     816.000s     1.356e-01     1.997e-01    6.402e-02
  817     817.000s     1.346e-01     1.992e-01    6.462e-02
  818     818.000s     1.341e-01     1.988e-01    6.476e-02
  819     819.000s     1.340e-01     1.984e-01    6.442e-02
  820     820.000s     1.342e-01     1.980e-01    6.381e-02
  821     821.000s     1.342e-01     1.976e-01    6.340e-02
  822     822.000s     1.336e-01     1.972e-01    6.359e-02
  823     823.000s     1.325e-01     1.967e-01    6.422e-02
  824     824.000s     1.316e-01     1.963e-01    6.478e-02
  825     825.000s     1.308e-01     1.959e-01    6.508e-02
  826     826.000s     1.300e-01     1.955e-01    6.549e-02
  827     827.000s     1.289e-01     1.951e-01    6.622e-02
  828     828.000s     1.278e-01     1.947e-01    6.686e-02
  829     829.000s     1.275e-01     1.943e-01    6.681e-02
  830     830.000s     1.277e-01     1.939e-01    6.616e-02
  831     831.000s     1.277e-01     1.935e-01    6.574e-02
  832     832.000s     1.269e-01     1.931e-01    6.621e-02
  833     833.000s     1.253e-01     1.927e-01    6.737e-02
  834     834.000s     1.238e-01     1.923e-01    6.846e-02
  835     835.000s     1.229e-01     1.919e-01    6.897e-02
  836     836.000s     1.225e-01     1.915e-01    6.898e-02
  837     837.000s     1.222e-01     1.911e-01    6.886e-02
  838     838.000s     1.218e-01     1.907e-01    6.885e-02
  839     839.000s     1.213e-01     1.903e-01    6.894e-02
  840     840.000s     1.209e-01     1.899e-01    6.901e-02
  841     841.000s     1.206e-01     1.895e-01    6.886e-02
  842     842.000s     1.207e-01     1.891e-01    6.839e-02
  843     843.000s     1.209e-01     1.887e-01    6.779e-02
  844     844.000s     1.207e-01     1.883e-01    6.759e-02
  845     845.000s     1.197e-01     1.879e-01    6.820e-02
  846     846.000s     1.181e-01     1.875e-01    6.945e-02
  847     847.000s     1.164e-01     1.871e-01    7.068e-02
  848     848.000s     1.154e-01     1.867e-01    7.135e-02
  849     849.000s     1.148e-01     1.863e-01    7.149e-02
  850     850.000s     1.144e-01     1.859e-01    7.150e-02
  851     851.000s     1.140e-01     1.856e-01    7.158e-02
  852     852.000s     1.135e-01     1.852e-01    7.170e-02
  853     853.000s     1.130e-01     1.848e-01    7.178e-02
  854     854.000s     1.125e-01     1.844e-01    7.193e-02
  855     855.000s     1.118e-01     1.840e-01    7.219e-02
  856     856.000s     1.112e-01     1.836e-01    7.246e-02
  857     857.000s     1.105e-01     1.832e-01    7.272e-02
  858     858.000s     1.096e-01     1.829e-01    7.325e-02
  859     859.000s     1.082e-01     1.825e-01    7.424e-02
  860     860.000s     1.066e-01     1.821e-01    7.545e-02
  861     861.000s     1.054e-01     1.817e-01    7.633e-02
  862     862.000s     1.046e-01     1.813e-01    7.668e-02
  863     863.000s     1.040e-01     1.809e-01    7.693e-02
  864     864.000s     1.031e-01     1.806e-01    7.748e-02
  865     865.000s     1.020e-01     1.802e-01    7.817e-02
  866     866.000s     1.013e-01     1.798e-01    7.847e-02
  867     867.000s     1.012e-01     1.794e-01    7.828e-02
  868     868.000s     1.010e-01     1.791e-01    7.802e-02
  869     869.000s     1.006e-01     1.787e-01    7.810e-02
  870     870.000s     9.980e-02     1.783e-01    7.852e-02
  871     871.000s     9.893e-02     1.779e-01    7.902e-02
  872     872.000s     9.808e-02     1.776e-01    7.949e-02
  873     873.000s     9.723e-02     1.772e-01    7.997e-02
  874     874.000s     9.641e-02     1.768e-01    8.042e-02
  875     875.000s     9.577e-02     1.765e-01    8.069e-02
  876     876.000s     9.535e-02     1.761e-01    8.074e-02
  877     877.000s     9.507e-02     1.757e-01    8.065e-02
  878     878.000s     9.488e-02     1.754e-01    8.048e-02
  879     879.000s     9.469e-02     1.750e-01    8.030e-02
  880     880.000s     9.434e-02     1.746e-01    8.028e-02
  881     881.000s     9.372e-02     1.743e-01    8.054e-02
  882     882.000s     9.294e-02     1.739e-01    8.095e-02
  883     883.000s     9.228e-02     1.735e-01    8.125e-02
  884     884.000s     9.178e-02     1.732e-01    8.139e-02
  885     885.000s     9.118e-02     1.728e-01    8.162e-02
  886     886.000s     9.029e-02     1.724e-01    8.215e-02
  887     887.000s     8.926e-02     1.721e-01    8.282e-02
  888     888.000s     8.842e-02     1.717e-01    8.330e-02
  889     889.000s     8.786e-02     1.714e-01    8.351e-02
  890     890.000s     8.738e-02     1.710e-01    8.363e-02
  891     891.000s     8.677e-02     1.706e-01    8.388e-02
  892     892.000s     8.595e-02     1.703e-01    8.434e-02
  893     893.000s     8.493e-02     1.699e-01    8.500e-02
  894     894.000s     8.385e-02     1.696e-01    8.573e-02
  895     895.000s     8.307e-02     1.692e-01    8.616e-02
  896     896.000s     8.288e-02     1.689e-01    8.599e-02
  897     897.000s     8.311e-02     1.685e-01    8.541e-02
  898     898.000s     8.303e-02     1.682e-01    8.513e-02
  899     899.000s     8.212e-02     1.678e-01    8.570e-02
  900     900.000s     8.062e-02     1.675e-01    8.684e-02
  901     901.000s     7.938e-02     1.671e-01    8.774e-02
  902     902.000s     7.891e-02     1.668e-01    8.785e-02
  903     903.000s     7.895e-02     1.664e-01    8.747e-02
  904     904.000s     7.875e-02     1.661e-01    8.731e-02
  905     905.000s     7.800e-02     1.657e-01    8.772e-02
  906     906.000s     7.704e-02     1.654e-01    8.834e-02
  907     907.000s     7.650e-02     1.650e-01    8.853e-02
  908     908.000s     7.657e-02     1.647e-01    8.811e-02
  909     909.000s     7.682e-02     1.643e-01    8.751e-02
  910     910.000s     7.667e-02     1.640e-01    8.733e-02
  911     911.000s     7.597e-02     1.637e-01    8.768e-02
  912     912.000s     7.509e-02     1.633e-01    8.822e-02
  913     913.000s     7.434e-02     1.630e-01    8.863e-02
  914     914.000s     7.361e-02     1.626e-01    8.902e-02
  915     915.000s     7.262e-02     1.623e-01    8.966e-02
  916     916.000s     7.143e-02     1.619e-01    9.052e-02
  917     917.000s     7.039e-02     1.616e-01    9.122e-02
  918     918.000s     6.967e-02     1.613e-01    9.160e-02
  919     919.000s     6.908e-02     1.609e-01    9.185e-02
  920     920.000s     6.843e-02     1.606e-01    9.217e-02
  921     921.000s     6.781e-02     1.603e-01    9.245e-02
  922     922.000s     6.742e-02     1.599e-01    9.251e-02
  923     923.000s     6.717e-02     1.596e-01    9.243e-02
  924     924.000s     6.683e-02     1.593e-01    9.243e-02
  925     925.000s     6.640e-02     1.589e-01    9.253e-02
  926     926.000s     6.610e-02     1.586e-01    9.250e-02
  927     927.000s     6.597e-02     1.583e-01    9.230e-02
  928     928.000s     6.581e-02     1.579e-01    9.212e-02
  929     929.000s     6.550e-02     1.576e-01    9.210e-02
  930     930.000s     6.508e-02     1.573e-01    9.219e-02
  931     931.000s     6.448e-02     1.569e-01    9.246e-02
  932     932.000s     6.348e-02     1.566e-01    9.313e-02
  933     933.000s     6.215e-02     1.563e-01    9.413e-02
  934     934.000s     6.107e-02     1.560e-01    9.489e-02
  935     935.000s     6.069e-02     1.556e-01    9.494e-02
  936     936.000s     6.068e-02     1.553e-01    9.463e-02

============================================================

