SIMFIT RESULTS
==============

Dataset : /opt/topspin3.5pl6/data/e3b/joachim/87Rb-CRN/48/pdata/992/ct1t2.txt

INTENSITY fit : Exponential decay (T2 or T1rho) : I[t]=I[0]*exp(-t/T)

933 points for Peak 1

Converged after 10000 iterations!

Results     Comp. 1       Comp. 2    

I[0]  =    3.189e+00     1.110e+00  
T     =      32.476m      465.277s  

RSS   =    2.360e+00
SD    =    5.029e-02

Point       Tau          Expt          Calc       Difference

    1       1.000s     1.000e+00     1.108e+00    1.078e-01
    2       2.000s     9.986e-01     1.105e+00    1.069e-01
    3       3.000s     9.975e-01     1.103e+00    1.056e-01
    4       4.000s     9.963e-01     1.101e+00    1.044e-01
    5       5.000s     9.951e-01     1.098e+00    1.033e-01
    6       6.000s     9.939e-01     1.096e+00    1.021e-01
    7       7.000s     9.931e-01     1.094e+00    1.006e-01
    8       8.000s     9.925e-01     1.091e+00    9.877e-02
    9       9.000s     9.919e-01     1.089e+00    9.709e-02
   10      10.000s     9.908e-01     1.087e+00    9.586e-02
   11      11.000s     9.892e-01     1.084e+00    9.504e-02
   12      12.000s     9.876e-01     1.082e+00    9.436e-02
   13      13.000s     9.860e-01     1.080e+00    9.358e-02
   14      14.000s     9.847e-01     1.077e+00    9.264e-02
   15      15.000s     9.835e-01     1.075e+00    9.145e-02
   16      16.000s     9.827e-01     1.073e+00    8.998e-02
   17      17.000s     9.820e-01     1.070e+00    8.842e-02
   18      18.000s     9.809e-01     1.068e+00    8.714e-02
   19      19.000s     9.795e-01     1.066e+00    8.627e-02
   20      20.000s     9.781e-01     1.064e+00    8.539e-02
   21      21.000s     9.772e-01     1.061e+00    8.398e-02
   22      22.000s     9.768e-01     1.059e+00    8.215e-02
   23      23.000s     9.762e-01     1.057e+00    8.050e-02
   24      24.000s     9.749e-01     1.054e+00    7.947e-02
   25      25.000s     9.733e-01     1.052e+00    7.886e-02
   26      26.000s     9.717e-01     1.050e+00    7.822e-02
   27      27.000s     9.702e-01     1.048e+00    7.743e-02
   28      28.000s     9.687e-01     1.045e+00    7.665e-02
   29      29.000s     9.673e-01     1.043e+00    7.580e-02
   30      30.000s     9.662e-01     1.041e+00    7.465e-02
   31      31.000s     9.654e-01     1.039e+00    7.326e-02
   32      32.000s     9.644e-01     1.036e+00    7.205e-02
   33      33.000s     9.629e-01     1.034e+00    7.133e-02
   34      34.000s     9.611e-01     1.032e+00    7.086e-02
   35      35.000s     9.596e-01     1.030e+00    7.019e-02
   36      36.000s     9.584e-01     1.028e+00    6.915e-02
   37      37.000s     9.575e-01     1.025e+00    6.781e-02
   38      38.000s     9.569e-01     1.023e+00    6.623e-02
   39      39.000s     9.564e-01     1.021e+00    6.451e-02
   40      40.000s     9.558e-01     1.019e+00    6.294e-02
   41      41.000s     9.547e-01     1.017e+00    6.183e-02
   42      42.000s     9.533e-01     1.014e+00    6.112e-02
   43      43.000s     9.519e-01     1.012e+00    6.036e-02
   44      44.000s     9.508e-01     1.010e+00    5.923e-02
   45      45.000s     9.500e-01     1.008e+00    5.787e-02
   46      46.000s     9.492e-01     1.006e+00    5.648e-02
   47      47.000s     9.485e-01     1.004e+00    5.501e-02
   48      48.000s     9.480e-01     1.001e+00    5.339e-02
   49      49.000s     9.474e-01     9.992e-01    5.183e-02
   50      50.000s     9.463e-01     9.971e-01    5.077e-02
   51      51.000s     9.445e-01     9.950e-01    5.041e-02
   52      52.000s     9.423e-01     9.928e-01    5.048e-02
   53      53.000s     9.402e-01     9.907e-01    5.049e-02
   54      54.000s     9.384e-01     9.886e-01    5.012e-02
   55      55.000s     9.371e-01     9.864e-01    4.934e-02
   56      56.000s     9.359e-01     9.843e-01    4.842e-02
   57      57.000s     9.346e-01     9.822e-01    4.762e-02
   58      58.000s     9.332e-01     9.801e-01    4.691e-02
   59      59.000s     9.321e-01     9.780e-01    4.594e-02
   60      60.000s     9.314e-01     9.759e-01    4.449e-02
   61      61.000s     9.309e-01     9.738e-01    4.286e-02
   62      62.000s     9.301e-01     9.717e-01    4.157e-02
   63      63.000s     9.289e-01     9.696e-01    4.071e-02
   64      64.000s     9.277e-01     9.675e-01    3.981e-02
   65      65.000s     9.268e-01     9.655e-01    3.863e-02
   66      66.000s     9.258e-01     9.634e-01    3.759e-02
   67      67.000s     9.241e-01     9.613e-01    3.724e-02
   68      68.000s     9.219e-01     9.593e-01    3.735e-02
   69      69.000s     9.200e-01     9.572e-01    3.721e-02
   70      70.000s     9.186e-01     9.551e-01    3.659e-02
   71      71.000s     9.171e-01     9.531e-01    3.600e-02
   72      72.000s     9.153e-01     9.510e-01    3.574e-02
   73      73.000s     9.137e-01     9.490e-01    3.530e-02
   74      74.000s     9.129e-01     9.470e-01    3.406e-02
   75      75.000s     9.127e-01     9.449e-01    3.227e-02
   76      76.000s     9.120e-01     9.429e-01    3.088e-02
   77      77.000s     9.106e-01     9.409e-01    3.030e-02
   78      78.000s     9.089e-01     9.389e-01    2.996e-02
   79      79.000s     9.077e-01     9.368e-01    2.919e-02
   80      80.000s     9.068e-01     9.348e-01    2.806e-02
   81      81.000s     9.057e-01     9.328e-01    2.708e-02
   82      82.000s     9.044e-01     9.308e-01    2.638e-02
   83      83.000s     9.033e-01     9.288e-01    2.556e-02
   84      84.000s     9.025e-01     9.268e-01    2.435e-02
   85      85.000s     9.018e-01     9.248e-01    2.300e-02
   86      86.000s     9.009e-01     9.229e-01    2.192e-02
   87      87.000s     8.997e-01     9.209e-01    2.120e-02
   88      88.000s     8.982e-01     9.189e-01    2.073e-02
   89      89.000s     8.964e-01     9.169e-01    2.052e-02
   90      90.000s     8.944e-01     9.150e-01    2.058e-02
   91      91.000s     8.923e-01     9.130e-01    2.066e-02
   92      92.000s     8.906e-01     9.110e-01    2.044e-02
   93      93.000s     8.892e-01     9.091e-01    1.991e-02
   94      94.000s     8.877e-01     9.071e-01    1.940e-02
   95      95.000s     8.862e-01     9.052e-01    1.902e-02
   96      96.000s     8.848e-01     9.032e-01    1.841e-02
   97      97.000s     8.840e-01     9.013e-01    1.727e-02
   98      98.000s     8.834e-01     8.994e-01    1.597e-02
   99      99.000s     8.822e-01     8.974e-01    1.520e-02
  100     100.000s     8.804e-01     8.955e-01    1.508e-02
  101     101.000s     8.787e-01     8.936e-01    1.489e-02
  102     102.000s     8.777e-01     8.917e-01    1.401e-02
  103     103.000s     8.771e-01     8.897e-01    1.264e-02
  104     104.000s     8.765e-01     8.878e-01    1.138e-02
  105     105.000s     8.757e-01     8.859e-01    1.026e-02
  106     106.000s     8.753e-01     8.840e-01    8.738e-03
  107     107.000s     8.754e-01     8.821e-01    6.718e-03
  108     108.000s     8.752e-01     8.802e-01    4.987e-03
  109     109.000s     8.740e-01     8.783e-01    4.302e-03
  110     110.000s     8.721e-01     8.765e-01    4.384e-03
  111     111.000s     8.702e-01     8.746e-01    4.348e-03
  112     112.000s     8.688e-01     8.727e-01    3.944e-03
  113     113.000s     8.670e-01     8.708e-01    3.805e-03
  114     114.000s     8.646e-01     8.690e-01    4.355e-03
  115     115.000s     8.620e-01     8.671e-01    5.054e-03
  116     116.000s     8.601e-01     8.652e-01    5.090e-03
  117     117.000s     8.590e-01     8.634e-01    4.406e-03
  118     118.000s     8.580e-01     8.615e-01    3.548e-03
  119     119.000s     8.570e-01     8.597e-01    2.711e-03
  120     120.000s     8.563e-01     8.578e-01    1.543e-03
  121     121.000s     8.560e-01     8.560e-01   -6.470e-05
  122     122.000s     8.557e-01     8.541e-01   -1.567e-03
  123     123.000s     8.548e-01     8.523e-01   -2.460e-03
  124     124.000s     8.535e-01     8.505e-01   -2.972e-03
  125     125.000s     8.523e-01     8.487e-01   -3.649e-03
  126     126.000s     8.513e-01     8.468e-01   -4.473e-03
  127     127.000s     8.499e-01     8.450e-01   -4.908e-03
  128     128.000s     8.480e-01     8.432e-01   -4.797e-03
  129     129.000s     8.461e-01     8.414e-01   -4.737e-03
  130     130.000s     8.449e-01     8.396e-01   -5.348e-03
  131     131.000s     8.443e-01     8.378e-01   -6.498e-03
  132     132.000s     8.435e-01     8.360e-01   -7.558e-03
  133     133.000s     8.424e-01     8.342e-01   -8.236e-03
  134     134.000s     8.412e-01     8.324e-01   -8.816e-03
  135     135.000s     8.402e-01     8.306e-01   -9.587e-03
  136     136.000s     8.392e-01     8.288e-01   -1.038e-02
  137     137.000s     8.379e-01     8.270e-01   -1.088e-02
  138     138.000s     8.364e-01     8.253e-01   -1.115e-02
  139     139.000s     8.352e-01     8.235e-01   -1.165e-02
  140     140.000s     8.344e-01     8.217e-01   -1.263e-02
  141     141.000s     8.336e-01     8.200e-01   -1.359e-02
  142     142.000s     8.319e-01     8.182e-01   -1.372e-02
  143     143.000s     8.292e-01     8.165e-01   -1.278e-02
  144     144.000s     8.263e-01     8.147e-01   -1.158e-02
  145     145.000s     8.242e-01     8.129e-01   -1.129e-02
  146     146.000s     8.235e-01     8.112e-01   -1.226e-02
  147     147.000s     8.232e-01     8.095e-01   -1.371e-02
  148     148.000s     8.223e-01     8.077e-01   -1.462e-02
  149     149.000s     8.208e-01     8.060e-01   -1.486e-02
  150     150.000s     8.194e-01     8.043e-01   -1.511e-02
  151     151.000s     8.184e-01     8.025e-01   -1.589e-02
  152     152.000s     8.178e-01     8.008e-01   -1.696e-02
  153     153.000s     8.169e-01     7.991e-01   -1.784e-02
  154     154.000s     8.159e-01     7.974e-01   -1.849e-02
  155     155.000s     8.149e-01     7.957e-01   -1.919e-02
  156     156.000s     8.139e-01     7.940e-01   -1.995e-02
  157     157.000s     8.127e-01     7.923e-01   -2.043e-02
  158     158.000s     8.111e-01     7.905e-01   -2.051e-02
  159     159.000s     8.094e-01     7.889e-01   -2.057e-02
  160     160.000s     8.082e-01     7.872e-01   -2.100e-02
  161     161.000s     8.072e-01     7.855e-01   -2.176e-02
  162     162.000s     8.063e-01     7.838e-01   -2.250e-02
  163     163.000s     8.051e-01     7.821e-01   -2.302e-02
  164     164.000s     8.037e-01     7.804e-01   -2.332e-02
  165     165.000s     8.021e-01     7.787e-01   -2.338e-02
  166     166.000s     8.004e-01     7.771e-01   -2.329e-02
  167     167.000s     7.989e-01     7.754e-01   -2.349e-02
  168     168.000s     7.983e-01     7.737e-01   -2.451e-02
  169     169.000s     7.983e-01     7.721e-01   -2.621e-02
  170     170.000s     7.980e-01     7.704e-01   -2.760e-02
  171     171.000s     7.966e-01     7.688e-01   -2.783e-02
  172     172.000s     7.942e-01     7.671e-01   -2.710e-02
  173     173.000s     7.919e-01     7.655e-01   -2.645e-02
  174     174.000s     7.904e-01     7.638e-01   -2.656e-02
  175     175.000s     7.894e-01     7.622e-01   -2.726e-02
  176     176.000s     7.885e-01     7.605e-01   -2.798e-02
  177     177.000s     7.874e-01     7.589e-01   -2.850e-02
  178     178.000s     7.862e-01     7.573e-01   -2.896e-02
  179     179.000s     7.851e-01     7.557e-01   -2.939e-02
  180     180.000s     7.838e-01     7.540e-01   -2.976e-02
  181     181.000s     7.826e-01     7.524e-01   -3.018e-02
  182     182.000s     7.817e-01     7.508e-01   -3.087e-02
  183     183.000s     7.810e-01     7.492e-01   -3.176e-02
  184     184.000s     7.800e-01     7.476e-01   -3.246e-02
  185     185.000s     7.787e-01     7.460e-01   -3.270e-02
  186     186.000s     7.770e-01     7.444e-01   -3.266e-02
  187     187.000s     7.755e-01     7.428e-01   -3.269e-02
  188     188.000s     7.740e-01     7.412e-01   -3.285e-02
  189     189.000s     7.726e-01     7.396e-01   -3.297e-02
  190     190.000s     7.710e-01     7.380e-01   -3.301e-02
  191     191.000s     7.696e-01     7.364e-01   -3.316e-02
  192     192.000s     7.684e-01     7.348e-01   -3.353e-02
  193     193.000s     7.672e-01     7.333e-01   -3.397e-02
  194     194.000s     7.661e-01     7.317e-01   -3.437e-02
  195     195.000s     7.649e-01     7.301e-01   -3.483e-02
  196     196.000s     7.641e-01     7.286e-01   -3.558e-02
  197     197.000s     7.636e-01     7.270e-01   -3.663e-02
  198     198.000s     7.631e-01     7.254e-01   -3.770e-02
  199     199.000s     7.623e-01     7.239e-01   -3.846e-02
  200     200.000s     7.611e-01     7.223e-01   -3.874e-02
  201     201.000s     7.593e-01     7.208e-01   -3.859e-02
  202     202.000s     7.574e-01     7.192e-01   -3.823e-02
  203     203.000s     7.556e-01     7.177e-01   -3.793e-02
  204     204.000s     7.539e-01     7.161e-01   -3.777e-02
  205     205.000s     7.522e-01     7.146e-01   -3.761e-02
  206     206.000s     7.504e-01     7.131e-01   -3.730e-02
  207     207.000s     7.485e-01     7.115e-01   -3.701e-02
  208     208.000s     7.471e-01     7.100e-01   -3.712e-02
  209     209.000s     7.462e-01     7.085e-01   -3.775e-02
  210     210.000s     7.456e-01     7.070e-01   -3.861e-02
  211     211.000s     7.448e-01     7.054e-01   -3.935e-02
  212     212.000s     7.438e-01     7.039e-01   -3.988e-02
  213     213.000s     7.428e-01     7.024e-01   -4.035e-02
  214     214.000s     7.416e-01     7.009e-01   -4.073e-02
  215     215.000s     7.403e-01     6.994e-01   -4.086e-02
  216     216.000s     7.387e-01     6.979e-01   -4.077e-02
  217     217.000s     7.372e-01     6.964e-01   -4.082e-02
  218     218.000s     7.362e-01     6.949e-01   -4.130e-02
  219     219.000s     7.354e-01     6.934e-01   -4.197e-02
  220     220.000s     7.341e-01     6.919e-01   -4.220e-02
  221     221.000s     7.321e-01     6.904e-01   -4.168e-02
  222     222.000s     7.297e-01     6.890e-01   -4.076e-02
  223     223.000s     7.276e-01     6.875e-01   -4.013e-02
  224     224.000s     7.261e-01     6.860e-01   -4.013e-02
  225     225.000s     7.251e-01     6.845e-01   -4.056e-02
  226     226.000s     7.242e-01     6.831e-01   -4.112e-02
  227     227.000s     7.234e-01     6.816e-01   -4.184e-02
  228     228.000s     7.230e-01     6.801e-01   -4.286e-02
  229     229.000s     7.227e-01     6.787e-01   -4.403e-02
  230     230.000s     7.220e-01     6.772e-01   -4.482e-02
  231     231.000s     7.207e-01     6.758e-01   -4.490e-02
  232     232.000s     7.189e-01     6.743e-01   -4.457e-02
  233     233.000s     7.173e-01     6.729e-01   -4.443e-02
  234     234.000s     7.162e-01     6.714e-01   -4.480e-02
  235     235.000s     7.154e-01     6.700e-01   -4.548e-02
  236     236.000s     7.147e-01     6.685e-01   -4.620e-02
  237     237.000s     7.140e-01     6.671e-01   -4.688e-02
  238     238.000s     7.131e-01     6.657e-01   -4.744e-02
  239     239.000s     7.119e-01     6.642e-01   -4.766e-02
  240     240.000s     7.102e-01     6.628e-01   -4.740e-02
  241     241.000s     7.083e-01     6.614e-01   -4.692e-02
  242     242.000s     7.066e-01     6.600e-01   -4.661e-02
  243     243.000s     7.051e-01     6.586e-01   -4.655e-02
  244     244.000s     7.036e-01     6.571e-01   -4.651e-02
  245     245.000s     7.020e-01     6.557e-01   -4.630e-02
  246     246.000s     7.004e-01     6.543e-01   -4.607e-02
  247     247.000s     6.989e-01     6.529e-01   -4.602e-02
  248     248.000s     6.976e-01     6.515e-01   -4.610e-02
  249     249.000s     6.963e-01     6.501e-01   -4.615e-02
  250     250.000s     6.949e-01     6.487e-01   -4.619e-02
  251     251.000s     6.937e-01     6.473e-01   -4.638e-02
  252     252.000s     6.927e-01     6.459e-01   -4.682e-02
  253     253.000s     6.920e-01     6.445e-01   -4.748e-02
  254     254.000s     6.915e-01     6.432e-01   -4.829e-02
  255     255.000s     6.909e-01     6.418e-01   -4.911e-02
  256     256.000s     6.900e-01     6.404e-01   -4.964e-02
  257     257.000s     6.888e-01     6.390e-01   -4.975e-02
  258     258.000s     6.873e-01     6.377e-01   -4.965e-02
  259     259.000s     6.859e-01     6.363e-01   -4.966e-02
  260     260.000s     6.847e-01     6.349e-01   -4.978e-02
  261     261.000s     6.833e-01     6.336e-01   -4.973e-02
  262     262.000s     6.817e-01     6.322e-01   -4.948e-02
  263     263.000s     6.803e-01     6.308e-01   -4.947e-02
  264     264.000s     6.795e-01     6.295e-01   -5.005e-02
  265     265.000s     6.791e-01     6.281e-01   -5.093e-02
  266     266.000s     6.783e-01     6.268e-01   -5.150e-02
  267     267.000s     6.770e-01     6.254e-01   -5.159e-02
  268     268.000s     6.757e-01     6.241e-01   -5.157e-02
  269     269.000s     6.745e-01     6.228e-01   -5.170e-02
  270     270.000s     6.733e-01     6.214e-01   -5.184e-02
  271     271.000s     6.718e-01     6.201e-01   -5.175e-02
  272     272.000s     6.702e-01     6.188e-01   -5.146e-02
  273     273.000s     6.686e-01     6.174e-01   -5.120e-02
  274     274.000s     6.672e-01     6.161e-01   -5.107e-02
  275     275.000s     6.658e-01     6.148e-01   -5.104e-02
  276     276.000s     6.646e-01     6.135e-01   -5.118e-02
  277     277.000s     6.637e-01     6.121e-01   -5.159e-02
  278     278.000s     6.630e-01     6.108e-01   -5.214e-02
  279     279.000s     6.621e-01     6.095e-01   -5.255e-02
  280     280.000s     6.609e-01     6.082e-01   -5.273e-02
  281     281.000s     6.597e-01     6.069e-01   -5.276e-02
  282     282.000s     6.584e-01     6.056e-01   -5.276e-02
  283     283.000s     6.570e-01     6.043e-01   -5.271e-02
  284     284.000s     6.557e-01     6.030e-01   -5.271e-02
  285     285.000s     6.546e-01     6.017e-01   -5.292e-02
  286     286.000s     6.537e-01     6.004e-01   -5.331e-02
  287     287.000s     6.527e-01     5.991e-01   -5.353e-02
  288     288.000s     6.511e-01     5.978e-01   -5.324e-02
  289     289.000s     6.491e-01     5.966e-01   -5.254e-02
  290     290.000s     6.472e-01     5.953e-01   -5.192e-02
  291     291.000s     6.458e-01     5.940e-01   -5.177e-02
  292     292.000s     6.448e-01     5.927e-01   -5.210e-02
  293     293.000s     6.440e-01     5.915e-01   -5.259e-02
  294     294.000s     6.431e-01     5.902e-01   -5.292e-02
  295     295.000s     6.419e-01     5.889e-01   -5.301e-02
  296     296.000s     6.407e-01     5.876e-01   -5.306e-02
  297     297.000s     6.398e-01     5.864e-01   -5.337e-02
  298     298.000s     6.391e-01     5.851e-01   -5.398e-02
  299     299.000s     6.384e-01     5.839e-01   -5.456e-02
  300     300.000s     6.374e-01     5.826e-01   -5.479e-02
  301     301.000s     6.360e-01     5.814e-01   -5.463e-02
  302     302.000s     6.344e-01     5.801e-01   -5.431e-02
  303     303.000s     6.329e-01     5.789e-01   -5.402e-02
  304     304.000s     6.315e-01     5.776e-01   -5.388e-02
  305     305.000s     6.304e-01     5.764e-01   -5.403e-02
  306     306.000s     6.296e-01     5.752e-01   -5.445e-02
  307     307.000s     6.287e-01     5.739e-01   -5.482e-02
  308     308.000s     6.275e-01     5.727e-01   -5.480e-02
  309     309.000s     6.259e-01     5.715e-01   -5.448e-02
  310     310.000s     6.247e-01     5.702e-01   -5.442e-02
  311     311.000s     6.238e-01     5.690e-01   -5.484e-02
  312     312.000s     6.231e-01     5.678e-01   -5.529e-02
  313     313.000s     6.218e-01     5.666e-01   -5.525e-02
  314     314.000s     6.202e-01     5.653e-01   -5.483e-02
  315     315.000s     6.186e-01     5.641e-01   -5.448e-02
  316     316.000s     6.173e-01     5.629e-01   -5.433e-02
  317     317.000s     6.158e-01     5.617e-01   -5.410e-02
  318     318.000s     6.143e-01     5.605e-01   -5.376e-02
  319     319.000s     6.129e-01     5.593e-01   -5.362e-02
  320     320.000s     6.119e-01     5.581e-01   -5.380e-02
  321     321.000s     6.109e-01     5.569e-01   -5.394e-02
  322     322.000s     6.095e-01     5.557e-01   -5.382e-02
  323     323.000s     6.083e-01     5.545e-01   -5.375e-02
  324     324.000s     6.075e-01     5.533e-01   -5.412e-02
  325     325.000s     6.069e-01     5.521e-01   -5.472e-02
  326     326.000s     6.059e-01     5.510e-01   -5.495e-02
  327     327.000s     6.044e-01     5.498e-01   -5.462e-02
  328     328.000s     6.026e-01     5.486e-01   -5.405e-02
  329     329.000s     6.010e-01     5.474e-01   -5.355e-02
  330     330.000s     5.994e-01     5.462e-01   -5.315e-02
  331     331.000s     5.980e-01     5.451e-01   -5.292e-02
  332     332.000s     5.970e-01     5.439e-01   -5.315e-02
  333     333.000s     5.966e-01     5.427e-01   -5.385e-02
  334     334.000s     5.962e-01     5.416e-01   -5.461e-02
  335     335.000s     5.954e-01     5.404e-01   -5.498e-02
  336     336.000s     5.942e-01     5.392e-01   -5.496e-02
  337     337.000s     5.929e-01     5.381e-01   -5.481e-02
  338     338.000s     5.915e-01     5.369e-01   -5.461e-02
  339     339.000s     5.901e-01     5.358e-01   -5.431e-02
  340     340.000s     5.887e-01     5.346e-01   -5.406e-02
  341     341.000s     5.874e-01     5.335e-01   -5.394e-02
  342     342.000s     5.861e-01     5.323e-01   -5.373e-02
  343     343.000s     5.843e-01     5.312e-01   -5.316e-02
  344     344.000s     5.825e-01     5.300e-01   -5.242e-02
  345     345.000s     5.810e-01     5.289e-01   -5.211e-02
  346     346.000s     5.801e-01     5.278e-01   -5.235e-02
  347     347.000s     5.793e-01     5.266e-01   -5.267e-02
  348     348.000s     5.782e-01     5.255e-01   -5.269e-02
  349     349.000s     5.771e-01     5.244e-01   -5.267e-02
  350     350.000s     5.762e-01     5.233e-01   -5.298e-02
  351     351.000s     5.755e-01     5.221e-01   -5.340e-02
  352     352.000s     5.744e-01     5.210e-01   -5.337e-02
  353     353.000s     5.727e-01     5.199e-01   -5.282e-02
  354     354.000s     5.711e-01     5.188e-01   -5.230e-02
  355     355.000s     5.700e-01     5.177e-01   -5.231e-02
  356     356.000s     5.693e-01     5.166e-01   -5.279e-02
  357     357.000s     5.689e-01     5.154e-01   -5.345e-02
  358     358.000s     5.684e-01     5.143e-01   -5.403e-02
  359     359.000s     5.675e-01     5.132e-01   -5.426e-02
  360     360.000s     5.660e-01     5.121e-01   -5.391e-02
  361     361.000s     5.642e-01     5.110e-01   -5.316e-02
  362     362.000s     5.624e-01     5.099e-01   -5.250e-02
  363     363.000s     5.611e-01     5.088e-01   -5.224e-02
  364     364.000s     5.599e-01     5.077e-01   -5.214e-02
  365     365.000s     5.585e-01     5.067e-01   -5.188e-02
  366     366.000s     5.571e-01     5.056e-01   -5.155e-02
  367     367.000s     5.560e-01     5.045e-01   -5.150e-02
  368     368.000s     5.551e-01     5.034e-01   -5.166e-02
  369     369.000s     5.539e-01     5.023e-01   -5.158e-02
  370     370.000s     5.523e-01     5.012e-01   -5.110e-02
  371     371.000s     5.507e-01     5.002e-01   -5.057e-02
  372     372.000s     5.495e-01     4.991e-01   -5.036e-02
  373     373.000s     5.485e-01     4.980e-01   -5.043e-02
  374     374.000s     5.476e-01     4.969e-01   -5.061e-02
  375     375.000s     5.468e-01     4.959e-01   -5.088e-02
  376     376.000s     5.461e-01     4.948e-01   -5.126e-02
  377     377.000s     5.454e-01     4.938e-01   -5.160e-02
  378     378.000s     5.444e-01     4.927e-01   -5.169e-02
  379     379.000s     5.432e-01     4.916e-01   -5.160e-02
  380     380.000s     5.421e-01     4.906e-01   -5.152e-02
  381     381.000s     5.411e-01     4.895e-01   -5.153e-02
  382     382.000s     5.401e-01     4.885e-01   -5.159e-02
  383     383.000s     5.392e-01     4.874e-01   -5.174e-02
  384     384.000s     5.384e-01     4.864e-01   -5.206e-02
  385     385.000s     5.377e-01     4.853e-01   -5.235e-02
  386     386.000s     5.366e-01     4.843e-01   -5.225e-02
  387     387.000s     5.350e-01     4.833e-01   -5.177e-02
  388     388.000s     5.335e-01     4.822e-01   -5.123e-02
  389     389.000s     5.320e-01     4.812e-01   -5.087e-02
  390     390.000s     5.306e-01     4.802e-01   -5.049e-02
  391     391.000s     5.290e-01     4.791e-01   -4.992e-02
  392     392.000s     5.275e-01     4.781e-01   -4.942e-02
  393     393.000s     5.265e-01     4.771e-01   -4.943e-02
  394     394.000s     5.260e-01     4.760e-01   -5.000e-02
  395     395.000s     5.258e-01     4.750e-01   -5.074e-02
  396     396.000s     5.252e-01     4.740e-01   -5.125e-02
  397     397.000s     5.243e-01     4.730e-01   -5.136e-02
  398     398.000s     5.230e-01     4.720e-01   -5.099e-02
  399     399.000s     5.211e-01     4.710e-01   -5.013e-02
  400     400.000s     5.189e-01     4.699e-01   -4.892e-02
  401     401.000s     5.167e-01     4.689e-01   -4.774e-02
  402     402.000s     5.148e-01     4.679e-01   -4.687e-02
  403     403.000s     5.132e-01     4.669e-01   -4.627e-02
  404     404.000s     5.117e-01     4.659e-01   -4.578e-02
  405     405.000s     5.103e-01     4.649e-01   -4.542e-02
  406     406.000s     5.093e-01     4.639e-01   -4.538e-02
  407     407.000s     5.087e-01     4.629e-01   -4.577e-02
  408     408.000s     5.084e-01     4.619e-01   -4.646e-02
  409     409.000s     5.081e-01     4.609e-01   -4.712e-02
  410     410.000s     5.074e-01     4.599e-01   -4.741e-02
  411     411.000s     5.062e-01     4.590e-01   -4.720e-02
  412     412.000s     5.047e-01     4.580e-01   -4.671e-02
  413     413.000s     5.034e-01     4.570e-01   -4.640e-02
  414     414.000s     5.025e-01     4.560e-01   -4.653e-02
  415     415.000s     5.020e-01     4.550e-01   -4.693e-02
  416     416.000s     5.011e-01     4.541e-01   -4.709e-02
  417     417.000s     4.998e-01     4.531e-01   -4.670e-02
  418     418.000s     4.980e-01     4.521e-01   -4.590e-02
  419     419.000s     4.963e-01     4.511e-01   -4.513e-02
  420     420.000s     4.949e-01     4.502e-01   -4.474e-02
  421     421.000s     4.940e-01     4.492e-01   -4.478e-02
  422     422.000s     4.932e-01     4.482e-01   -4.500e-02
  423     423.000s     4.923e-01     4.473e-01   -4.503e-02
  424     424.000s     4.911e-01     4.463e-01   -4.476e-02
  425     425.000s     4.898e-01     4.454e-01   -4.444e-02
  426     426.000s     4.888e-01     4.444e-01   -4.436e-02
  427     427.000s     4.879e-01     4.434e-01   -4.446e-02
  428     428.000s     4.868e-01     4.425e-01   -4.430e-02
  429     429.000s     4.853e-01     4.415e-01   -4.371e-02
  430     430.000s     4.836e-01     4.406e-01   -4.296e-02
  431     431.000s     4.820e-01     4.397e-01   -4.235e-02
  432     432.000s     4.805e-01     4.387e-01   -4.178e-02
  433     433.000s     4.787e-01     4.378e-01   -4.098e-02
  434     434.000s     4.769e-01     4.368e-01   -4.011e-02
  435     435.000s     4.756e-01     4.359e-01   -3.970e-02
  436     436.000s     4.750e-01     4.350e-01   -4.002e-02
  437     437.000s     4.748e-01     4.340e-01   -4.074e-02
  438     438.000s     4.744e-01     4.331e-01   -4.134e-02
  439     439.000s     4.738e-01     4.322e-01   -4.163e-02
  440     440.000s     4.730e-01     4.312e-01   -4.174e-02
  441     441.000s     4.720e-01     4.303e-01   -4.173e-02
  442     442.000s     4.709e-01     4.294e-01   -4.153e-02
  443     443.000s     4.697e-01     4.285e-01   -4.120e-02
  444     444.000s     4.685e-01     4.275e-01   -4.096e-02
  445     445.000s     4.675e-01     4.266e-01   -4.091e-02
  446     446.000s     4.666e-01     4.257e-01   -4.085e-02
  447     447.000s     4.653e-01     4.248e-01   -4.053e-02
  448     448.000s     4.638e-01     4.239e-01   -3.994e-02
  449     449.000s     4.623e-01     4.230e-01   -3.929e-02
  450     450.000s     4.609e-01     4.221e-01   -3.884e-02
  451     451.000s     4.599e-01     4.212e-01   -3.873e-02
  452     452.000s     4.592e-01     4.202e-01   -3.891e-02
  453     453.000s     4.585e-01     4.193e-01   -3.917e-02
  454     454.000s     4.577e-01     4.184e-01   -3.929e-02
  455     455.000s     4.567e-01     4.175e-01   -3.920e-02
  456     456.000s     4.557e-01     4.167e-01   -3.904e-02
  457     457.000s     4.547e-01     4.158e-01   -3.897e-02
  458     458.000s     4.538e-01     4.149e-01   -3.890e-02
  459     459.000s     4.526e-01     4.140e-01   -3.865e-02
  460     460.000s     4.513e-01     4.131e-01   -3.827e-02
  461     461.000s     4.503e-01     4.122e-01   -3.805e-02
  462     462.000s     4.495e-01     4.113e-01   -3.820e-02
  463     463.000s     4.489e-01     4.104e-01   -3.843e-02
  464     464.000s     4.478e-01     4.095e-01   -3.823e-02
  465     465.000s     4.460e-01     4.087e-01   -3.737e-02
  466     466.000s     4.440e-01     4.078e-01   -3.625e-02
  467     467.000s     4.425e-01     4.069e-01   -3.556e-02
  468     468.000s     4.416e-01     4.060e-01   -3.559e-02
  469     469.000s     4.412e-01     4.052e-01   -3.598e-02
  470     470.000s     4.404e-01     4.043e-01   -3.615e-02
  471     471.000s     4.392e-01     4.034e-01   -3.581e-02
  472     472.000s     4.377e-01     4.026e-01   -3.516e-02
  473     473.000s     4.362e-01     4.017e-01   -3.449e-02
  474     474.000s     4.347e-01     4.008e-01   -3.389e-02
  475     475.000s     4.334e-01     4.000e-01   -3.339e-02
  476     476.000s     4.323e-01     3.991e-01   -3.317e-02
  477     477.000s     4.316e-01     3.983e-01   -3.333e-02
  478     478.000s     4.311e-01     3.974e-01   -3.369e-02
  479     479.000s     4.305e-01     3.966e-01   -3.390e-02
  480     480.000s     4.296e-01     3.957e-01   -3.386e-02
  481     481.000s     4.287e-01     3.949e-01   -3.380e-02
  482     482.000s     4.279e-01     3.940e-01   -3.392e-02
  483     483.000s     4.273e-01     3.932e-01   -3.410e-02
  484     484.000s     4.264e-01     3.923e-01   -3.413e-02
  485     485.000s     4.255e-01     3.915e-01   -3.403e-02
  486     486.000s     4.245e-01     3.906e-01   -3.387e-02
  487     487.000s     4.233e-01     3.898e-01   -3.351e-02
  488     488.000s     4.217e-01     3.890e-01   -3.271e-02
  489     489.000s     4.197e-01     3.881e-01   -3.158e-02
  490     490.000s     4.179e-01     3.873e-01   -3.065e-02
  491     491.000s     4.168e-01     3.865e-01   -3.035e-02
  492     492.000s     4.162e-01     3.856e-01   -3.060e-02
  493     493.000s     4.158e-01     3.848e-01   -3.099e-02
  494     494.000s     4.152e-01     3.840e-01   -3.121e-02
  495     495.000s     4.143e-01     3.832e-01   -3.114e-02
  496     496.000s     4.130e-01     3.823e-01   -3.071e-02
  497     497.000s     4.114e-01     3.815e-01   -2.991e-02
  498     498.000s     4.096e-01     3.807e-01   -2.889e-02
  499     499.000s     4.078e-01     3.799e-01   -2.794e-02
  500     500.000s     4.063e-01     3.791e-01   -2.726e-02
  501     501.000s     4.051e-01     3.782e-01   -2.689e-02
  502     502.000s     4.041e-01     3.774e-01   -2.668e-02
  503     503.000s     4.032e-01     3.766e-01   -2.654e-02
  504     504.000s     4.023e-01     3.758e-01   -2.645e-02
  505     505.000s     4.015e-01     3.750e-01   -2.651e-02
  506     506.000s     4.010e-01     3.742e-01   -2.676e-02
  507     507.000s     4.005e-01     3.734e-01   -2.709e-02
  508     508.000s     3.998e-01     3.726e-01   -2.722e-02
  509     509.000s     3.988e-01     3.718e-01   -2.704e-02
  510     510.000s     3.977e-01     3.710e-01   -2.675e-02
  511     511.000s     3.968e-01     3.702e-01   -2.659e-02
  512     512.000s     3.959e-01     3.694e-01   -2.651e-02
  513     513.000s     3.949e-01     3.686e-01   -2.626e-02
  514     514.000s     3.936e-01     3.678e-01   -2.583e-02
  515     515.000s     3.926e-01     3.670e-01   -2.554e-02
  516     516.000s     3.918e-01     3.662e-01   -2.552e-02
  517     517.000s     3.909e-01     3.655e-01   -2.544e-02
  518     518.000s     3.896e-01     3.647e-01   -2.495e-02
  519     519.000s     3.880e-01     3.639e-01   -2.415e-02
  520     520.000s     3.866e-01     3.631e-01   -2.348e-02
  521     521.000s     3.855e-01     3.623e-01   -2.317e-02
  522     522.000s     3.847e-01     3.615e-01   -2.316e-02
  523     523.000s     3.841e-01     3.608e-01   -2.335e-02
  524     524.000s     3.837e-01     3.600e-01   -2.374e-02
  525     525.000s     3.833e-01     3.592e-01   -2.411e-02
  526     526.000s     3.825e-01     3.585e-01   -2.400e-02
  527     527.000s     3.809e-01     3.577e-01   -2.321e-02
  528     528.000s     3.791e-01     3.569e-01   -2.215e-02
  529     529.000s     3.775e-01     3.562e-01   -2.136e-02
  530     530.000s     3.763e-01     3.554e-01   -2.093e-02
  531     531.000s     3.752e-01     3.546e-01   -2.058e-02
  532     532.000s     3.740e-01     3.539e-01   -2.015e-02
  533     533.000s     3.728e-01     3.531e-01   -1.968e-02
  534     534.000s     3.715e-01     3.523e-01   -1.916e-02
  535     535.000s     3.700e-01     3.516e-01   -1.846e-02
  536     536.000s     3.685e-01     3.508e-01   -1.762e-02
  537     537.000s     3.671e-01     3.501e-01   -1.703e-02
  538     538.000s     3.663e-01     3.493e-01   -1.694e-02
  539     539.000s     3.657e-01     3.486e-01   -1.710e-02
  540     540.000s     3.648e-01     3.478e-01   -1.694e-02
  541     541.000s     3.633e-01     3.471e-01   -1.619e-02
  542     542.000s     3.615e-01     3.463e-01   -1.515e-02
  543     543.000s     3.600e-01     3.456e-01   -1.441e-02
  544     544.000s     3.592e-01     3.449e-01   -1.436e-02
  545     545.000s     3.589e-01     3.441e-01   -1.479e-02
  546     546.000s     3.585e-01     3.434e-01   -1.511e-02
  547     547.000s     3.576e-01     3.426e-01   -1.495e-02
  548     548.000s     3.565e-01     3.419e-01   -1.464e-02
  549     549.000s     3.559e-01     3.412e-01   -1.478e-02
  550     550.000s     3.559e-01     3.404e-01   -1.543e-02
  551     551.000s     3.555e-01     3.397e-01   -1.579e-02
  552     552.000s     3.541e-01     3.390e-01   -1.516e-02
  553     553.000s     3.520e-01     3.382e-01   -1.375e-02
  554     554.000s     3.500e-01     3.375e-01   -1.245e-02
  555     555.000s     3.485e-01     3.368e-01   -1.172e-02
  556     556.000s     3.474e-01     3.361e-01   -1.132e-02
  557     557.000s     3.464e-01     3.354e-01   -1.100e-02
  558     558.000s     3.455e-01     3.346e-01   -1.090e-02
  559     559.000s     3.450e-01     3.339e-01   -1.114e-02
  560     560.000s     3.446e-01     3.332e-01   -1.141e-02
  561     561.000s     3.439e-01     3.325e-01   -1.139e-02
  562     562.000s     3.430e-01     3.318e-01   -1.126e-02
  563     563.000s     3.425e-01     3.311e-01   -1.144e-02
  564     564.000s     3.422e-01     3.303e-01   -1.186e-02
  565     565.000s     3.416e-01     3.296e-01   -1.192e-02
  566     566.000s     3.403e-01     3.289e-01   -1.134e-02
  567     567.000s     3.387e-01     3.282e-01   -1.050e-02
  568     568.000s     3.374e-01     3.275e-01   -9.852e-03
  569     569.000s     3.362e-01     3.268e-01   -9.352e-03
  570     570.000s     3.349e-01     3.261e-01   -8.758e-03
  571     571.000s     3.335e-01     3.254e-01   -8.125e-03
  572     572.000s     3.324e-01     3.247e-01   -7.732e-03
  573     573.000s     3.317e-01     3.240e-01   -7.676e-03
  574     574.000s     3.311e-01     3.233e-01   -7.810e-03
  575     575.000s     3.306e-01     3.226e-01   -7.979e-03
  576     576.000s     3.300e-01     3.219e-01   -8.064e-03
  577     577.000s     3.292e-01     3.212e-01   -7.914e-03
  578     578.000s     3.281e-01     3.206e-01   -7.517e-03
  579     579.000s     3.270e-01     3.199e-01   -7.172e-03
  580     580.000s     3.263e-01     3.192e-01   -7.127e-03
  581     581.000s     3.256e-01     3.185e-01   -7.082e-03
  582     582.000s     3.243e-01     3.178e-01   -6.471e-03
  583     583.000s     3.225e-01     3.171e-01   -5.336e-03
  584     584.000s     3.209e-01     3.164e-01   -4.500e-03
  585     585.000s     3.203e-01     3.158e-01   -4.566e-03
  586     586.000s     3.202e-01     3.151e-01   -5.066e-03
  587     587.000s     3.194e-01     3.144e-01   -4.989e-03
  588     588.000s     3.178e-01     3.137e-01   -4.032e-03
  589     589.000s     3.160e-01     3.131e-01   -2.894e-03
  590     590.000s     3.147e-01     3.124e-01   -2.343e-03
  591     591.000s     3.141e-01     3.117e-01   -2.391e-03
  592     592.000s     3.136e-01     3.110e-01   -2.510e-03
  593     593.000s     3.127e-01     3.104e-01   -2.335e-03
  594     594.000s     3.116e-01     3.097e-01   -1.905e-03
  595     595.000s     3.104e-01     3.091e-01   -1.394e-03
  596     596.000s     3.093e-01     3.084e-01   -8.694e-04
  597     597.000s     3.080e-01     3.077e-01   -2.809e-04
  598     598.000s     3.066e-01     3.071e-01    4.470e-04
  599     599.000s     3.051e-01     3.064e-01    1.284e-03
  600     600.000s     3.038e-01     3.057e-01    1.965e-03
  601     601.000s     3.030e-01     3.051e-01    2.107e-03
  602     602.000s     3.028e-01     3.044e-01    1.604e-03
  603     603.000s     3.029e-01     3.038e-01    8.496e-04
  604     604.000s     3.027e-01     3.031e-01    3.969e-04
  605     605.000s     3.020e-01     3.025e-01    4.311e-04
  606     606.000s     3.011e-01     3.018e-01    7.376e-04
  607     607.000s     3.000e-01     3.012e-01    1.144e-03
  608     608.000s     2.988e-01     3.005e-01    1.748e-03
  609     609.000s     2.973e-01     2.999e-01    2.634e-03
  610     610.000s     2.957e-01     2.992e-01    3.546e-03
  611     611.000s     2.945e-01     2.986e-01    4.061e-03
  612     612.000s     2.939e-01     2.980e-01    4.026e-03
  613     613.000s     2.936e-01     2.973e-01    3.742e-03
  614     614.000s     2.930e-01     2.967e-01    3.716e-03
  615     615.000s     2.918e-01     2.960e-01    4.243e-03
  616     616.000s     2.903e-01     2.954e-01    5.151e-03
  617     617.000s     2.889e-01     2.948e-01    5.903e-03
  618     618.000s     2.881e-01     2.941e-01    6.078e-03
  619     619.000s     2.877e-01     2.935e-01    5.834e-03
  620     620.000s     2.871e-01     2.929e-01    5.809e-03
  621     621.000s     2.858e-01     2.923e-01    6.444e-03
  622     622.000s     2.842e-01     2.916e-01    7.460e-03
  623     623.000s     2.828e-01     2.910e-01    8.182e-03
  624     624.000s     2.821e-01     2.904e-01    8.309e-03
  625     625.000s     2.816e-01     2.898e-01    8.169e-03
  626     626.000s     2.809e-01     2.891e-01    8.200e-03
  627     627.000s     2.801e-01     2.885e-01    8.412e-03
  628     628.000s     2.794e-01     2.879e-01    8.500e-03
  629     629.000s     2.790e-01     2.873e-01    8.321e-03
  630     630.000s     2.786e-01     2.867e-01    8.077e-03
  631     631.000s     2.780e-01     2.860e-01    8.055e-03
  632     632.000s     2.771e-01     2.854e-01    8.333e-03
  633     633.000s     2.761e-01     2.848e-01    8.742e-03
  634     634.000s     2.752e-01     2.842e-01    9.025e-03
  635     635.000s     2.745e-01     2.836e-01    9.051e-03
  636     636.000s     2.740e-01     2.830e-01    8.973e-03
  637     637.000s     2.733e-01     2.824e-01    9.117e-03
  638     638.000s     2.721e-01     2.818e-01    9.631e-03
  639     639.000s     2.709e-01     2.812e-01    1.027e-02
  640     640.000s     2.699e-01     2.806e-01    1.069e-02
  641     641.000s     2.691e-01     2.800e-01    1.085e-02
  642     642.000s     2.683e-01     2.794e-01    1.107e-02
  643     643.000s     2.672e-01     2.788e-01    1.155e-02
  644     644.000s     2.660e-01     2.782e-01    1.211e-02
  645     645.000s     2.650e-01     2.776e-01    1.255e-02
  646     646.000s     2.640e-01     2.770e-01    1.298e-02
  647     647.000s     2.627e-01     2.764e-01    1.365e-02
  648     648.000s     2.614e-01     2.758e-01    1.439e-02
  649     649.000s     2.604e-01     2.752e-01    1.477e-02
  650     650.000s     2.599e-01     2.746e-01    1.468e-02
  651     651.000s     2.594e-01     2.740e-01    1.460e-02
  652     652.000s     2.583e-01     2.734e-01    1.509e-02
  653     653.000s     2.567e-01     2.728e-01    1.616e-02
  654     654.000s     2.549e-01     2.722e-01    1.736e-02
  655     655.000s     2.534e-01     2.717e-01    1.828e-02
  656     656.000s     2.522e-01     2.711e-01    1.884e-02
  657     657.000s     2.514e-01     2.705e-01    1.906e-02
  658     658.000s     2.510e-01     2.699e-01    1.890e-02
  659     659.000s     2.509e-01     2.693e-01    1.848e-02
  660     660.000s     2.506e-01     2.688e-01    1.817e-02
  661     661.000s     2.498e-01     2.682e-01    1.836e-02
  662     662.000s     2.486e-01     2.676e-01    1.902e-02
  663     663.000s     2.473e-01     2.670e-01    1.975e-02
  664     664.000s     2.462e-01     2.665e-01    2.022e-02
  665     665.000s     2.455e-01     2.659e-01    2.037e-02
  666     666.000s     2.449e-01     2.653e-01    2.038e-02
  667     667.000s     2.443e-01     2.647e-01    2.040e-02
  668     668.000s     2.436e-01     2.642e-01    2.057e-02
  669     669.000s     2.426e-01     2.636e-01    2.096e-02
  670     670.000s     2.415e-01     2.630e-01    2.155e-02
  671     671.000s     2.403e-01     2.625e-01    2.215e-02
  672     672.000s     2.393e-01     2.619e-01    2.264e-02
  673     673.000s     2.382e-01     2.614e-01    2.310e-02
  674     674.000s     2.372e-01     2.608e-01    2.358e-02
  675     675.000s     2.364e-01     2.602e-01    2.388e-02
  676     676.000s     2.358e-01     2.597e-01    2.383e-02
  677     677.000s     2.354e-01     2.591e-01    2.367e-02
  678     678.000s     2.346e-01     2.586e-01    2.396e-02
  679     679.000s     2.330e-01     2.580e-01    2.499e-02
  680     680.000s     2.311e-01     2.574e-01    2.633e-02
  681     681.000s     2.295e-01     2.569e-01    2.735e-02
  682     682.000s     2.285e-01     2.563e-01    2.784e-02
  683     683.000s     2.277e-01     2.558e-01    2.809e-02
  684     684.000s     2.269e-01     2.552e-01    2.837e-02
  685     685.000s     2.261e-01     2.547e-01    2.859e-02
  686     686.000s     2.255e-01     2.541e-01    2.867e-02
  687     687.000s     2.248e-01     2.536e-01    2.877e-02
  688     688.000s     2.240e-01     2.531e-01    2.909e-02
  689     689.000s     2.231e-01     2.525e-01    2.946e-02
  690     690.000s     2.224e-01     2.520e-01    2.958e-02
  691     691.000s     2.220e-01     2.514e-01    2.941e-02
  692     692.000s     2.216e-01     2.509e-01    2.928e-02
  693     693.000s     2.209e-01     2.504e-01    2.947e-02
  694     694.000s     2.198e-01     2.498e-01    2.999e-02
  695     695.000s     2.186e-01     2.493e-01    3.066e-02
  696     696.000s     2.174e-01     2.487e-01    3.134e-02
  697     697.000s     2.163e-01     2.482e-01    3.193e-02
  698     698.000s     2.154e-01     2.477e-01    3.232e-02
  699     699.000s     2.145e-01     2.471e-01    3.260e-02
  700     700.000s     2.136e-01     2.466e-01    3.298e-02
  701     701.000s     2.126e-01     2.461e-01    3.354e-02
  702     702.000s     2.115e-01     2.456e-01    3.405e-02
  703     703.000s     2.108e-01     2.450e-01    3.424e-02
  704     704.000s     2.104e-01     2.445e-01    3.410e-02
  705     705.000s     2.102e-01     2.440e-01    3.382e-02
  706     706.000s     2.099e-01     2.435e-01    3.355e-02
  707     707.000s     2.096e-01     2.429e-01    3.334e-02
  708     708.000s     2.091e-01     2.424e-01    3.330e-02
  709     709.000s     2.083e-01     2.419e-01    3.361e-02
  710     710.000s     2.072e-01     2.414e-01    3.422e-02
  711     711.000s     2.060e-01     2.409e-01    3.486e-02
  712     712.000s     2.050e-01     2.403e-01    3.534e-02
  713     713.000s     2.040e-01     2.398e-01    3.582e-02
  714     714.000s     2.028e-01     2.393e-01    3.654e-02
  715     715.000s     2.014e-01     2.388e-01    3.742e-02
  716     716.000s     2.001e-01     2.383e-01    3.814e-02
  717     717.000s     1.993e-01     2.378e-01    3.851e-02
  718     718.000s     1.986e-01     2.373e-01    3.864e-02
  719     719.000s     1.980e-01     2.367e-01    3.876e-02
  720     720.000s     1.973e-01     2.362e-01    3.896e-02
  721     721.000s     1.966e-01     2.357e-01    3.916e-02
  722     722.000s     1.960e-01     2.352e-01    3.925e-02
  723     723.000s     1.955e-01     2.347e-01    3.921e-02
  724     724.000s     1.951e-01     2.342e-01    3.917e-02
  725     725.000s     1.944e-01     2.337e-01    3.928e-02
  726     726.000s     1.936e-01     2.332e-01    3.957e-02
  727     727.000s     1.927e-01     2.327e-01    3.998e-02
  728     728.000s     1.917e-01     2.322e-01    4.052e-02
  729     729.000s     1.904e-01     2.317e-01    4.134e-02
  730     730.000s     1.889e-01     2.312e-01    4.234e-02
  731     731.000s     1.877e-01     2.307e-01    4.304e-02
  732     732.000s     1.872e-01     2.302e-01    4.307e-02
  733     733.000s     1.869e-01     2.297e-01    4.280e-02
  734     734.000s     1.862e-01     2.292e-01    4.303e-02
  735     735.000s     1.848e-01     2.287e-01    4.392e-02
  736     736.000s     1.835e-01     2.283e-01    4.476e-02
  737     737.000s     1.829e-01     2.278e-01    4.490e-02
  738     738.000s     1.826e-01     2.273e-01    4.470e-02
  739     739.000s     1.819e-01     2.268e-01    4.492e-02
  740     740.000s     1.807e-01     2.263e-01    4.562e-02
  741     741.000s     1.797e-01     2.258e-01    4.612e-02
  742     742.000s     1.793e-01     2.253e-01    4.602e-02
  743     743.000s     1.791e-01     2.248e-01    4.575e-02
  744     744.000s     1.786e-01     2.244e-01    4.579e-02
  745     745.000s     1.779e-01     2.239e-01    4.603e-02
  746     746.000s     1.772e-01     2.234e-01    4.615e-02
  747     747.000s     1.766e-01     2.229e-01    4.635e-02
  748     748.000s     1.754e-01     2.224e-01    4.700e-02
  749     749.000s     1.740e-01     2.220e-01    4.796e-02
  750     750.000s     1.729e-01     2.215e-01    4.859e-02
  751     751.000s     1.724e-01     2.210e-01    4.857e-02
  752     752.000s     1.723e-01     2.205e-01    4.824e-02
  753     753.000s     1.720e-01     2.201e-01    4.806e-02
  754     754.000s     1.713e-01     2.196e-01    4.829e-02
  755     755.000s     1.701e-01     2.191e-01    4.904e-02
  756     756.000s     1.684e-01     2.187e-01    5.028e-02
  757     757.000s     1.667e-01     2.182e-01    5.153e-02
  758     758.000s     1.657e-01     2.177e-01    5.199e-02
  759     759.000s     1.658e-01     2.172e-01    5.147e-02
  760     760.000s     1.660e-01     2.168e-01    5.080e-02
  761     761.000s     1.654e-01     2.163e-01    5.091e-02
  762     762.000s     1.641e-01     2.158e-01    5.175e-02
  763     763.000s     1.629e-01     2.154e-01    5.253e-02
  764     764.000s     1.621e-01     2.149e-01    5.285e-02
  765     765.000s     1.613e-01     2.145e-01    5.313e-02
  766     766.000s     1.602e-01     2.140e-01    5.377e-02
  767     767.000s     1.590e-01     2.135e-01    5.452e-02
  768     768.000s     1.581e-01     2.131e-01    5.495e-02
  769     769.000s     1.576e-01     2.126e-01    5.498e-02
  770     770.000s     1.573e-01     2.122e-01    5.486e-02
  771     771.000s     1.571e-01     2.117e-01    5.464e-02
  772     772.000s     1.569e-01     2.113e-01    5.437e-02
  773     773.000s     1.565e-01     2.108e-01    5.432e-02
  774     774.000s     1.556e-01     2.104e-01    5.479e-02
  775     775.000s     1.542e-01     2.099e-01    5.571e-02
  776     776.000s     1.527e-01     2.095e-01    5.672e-02
  777     777.000s     1.513e-01     2.090e-01    5.766e-02
  778     778.000s     1.500e-01     2.086e-01    5.857e-02
  779     779.000s     1.488e-01     2.081e-01    5.931e-02
  780     780.000s     1.481e-01     2.077e-01    5.958e-02
  781     781.000s     1.477e-01     2.072e-01    5.950e-02
  782     782.000s     1.471e-01     2.068e-01    5.967e-02
  783     783.000s     1.459e-01     2.063e-01    6.044e-02
  784     784.000s     1.445e-01     2.059e-01    6.136e-02
  785     785.000s     1.437e-01     2.054e-01    6.171e-02
  786     786.000s     1.436e-01     2.050e-01    6.139e-02
  787     787.000s     1.435e-01     2.046e-01    6.103e-02
  788     788.000s     1.429e-01     2.041e-01    6.124e-02
  789     789.000s     1.417e-01     2.037e-01    6.198e-02
  790     790.000s     1.405e-01     2.032e-01    6.274e-02
  791     791.000s     1.398e-01     2.028e-01    6.304e-02
  792     792.000s     1.395e-01     2.024e-01    6.285e-02
  793     793.000s     1.394e-01     2.019e-01    6.258e-02
  794     794.000s     1.387e-01     2.015e-01    6.276e-02
  795     795.000s     1.377e-01     2.011e-01    6.336e-02
  796     796.000s     1.368e-01     2.006e-01    6.381e-02
  797     797.000s     1.365e-01     2.002e-01    6.366e-02
  798     798.000s     1.366e-01     1.998e-01    6.319e-02
  799     799.000s     1.363e-01     1.993e-01    6.308e-02
  800     800.000s     1.354e-01     1.989e-01    6.351e-02
  801     801.000s     1.345e-01     1.985e-01    6.398e-02
  802     802.000s     1.339e-01     1.981e-01    6.418e-02
  803     803.000s     1.332e-01     1.976e-01    6.444e-02
  804     804.000s     1.320e-01     1.972e-01    6.518e-02
  805     805.000s     1.306e-01     1.968e-01    6.622e-02
  806     806.000s     1.293e-01     1.964e-01    6.704e-02
  807     807.000s     1.285e-01     1.960e-01    6.747e-02
  808     808.000s     1.278e-01     1.955e-01    6.769e-02
  809     809.000s     1.274e-01     1.951e-01    6.769e-02
  810     810.000s     1.275e-01     1.947e-01    6.723e-02
  811     811.000s     1.277e-01     1.943e-01    6.655e-02
  812     812.000s     1.275e-01     1.939e-01    6.639e-02
  813     813.000s     1.263e-01     1.934e-01    6.711e-02
  814     814.000s     1.248e-01     1.930e-01    6.818e-02
  815     815.000s     1.239e-01     1.926e-01    6.873e-02
  816     816.000s     1.235e-01     1.922e-01    6.870e-02
  817     817.000s     1.230e-01     1.918e-01    6.876e-02
  818     818.000s     1.219e-01     1.914e-01    6.951e-02
  819     819.000s     1.202e-01     1.910e-01    7.080e-02
  820     820.000s     1.185e-01     1.906e-01    7.207e-02
  821     821.000s     1.173e-01     1.901e-01    7.282e-02
  822     822.000s     1.168e-01     1.897e-01    7.291e-02
  823     823.000s     1.168e-01     1.893e-01    7.255e-02
  824     824.000s     1.167e-01     1.889e-01    7.218e-02
  825     825.000s     1.164e-01     1.885e-01    7.209e-02
  826     826.000s     1.158e-01     1.881e-01    7.231e-02
  827     827.000s     1.150e-01     1.877e-01    7.273e-02
  828     828.000s     1.140e-01     1.873e-01    7.334e-02
  829     829.000s     1.128e-01     1.869e-01    7.407e-02
  830     830.000s     1.120e-01     1.865e-01    7.449e-02
  831     831.000s     1.119e-01     1.861e-01    7.424e-02
  832     832.000s     1.120e-01     1.857e-01    7.366e-02
  833     833.000s     1.116e-01     1.853e-01    7.367e-02
  834     834.000s     1.103e-01     1.849e-01    7.460e-02
  835     835.000s     1.087e-01     1.845e-01    7.577e-02
  836     836.000s     1.077e-01     1.841e-01    7.643e-02
  837     837.000s     1.070e-01     1.837e-01    7.675e-02
  838     838.000s     1.059e-01     1.833e-01    7.740e-02
  839     839.000s     1.046e-01     1.829e-01    7.831e-02
  840     840.000s     1.038e-01     1.825e-01    7.877e-02
  841     841.000s     1.036e-01     1.821e-01    7.852e-02
  842     842.000s     1.035e-01     1.818e-01    7.822e-02
  843     843.000s     1.030e-01     1.814e-01    7.836e-02
  844     844.000s     1.024e-01     1.810e-01    7.852e-02
  845     845.000s     1.025e-01     1.806e-01    7.813e-02
  846     846.000s     1.026e-01     1.802e-01    7.755e-02
  847     847.000s     1.021e-01     1.798e-01    7.770e-02
  848     848.000s     1.007e-01     1.794e-01    7.872e-02
  849     849.000s     9.920e-02     1.790e-01    7.983e-02
  850     850.000s     9.816e-02     1.787e-01    8.049e-02
  851     851.000s     9.728e-02     1.783e-01    8.099e-02
  852     852.000s     9.608e-02     1.779e-01    8.180e-02
  853     853.000s     9.480e-02     1.775e-01    8.270e-02
  854     854.000s     9.403e-02     1.771e-01    8.310e-02
  855     855.000s     9.389e-02     1.767e-01    8.285e-02
  856     856.000s     9.398e-02     1.764e-01    8.238e-02
  857     857.000s     9.383e-02     1.760e-01    8.215e-02
  858     858.000s     9.328e-02     1.756e-01    8.233e-02
  859     859.000s     9.232e-02     1.752e-01    8.291e-02
  860     860.000s     9.113e-02     1.749e-01    8.373e-02
  861     861.000s     9.011e-02     1.745e-01    8.437e-02
  862     862.000s     8.960e-02     1.741e-01    8.450e-02
  863     863.000s     8.941e-02     1.737e-01    8.432e-02
  864     864.000s     8.895e-02     1.734e-01    8.441e-02
  865     865.000s     8.789e-02     1.730e-01    8.509e-02
  866     866.000s     8.656e-02     1.726e-01    8.605e-02
  867     867.000s     8.546e-02     1.722e-01    8.678e-02
  868     868.000s     8.481e-02     1.719e-01    8.707e-02
  869     869.000s     8.453e-02     1.715e-01    8.697e-02
  870     870.000s     8.450e-02     1.711e-01    8.663e-02
  871     871.000s     8.449e-02     1.708e-01    8.628e-02
  872     872.000s     8.415e-02     1.704e-01    8.625e-02
  873     873.000s     8.340e-02     1.700e-01    8.664e-02
  874     874.000s     8.267e-02     1.697e-01    8.700e-02
  875     875.000s     8.253e-02     1.693e-01    8.677e-02
  876     876.000s     8.297e-02     1.689e-01    8.598e-02
  877     877.000s     8.336e-02     1.686e-01    8.522e-02
  878     878.000s     8.327e-02     1.682e-01    8.495e-02
  879     879.000s     8.276e-02     1.679e-01    8.510e-02
  880     880.000s     8.207e-02     1.675e-01    8.542e-02
  881     881.000s     8.119e-02     1.671e-01    8.595e-02
  882     882.000s     8.008e-02     1.668e-01    8.670e-02
  883     883.000s     7.904e-02     1.664e-01    8.738e-02
  884     884.000s     7.843e-02     1.661e-01    8.764e-02
  885     885.000s     7.809e-02     1.657e-01    8.762e-02
  886     886.000s     7.744e-02     1.654e-01    8.791e-02
  887     887.000s     7.628e-02     1.650e-01    8.871e-02
  888     888.000s     7.512e-02     1.646e-01    8.952e-02
  889     889.000s     7.458e-02     1.643e-01    8.971e-02
  890     890.000s     7.459e-02     1.639e-01    8.935e-02
  891     891.000s     7.452e-02     1.636e-01    8.907e-02
  892     892.000s     7.391e-02     1.632e-01    8.932e-02
  893     893.000s     7.295e-02     1.629e-01    8.994e-02
  894     894.000s     7.201e-02     1.625e-01    9.052e-02
  895     895.000s     7.113e-02     1.622e-01    9.105e-02
  896     896.000s     6.998e-02     1.618e-01    9.186e-02
  897     897.000s     6.844e-02     1.615e-01    9.305e-02
  898     898.000s     6.695e-02     1.611e-01    9.419e-02
  899     899.000s     6.610e-02     1.608e-01    9.469e-02
  900     900.000s     6.607e-02     1.604e-01    9.438e-02
  901     901.000s     6.638e-02     1.601e-01    9.373e-02
  902     902.000s     6.642e-02     1.598e-01    9.334e-02
  903     903.000s     6.589e-02     1.594e-01    9.353e-02
  904     904.000s     6.492e-02     1.591e-01    9.416e-02
  905     905.000s     6.379e-02     1.587e-01    9.495e-02
  906     906.000s     6.264e-02     1.584e-01    9.575e-02
  907     907.000s     6.150e-02     1.581e-01    9.655e-02
  908     908.000s     6.037e-02     1.577e-01    9.734e-02
  909     909.000s     5.927e-02     1.574e-01    9.810e-02
  910     910.000s     5.829e-02     1.570e-01    9.875e-02
  911     911.000s     5.760e-02     1.567e-01    9.910e-02
  912     912.000s     5.736e-02     1.564e-01    9.901e-02
  913     913.000s     5.753e-02     1.560e-01    9.850e-02
  914     914.000s     5.781e-02     1.557e-01    9.788e-02
  915     915.000s     5.782e-02     1.554e-01    9.753e-02
  916     916.000s     5.745e-02     1.550e-01    9.758e-02
  917     917.000s     5.684e-02     1.547e-01    9.785e-02
  918     918.000s     5.620e-02     1.544e-01    9.816e-02
  919     919.000s     5.560e-02     1.540e-01    9.843e-02
  920     920.000s     5.498e-02     1.537e-01    9.871e-02
  921     921.000s     5.436e-02     1.534e-01    9.901e-02
  922     922.000s     5.377e-02     1.530e-01    9.927e-02
  923     923.000s     5.315e-02     1.527e-01    9.956e-02
  924     924.000s     5.237e-02     1.524e-01    1.000e-01
  925     925.000s     5.138e-02     1.521e-01    1.007e-01
  926     926.000s     5.038e-02     1.517e-01    1.013e-01
  927     927.000s     4.969e-02     1.514e-01    1.017e-01
  928     928.000s     4.939e-02     1.511e-01    1.017e-01
  929     929.000s     4.918e-02     1.508e-01    1.016e-01
  930     930.000s     4.860e-02     1.504e-01    1.018e-01
  931     931.000s     4.754e-02     1.501e-01    1.026e-01
  932     932.000s     4.645e-02     1.498e-01    1.033e-01
  933     933.000s     4.588e-02     1.495e-01    1.036e-01

============================================================

