61
9e-06 0 0
0 0 1
9151.14 2.73602e+08 16868
1.5e-05 0 0
0 0 1
9150 0 0
2.4e-05 0 0
0 0 1
9150 0 0
4e-05 0 0
0 0 1
9150 0 0
6.5e-05 0 0
0 0 1
9150 0 0
0.000107 0 0
0 0 1
9150 0 0
0.000176 0 0
0 0 1
9150 0 0
0.000289 0 0
0 0 1
9150 0 0
0.000475 0 0
0 0 1
9150 0 0
0.00078 0 0
0 0 1
9150 0 0
1.2e-05 0 0
0 0 1
9150 0 0
1.9e-05 0 0
0 0 1
9150 0 0
3.1e-05 0 0
0 0 1
9147.52 8.86966e+07 16296
5.1e-05 0 0
0 0 1
9150 0 0
8.4e-05 0 0
0 0 1
9150 0 0
0.000138 0 0
0 0 1
9150 0 0
0.000226 0 0
0 0 1
9150 0 0
0.000371 0 0
0 0 1
9150 0 0
0.000609 0 0
0 0 1
9150 0 0
0.001 0 0
0 0 1
9150 0 0
-1 0 0
